0.00390625	5.149268e-06
0.01171875	1.54458e-05
0.01953125	2.574413e-05
0.02734375	3.603981e-05
0.03515625	4.633881e-05
0.04296875	5.663346e-05
0.05078125	6.693335e-05
0.05859375	7.722684e-05
0.06640625	8.752786e-05
0.07421875	9.781999e-05
0.08203125	0.0001081224
0.08984375	0.0001184129
0.09765625	0.0001287172
0.1054688	0.0001390055
0.1132812	0.000149312
0.1210938	0.0001595978
0.1289062	0.0001699071
0.1367188	0.0001801897
0.1445312	0.0001905025
0.1523438	0.0002007813
0.1601562	0.0002110983
0.1679688	0.0002213725
0.1757812	0.0002316946
0.1835938	0.0002419633
0.1914062	0.0002522915
0.1992188	0.0002625538
0.2070312	0.0002728889
0.2148438	0.0002831438
0.2226562	0.000293487
0.2304688	0.0003037333
0.2382812	0.0003140857
0.2460938	0.0003243224
0.2539062	0.000334685
0.2617188	0.0003449109
0.2695312	0.0003552849
0.2773438	0.0003654993
0.2851562	0.0003758857
0.2929688	0.0003860877
0.3007812	0.0003964876
0.3085938	0.0004066764
0.3164062	0.0004170901
0.3242188	0.0004272646
0.3320312	0.0004376912
0.3398438	0.0004478483
0.3476562	0.0004582834
0.3554688	0.0004684155
0.3632812	0.0004788475
0.3710938	0.0004889375
0.3789062	0.0004993413
0.3867188	0.0005093564
0.3945312	0.0005196884
0.4023438	0.0005295783
0.4101562	0.0005397838
0.4179688	0.0005495073
0.4257812	0.0005595803
0.4335938	0.0005692215
0.4414062	0.0005794166
0.4492188	0.0005895524
0.4570312	0.0006009962
0.4648438	0.0006136633
0.4726562	0.00062973
0.4804688	0.000649739
0.4882812	0.000674335
0.4960938	0.0006933964
0.5039062	0.0006819468
0.5117188	0.0006721894
0.5195312	0.0006601276
0.5273438	0.0006496689
0.5351562	0.0006380952
0.5429688	0.000627663
0.5507812	0.0006161613
0.5585938	0.0006057054
0.5664062	0.0005942442
0.5742188	0.0005837577
0.5820312	0.0005723416
0.5898438	0.0005618208
0.5976562	0.0005504547
0.6054688	0.000539897
0.6132812	0.0005285843
0.6210938	0.0005179885
0.6289062	0.000506731
0.6367188	0.0004960975
0.6445312	0.0004848954
0.6523438	0.0004742259
0.6601562	0.0004630781
0.6679688	0.0004523751
0.6757812	0.0004412795
0.6835938	0.0004305466
0.6914062	0.0004195
0.6992188	0.0004087413
0.7070312	0.0003977401
0.7148438	0.0003869601
0.7226562	0.0003760001
0.7304688	0.0003652033
0.7382812	0.0003542801
0.7460938	0.0003434711
0.7539062	0.0003325803
0.7617188	0.0003217634
0.7695312	0.0003109006
0.7773438	0.0003000797
0.7851562	0.000289241
0.7929688	0.0002784194
0.8007812	0.0002676011
0.8085938	0.0002567817
0.8164062	0.0002459805
0.8242188	0.0002351655
0.8320312	0.0002243785
0.8398438	0.0002135697
0.8476562	0.0002027943
0.8554688	0.0001919928
0.8632812	0.000181227
0.8710938	0.0001704334
0.8789062	0.0001596752
0.8867188	0.0001488899
0.8945312	0.0001381377
0.9023438	0.0001273605
0.9101562	0.000116613
0.9179688	0.0001058434
0.9257812	9.509943e-05
0.9335938	8.433687e-05
0.9414062	7.359536e-05
0.9492188	6.283863e-05
0.9570312	5.209394e-05
0.9648438	4.130966e-05
0.9726562	3.039046e-05
0.9804688	1.899771e-05
0.9882812	8.260353e-06
0.9960938	1.882556e-05
