0.00390625	0.000639498
0.01171875	0.001907475
0.01953125	0.003180532
0.02734375	0.004459811
0.03515625	0.005748123
0.04296875	0.007047658
0.05078125	0.008360989
0.05859375	0.009690563
0.06640625	0.0110389
0.07421875	0.01240848
0.08203125	0.01380181
0.08984375	0.01522137
0.09765625	0.01666964
0.1054688	0.01814911
0.1132812	0.01966225
0.1210938	0.02121153
0.1289062	0.0227994
0.1367188	0.02442831
0.1445312	0.02610072
0.1523438	0.02781903
0.1601562	0.02958569
0.1679688	0.03140306
0.1757812	0.03327357
0.1835938	0.03519956
0.1914062	0.03718341
0.1992188	0.03922742
0.2070312	0.04133395
0.2148438	0.04350525
0.2226562	0.04574361
0.2304688	0.04805123
0.2382812	0.05043037
0.2460938	0.05288316
0.2539062	0.05541178
0.2617188	0.0580183
0.2695312	0.06070483
0.2773438	0.06347335
0.2851562	0.06632591
0.2929688	0.06926438
0.3007812	0.07229073
0.3085938	0.07540672
0.3164062	0.07861422
0.3242188	0.0819149
0.3320312	0.0853105
0.3398438	0.08880257
0.3476562	0.09239271
0.3554688	0.09608234
0.3632812	0.09987292
0.3710938	0.1037657
0.3789062	0.1077622
0.3867188	0.1118636
0.3945312	0.1160715
0.4023438	0.1203881
0.4101562	0.1248166
0.4179688	0.1293618
0.4257812	0.1340321
0.4335938	0.1388383
0.4414062	0.1437977
0.4492188	0.1489186
0.4570312	0.1542087
0.4648438	0.1595659
0.4726562	0.1647818
0.4804688	0.1689143
0.4882812	0.1702376
0.4960938	0.1644623
0.5039062	0.1498116
0.5117188	0.13608
0.5195312	0.1243783
0.5273438	0.1135395
0.5351562	0.1037082
0.5429688	0.0944789
0.5507812	0.08591979
0.5585938	0.07795287
0.5664062	0.07057407
0.5742188	0.06375429
0.5820312	0.05746934
0.5898438	0.05169317
0.5976562	0.04639832
0.6054688	0.04155771
0.6132812	0.03714372
0.6210938	0.03312916
0.6289062	0.0294871
0.6367188	0.02619125
0.6445312	0.02321608
0.6523438	0.02053688
0.6601562	0.01813001
0.6679688	0.01597286
0.6757812	0.014044
0.6835938	0.01232318
0.6914062	0.01079137
0.6992188	0.009430766
0.7070312	0.008224799
0.7148438	0.007158086
0.7226562	0.006216427
0.7304688	0.005386741
0.7382812	0.004657048
0.7460938	0.004016393
0.7539062	0.003454799
0.7617188	0.002963214
0.7695312	0.002533444
0.7773438	0.002158098
0.7851562	0.001830526
0.7929688	0.001544761
0.8007812	0.001295466
0.8085938	0.001077877
0.8164062	0.0008877512
0.8242188	0.000721324
0.8320312	0.0005752592
0.8398438	0.0004466125
0.8476562	0.000332788
0.8554688	0.0002315047
0.8632812	0.000140766
0.8710938	5.882959e-05
0.8789062	-1.582088e-05
0.8867188	-8.449598e-05
0.8945312	-0.0001483205
0.9023438	-0.0002082665
0.9101562	-0.0002651129
0.9179688	-0.0003196096
0.9257812	-0.0003721157
0.9335938	-0.0004235767
0.9414062	-0.0004737557
0.9492188	-0.0005270521
0.9570312	-0.0005853199
0.9648438	-0.0006764057
0.9726562	-0.0008277543
0.9804688	-0.00114604
0.9882812	-0.0009826722
0.9960938	0.0076141
