0.00390625	3.342246e-05
0.01171875	0.0001002249
0.01953125	0.0001670387
0.02734375	0.0002338235
0.03515625	0.0003006367
0.04296875	0.0003674125
0.05078125	0.000434231
0.05859375	0.0005009996
0.06640625	0.0005678252
0.07421875	0.0006345878
0.08203125	0.0007014207
0.08984375	0.0007681756
0.09765625	0.0008350163
0.1054688	0.0009017639
0.1132812	0.0009686127
0.1210938	0.001035351
0.1289062	0.001102209
0.1367188	0.001168939
0.1445312	0.001235806
0.1523438	0.001302526
0.1601562	0.001369402
0.1679688	0.001436112
0.1757812	0.001502999
0.1835938	0.001569697
0.1914062	0.001636595
0.1992188	0.001703282
0.2070312	0.001770191
0.2148438	0.001836865
0.2226562	0.001903787
0.2304688	0.001970448
0.2382812	0.002037382
0.2460938	0.00210403
0.2539062	0.002170977
0.2617188	0.002237611
0.2695312	0.002304571
0.2773438	0.002371191
0.2851562	0.002438165
0.2929688	0.002504771
0.3007812	0.002571758
0.3085938	0.002638351
0.3164062	0.002705351
0.3242188	0.00277193
0.3320312	0.002838944
0.3398438	0.00290551
0.3476562	0.002972536
0.3554688	0.003039088
0.3632812	0.003106127
0.3710938	0.003172666
0.3789062	0.003239716
0.3867188	0.003306245
0.3945312	0.00337331
0.4023438	0.003439843
0.4101562	0.00350695
0.4179688	0.003573539
0.4257812	0.003640775
0.4335938	0.003707566
0.4414062	0.003775137
0.4492188	0.003842372
0.4570312	0.003910418
0.4648438	0.003977704
0.4726562	0.004043918
0.4804688	0.004102844
0.4882812	0.004141271
0.4960938	0.004126237
0.5039062	0.004030777
0.5117188	0.00395642
0.5195312	0.003888116
0.5273438	0.003824231
0.5351562	0.003760423
0.5429688	0.003697158
0.5507812	0.003633388
0.5585938	0.003570021
0.5664062	0.003506212
0.5742188	0.003442817
0.5820312	0.003379012
0.5898438	0.003315606
0.5976562	0.003251813
0.6054688	0.003188396
0.6132812	0.003124615
0.6210938	0.003061188
0.6289062	0.002997421
0.6367188	0.00293398
0.6445312	0.002870228
0.6523438	0.002806775
0.6601562	0.002743038
0.6679688	0.002679571
0.6757812	0.002615849
0.6835938	0.002552369
0.6914062	0.002488663
0.6992188	0.002425169
0.7070312	0.002361477
0.7148438	0.00229797
0.7226562	0.002234293
0.7304688	0.002170773
0.7382812	0.00210711
0.7460938	0.002043577
0.7539062	0.001979927
0.7617188	0.001916383
0.7695312	0.001852744
0.7773438	0.00178919
0.7851562	0.001725562
0.7929688	0.001661998
0.8007812	0.00159838
0.8085938	0.001534808
0.8164062	0.001471198
0.8242188	0.001407619
0.8320312	0.001344017
0.8398438	0.001280432
0.8476562	0.001216836
0.8554688	0.001153246
0.8632812	0.001089655
0.8710938	0.001026062
0.8789062	0.0009624749
0.8867188	0.0008988785
0.8945312	0.0008352942
0.9023438	0.0007716963
0.9101562	0.0007081138
0.9179688	0.000644515
0.9257812	0.0005809342
0.9335938	0.0005173359
0.9414062	0.0004537501
0.9492188	0.0003901212
0.9570312	0.0003264153
0.9648438	0.0002624188
0.9726562	0.0001977671
0.9804688	0.0001320816
0.9882812	7.072191e-05
0.9960938	7.328529e-05
