0.00390625	1.645087e-05
0.01171875	4.93363e-05
0.01953125	8.222988e-05
0.02734375	0.0001151167
0.03515625	0.00014801
0.04296875	0.0001808971
0.05078125	0.0002137902
0.05859375	0.0002466779
0.06640625	0.0002795709
0.07421875	0.0003124589
0.08203125	0.0003453519
0.08984375	0.0003782405
0.09765625	0.0004111334
0.1054688	0.0004440225
0.1132812	0.0004769155
0.1210938	0.0005098051
0.1289062	0.0005426984
0.1367188	0.0005755885
0.1445312	0.0006084821
0.1523438	0.0006413727
0.1601562	0.0006742666
0.1679688	0.0007071577
0.1757812	0.0007400521
0.1835938	0.0007729435
0.1914062	0.0008058386
0.1992188	0.0008387304
0.2070312	0.0008716262
0.2148438	0.0009045182
0.2226562	0.0009374149
0.2304688	0.0009703071
0.2382812	0.001003205
0.2460938	0.001036097
0.2539062	0.001068996
0.2617188	0.001101888
0.2695312	0.001134788
0.2773438	0.00116768
0.2851562	0.001200581
0.2929688	0.001233472
0.3007812	0.001266375
0.3085938	0.001299266
0.3164062	0.00133217
0.3242188	0.00136506
0.3320312	0.001397966
0.3398438	0.001430854
0.3476562	0.001463761
0.3554688	0.001496648
0.3632812	0.001529555
0.3710938	0.001562439
0.3789062	0.001595345
0.3867188	0.001628226
0.3945312	0.001661136
0.4023438	0.001694031
0.4101562	0.001726989
0.4179688	0.001759994
0.4257812	0.001793187
0.4335938	0.00182663
0.4414062	0.001860559
0.4492188	0.001895065
0.4570312	0.001930194
0.4648438	0.00196525
0.4726562	0.001998336
0.4804688	0.002025043
0.4882812	0.002038305
0.4960938	0.002030528
0.5039062	0.002001674
0.5117188	0.001965555
0.5195312	0.001929147
0.5273438	0.001894449
0.5351562	0.001861342
0.5429688	0.001829154
0.5507812	0.001797472
0.5585938	0.001765956
0.5664062	0.00173454
0.5742188	0.001703107
0.5820312	0.001671703
0.5898438	0.001640263
0.5976562	0.001608848
0.6054688	0.001577402
0.6132812	0.001545982
0.6210938	0.001514536
0.6289062	0.001483114
0.6367188	0.001451667
0.6445312	0.001420244
0.6523438	0.001388798
0.6601562	0.001357374
0.6679688	0.001325929
0.6757812	0.001294503
0.6835938	0.001263059
0.6914062	0.001231632
0.6992188	0.001200188
0.7070312	0.00116876
0.7148438	0.001137317
0.7226562	0.001105888
0.7304688	0.001074445
0.7382812	0.001043016
0.7460938	0.001011573
0.7539062	0.0009801438
0.7617188	0.0009487002
0.7695312	0.000917271
0.7773438	0.0008858273
0.7851562	0.0008543979
0.7929688	0.0008229541
0.8007812	0.0007915246
0.8085938	0.0007600806
0.8164062	0.0007286511
0.8242188	0.0006972069
0.8320312	0.0006657774
0.8398438	0.0006343331
0.8476562	0.0006029036
0.8554688	0.0005714592
0.8632812	0.0005400297
0.8710938	0.0005085855
0.8789062	0.000477156
0.8867188	0.0004457124
0.8945312	0.0004142835
0.9023438	0.000382841
0.9101562	0.0003514109
0.9179688	0.0003199625
0.9257812	0.0002885109
0.9335938	0.0002570083
0.9414062	0.0002254343
0.9492188	0.0001936982
0.9570312	0.0001617427
0.9648438	0.0001295231
0.9726562	9.716598e-05
0.9804688	6.510739e-05
0.9882812	4.023949e-05
0.9960938	0.0001014028
