0.00390625	5.79013e-06
0.01171875	1.736355e-05
0.01953125	2.89449e-05
0.02734375	4.051449e-05
0.03515625	5.209997e-05
0.04296875	6.366483e-05
0.05078125	7.52551e-05
0.05859375	8.681443e-05
0.06640625	9.841057e-05
0.07421875	0.0001099632
0.08203125	0.0001215667
0.08984375	0.0001331111
0.09765625	0.0001447236
0.1054688	0.0001562578
0.1132812	0.0001678817
0.1210938	0.0001794032
0.1289062	0.0001910411
0.1367188	0.0002025472
0.1445312	0.0002142022
0.1523438	0.0002256895
0.1601562	0.0002373653
0.1679688	0.00024883
0.1757812	0.0002605306
0.1835938	0.0002719685
0.1914062	0.0002836984
0.1992188	0.0002951048
0.2070312	0.0003068689
0.2148438	0.0003182388
0.2226562	0.0003300421
0.2304688	0.0003413701
0.2382812	0.000353218
0.2460938	0.0003644989
0.2539062	0.0003763966
0.2617188	0.0003876252
0.2695312	0.0003995779
0.2773438	0.0004107494
0.2851562	0.000422762
0.2929688	0.0004338722
0.3007812	0.0004459491
0.3085938	0.0004569943
0.3164062	0.0004691385
0.3242188	0.0004801152
0.3320312	0.0004923269
0.3398438	0.0005032298
0.3476562	0.0005155036
0.3554688	0.0005263219
0.3632812	0.0005386406
0.3710938	0.0005493509
0.3789062	0.0005616763
0.3867188	0.0005722319
0.3945312	0.0005844949
0.4023438	0.0005948202
0.4101562	0.0006069251
0.4179688	0.0006169415
0.4257812	0.0006288335
0.4335938	0.0006386001
0.4414062	0.0006505345
0.4492188	0.000660744
0.4570312	0.000674192
0.4648438	0.0006878482
0.4726562	0.0007087445
0.4804688	0.0007377191
0.4882812	0.0007880603
0.4960938	0.0008510146
0.5039062	0.0008028639
0.5117188	0.000794665
0.5195312	0.0007704239
0.5273438	0.0007531546
0.5351562	0.0007314601
0.5429688	0.0007136425
0.5507812	0.0006924578
0.5585938	0.0006746983
0.5664062	0.000653946
0.5742188	0.000636329
0.5820312	0.0006160676
0.5898438	0.0005986415
0.5976562	0.0005789306
0.6054688	0.0005617429
0.6132812	0.0005426332
0.6210938	0.000525732
0.6289062	0.0005072646
0.6367188	0.0004906982
0.6445312	0.0004729045
0.6523438	0.0004567197
0.6601562	0.0004396225
0.6679688	0.0004238638
0.6757812	0.0004074774
0.6835938	0.0003921856
0.6914062	0.0003765167
0.6992188	0.000361728
0.7070312	0.0003467767
0.7148438	0.0003325215
0.7226562	0.0003182816
0.7304688	0.0003045841
0.7382812	0.000291044
0.7460938	0.0002779214
0.7539062	0.0002650649
0.7617188	0.0002525269
0.7695312	0.0002403335
0.7773438	0.0002283824
0.7851562	0.0002168276
0.7929688	0.0002054585
0.8007812	0.0001945143
0.8085938	0.0001837151
0.8164062	0.0001733501
0.8242188	0.0001631018
0.8320312	0.0001532816
0.8398438	0.0001435591
0.8476562	0.0001342463
0.8554688	0.0001250185
0.8632812	0.0001161728
0.8710938	0.0001074036
0.8789062	9.898234e-05
0.8867188	9.063104e-05
0.8945312	8.258874e-05
0.9023438	7.461075e-05
0.9101562	6.689973e-05
0.9179688	5.924714e-05
0.9257812	5.181768e-05
0.9335938	4.44398e-05
0.9414062	3.724031e-05
0.9492188	3.008454e-05
0.9570312	2.306238e-05
0.9648438	1.606815e-05
0.9726562	9.078772e-06
0.9804688	1.694696e-06
0.9882812	-4.623554e-06
0.9960938	2.412698e-05
