0.015625	0.0001430614
0.046875	0.0001507242
0.078125	0.0002343236
0.109375	0.000160344
0.140625	0.0001410567
0.171875	0.0002238508
0.203125	0.0003205937
0.234375	0.0003624063
0.265625	0.0003946498
0.296875	0.0004510254
0.328125	0.0005146242
0.359375	0.0005651278
0.390625	0.0006141171
0.421875	0.000666092
0.453125	0.0007153143
0.484375	0.0007289783
0.515625	0.0007040754
0.546875	0.0006690456
0.578125	0.0006304874
0.609375	0.0005993694
0.640625	0.0005733727
0.671875	0.0005348079
0.703125	0.0004747255
0.734375	0.0004272136
0.765625	0.0004133227
0.796875	0.0003730043
0.828125	0.0002465345
0.859375	0.0001583543
0.890625	0.0002355388
0.921875	0.0002645911
0.953125	-0.0001089194
0.984375	-0.000279111
