0.00390625	5.316344e-06
0.01171875	1.593867e-05
0.01953125	2.65738e-05
0.02734375	3.718984e-05
0.03515625	4.783193e-05
0.04296875	5.844032e-05
0.05078125	6.909046e-05
0.05859375	7.96899e-05
0.06640625	9.034989e-05
0.07421875	0.0001009386
0.08203125	0.0001116108
0.08984375	0.0001221863
0.09765625	0.0001328737
0.1054688	0.0001434328
0.1132812	0.0001541389
0.1210938	0.0001646775
0.1289062	0.0001754065
0.1367188	0.0001859198
0.1445312	0.0001966764
0.1523438	0.000207159
0.1601562	0.0002179488
0.1679688	0.0002283944
0.1757812	0.0002392239
0.1835938	0.0002496258
0.1914062	0.0002605021
0.1992188	0.000270853
0.2070312	0.000281784
0.2148438	0.0002920763
0.2226562	0.0003030704
0.2304688	0.000313296
0.2382812	0.0003243616
0.2460938	0.0003345126
0.2539062	0.0003456581
0.2617188	0.0003557264
0.2695312	0.00036696
0.2773438	0.0003769381
0.2851562	0.0003882669
0.2929688	0.0003981478
0.3007812	0.0004095776
0.3085938	0.0004193545
0.3164062	0.0004308881
0.3242188	0.0004405535
0.3320312	0.0004521884
0.3398438	0.0004617311
0.3476562	0.0004734548
0.3554688	0.0004828547
0.3632812	0.0004946375
0.3710938	0.0005038578
0.3789062	0.0005156436
0.3867188	0.0005246224
0.3945312	0.0005363242
0.4023438	0.0005449785
0.4101562	0.0005564974
0.4179688	0.0005647701
0.4257812	0.0005760914
0.4335938	0.0005841287
0.4414062	0.0005956401
0.4492188	0.0006043617
0.4570312	0.0006179093
0.4648438	0.0006310823
0.4726562	0.0006544818
0.4804688	0.0006899443
0.4882812	0.0007674601
0.4960938	0.0009261945
0.5039062	0.0006742355
0.5117188	0.0006471654
0.5195312	0.0005711779
0.5273438	0.000500715
0.5351562	0.0004444543
0.5429688	0.000378419
0.5507812	0.0003317318
0.5585938	0.0002754151
0.5664062	0.0002382014
0.5742188	0.0001926244
0.5820312	0.0001645303
0.5898438	0.0001293678
0.5976562	0.0001093108
0.6054688	8.340184e-05
0.6132812	6.987257e-05
0.6210938	5.160575e-05
0.6289062	4.29949e-05
0.6367188	3.06473e-05
0.6445312	2.548956e-05
0.6523438	1.747014e-05
0.6601562	1.457577e-05
0.6679688	9.559891e-06
0.6757812	8.051026e-06
0.6835938	5.022489e-06
0.6914062	4.304067e-06
0.6992188	2.534403e-06
0.7070312	2.234232e-06
0.7148438	1.231091e-06
0.7226562	1.135466e-06
0.7304688	5.827817e-07
0.7382812	5.800793e-07
0.7460938	2.855045e-07
0.7539062	3.268376e-07
0.7617188	1.797669e-07
0.7695312	2.535712e-07
0.7773438	1.975498e-07
0.7851562	3.167057e-07
0.7929688	3.326921e-07
0.8007812	5.305518e-07
0.8085938	6.293546e-07
0.8164062	9.61471e-07
0.8242188	1.183451e-06
0.8320312	1.731973e-06
0.8398438	2.150666e-06
0.8476562	3.029567e-06
0.8554688	3.75594e-06
0.8632812	5.112526e-06
0.8710938	6.296156e-06
0.8789062	8.305537e-06
0.8867188	1.012809e-05
0.8945312	1.297721e-05
0.9023438	1.563433e-05
0.9101562	1.949281e-05
0.9179688	2.316363e-05
0.9257812	2.814596e-05
0.9335938	3.295178e-05
0.9414062	3.907623e-05
0.9492188	4.503871e-05
0.9570312	5.219586e-05
0.9648438	5.920596e-05
0.9726562	6.714867e-05
0.9804688	7.49586e-05
0.9882812	8.332121e-05
0.9960938	9.156953e-05
