0.00390625	6.676343e-06
0.01171875	2.002675e-05
0.01953125	3.337741e-05
0.02734375	4.672678e-05
0.03515625	6.007715e-05
0.04296875	7.342606e-05
0.05078125	8.67766e-05
0.05859375	0.0001001252
0.06640625	0.0001134761
0.07421875	0.0001268243
0.08203125	0.0001401756
0.08984375	0.0001535234
0.09765625	0.0001668752
0.1054688	0.0001802224
0.1132812	0.0001935749
0.1210938	0.0002069213
0.1289062	0.0002202747
0.1367188	0.0002336201
0.1445312	0.0002469745
0.1523438	0.0002603188
0.1601562	0.0002736745
0.1679688	0.0002870173
0.1757812	0.0003003746
0.1835938	0.0003137156
0.1914062	0.0003270749
0.1992188	0.0003404137
0.2070312	0.0003537753
0.2148438	0.0003671117
0.2226562	0.000380476
0.2304688	0.0003938093
0.2382812	0.0004071767
0.2460938	0.0004205068
0.2539062	0.0004338777
0.2617188	0.000447204
0.2695312	0.0004605789
0.2773438	0.000473901
0.2851562	0.0004872803
0.2929688	0.0005005977
0.3007812	0.0005139818
0.3085938	0.0005272943
0.3164062	0.0005406835
0.3242188	0.0005539908
0.3320312	0.0005673853
0.3398438	0.0005806871
0.3476562	0.0005940871
0.3554688	0.0006073833
0.3632812	0.0006207888
0.3710938	0.0006340792
0.3789062	0.0006474902
0.3867188	0.0006607755
0.3945312	0.0006741928
0.4023438	0.0006874756
0.4101562	0.0007009043
0.4179688	0.0007141952
0.4257812	0.0007276527
0.4335938	0.0007409812
0.4414062	0.000754508
0.4492188	0.0007679228
0.4570312	0.0007815474
0.4648438	0.0007949727
0.4726562	0.0008082375
0.4804688	0.0008199985
0.4882812	0.0008277175
0.4960938	0.0008246811
0.5039062	0.0008056016
0.5117188	0.000790777
0.5195312	0.0007771059
0.5273438	0.0007643594
0.5351562	0.0007515829
0.5429688	0.0007389575
0.5507812	0.0007261913
0.5585938	0.0007135429
0.5664062	0.0007007725
0.5742188	0.0006881152
0.5820312	0.0006753494
0.5898438	0.0006626862
0.5976562	0.0006499267
0.6054688	0.0006372574
0.6132812	0.0006245046
0.6210938	0.0006118289
0.6289062	0.0005990829
0.6367188	0.0005864009
0.6445312	0.0005736615
0.6523438	0.0005609733
0.6601562	0.0005482404
0.6679688	0.0005355464
0.6757812	0.0005228193
0.6835938	0.0005101202
0.6914062	0.0004973983
0.6992188	0.0004846946
0.7070312	0.0004719773
0.7148438	0.0004592698
0.7226562	0.0004465562
0.7304688	0.0004338456
0.7382812	0.0004211352
0.7460938	0.0004084222
0.7539062	0.0003957142
0.7617188	0.0003829994
0.7695312	0.0003702931
0.7773438	0.0003575772
0.7851562	0.0003448721
0.7929688	0.0003321555
0.8007812	0.0003194512
0.8085938	0.0003067344
0.8164062	0.0002940304
0.8242188	0.0002813137
0.8320312	0.0002686098
0.8398438	0.0002558934
0.8476562	0.0002431893
0.8554688	0.0002304735
0.8632812	0.0002177689
0.8710938	0.0002050538
0.8789062	0.0001923488
0.8867188	0.0001796344
0.8945312	0.0001669288
0.9023438	0.0001542152
0.9101562	0.0001415091
0.9179688	0.0001287963
0.9257812	0.0001160898
0.9335938	0.0001033777
0.9414062	9.066967e-05
0.9492188	7.795208e-05
0.9570312	6.521957e-05
0.9648438	5.242884e-05
0.9726562	3.950699e-05
0.9804688	2.637915e-05
0.9882812	1.411526e-05
0.9960938	1.461061e-05
