-0.96875	-9.97325e-05
-0.90625	-0.0002991951
-0.84375	-0.0004986472
-0.78125	-0.0006980688
-0.71875	-0.0008974077
-0.65625	-0.001096543
-0.59375	-0.001295204
-0.53125	-0.001492864
-0.46875	-0.001688542
-0.40625	-0.001880737
-0.34375	-0.002067242
-0.28125	-0.002245675
-0.21875	-0.002413715
-0.15625	-0.002570611
-0.09375	-0.002717384
-0.03125	-0.002857785
0.03125	0.002857796
0.09375	0.002717464
0.15625	0.002570636
0.21875	0.002413836
0.28125	0.002245692
0.34375	0.002067315
0.40625	0.001880744
0.46875	0.001688569
0.53125	0.001492866
0.59375	0.00129521
0.65625	0.001096544
0.71875	0.0008974089
0.78125	0.0006980688
0.84375	0.0004986473
0.90625	0.0002991951
0.96875	9.973252e-05
