-0.96875	-9.973405e-05
-0.90625	-0.0002992021
-0.84375	-0.0004986702
-0.78125	-0.0006981383
-0.71875	-0.0008976064
-0.65625	-0.001097074
-0.59375	-0.001296542
-0.53125	-0.001496009
-0.46875	-0.001695469
-0.40625	-0.001894883
-0.34375	-0.002094055
-0.28125	-0.002292236
-0.21875	-0.0024875
-0.15625	-0.002678423
-0.09375	-0.002872726
-0.03125	-0.003088788
0.03125	0.003088782
0.09375	0.002872867
0.15625	0.002678543
0.21875	0.00248758
0.28125	0.002292245
0.34375	0.002094059
0.40625	0.001894883
0.46875	0.001695469
0.53125	0.001496009
0.59375	0.001296542
0.65625	0.001097074
0.71875	0.0008976064
0.78125	0.0006981383
0.84375	0.0004986702
0.90625	0.0002992021
0.96875	9.973403e-05
