-0.984375	-4.986702e-05
-0.953125	-0.0001496011
-0.921875	-0.0002493351
-0.890625	-0.0003490691
-0.859375	-0.0004488032
-0.828125	-0.0005485372
-0.796875	-0.0006482713
-0.765625	-0.0007480053
-0.734375	-0.0008477394
-0.703125	-0.0009474734
-0.671875	-0.001047207
-0.640625	-0.001146941
-0.609375	-0.001246676
-0.578125	-0.00134641
-0.546875	-0.001446144
-0.515625	-0.001545878
-0.484375	-0.001645612
-0.453125	-0.001745346
-0.421875	-0.00184508
-0.390625	-0.001944814
-0.359375	-0.002044548
-0.328125	-0.002144282
-0.296875	-0.002244014
-0.265625	-0.002343741
-0.234375	-0.002443431
-0.203125	-0.002542958
-0.171875	-0.002641887
-0.140625	-0.0027392
-0.109375	-0.002833764
-0.078125	-0.002927743
-0.046875	-0.003029697
-0.015625	-0.00234354
0.015625	0.002343511
0.046875	0.003029321
0.078125	0.002927557
0.109375	0.002833717
0.140625	0.002739169
0.171875	0.002641886
0.203125	0.002542957
0.234375	0.002443431
0.265625	0.002343741
0.296875	0.002244014
0.328125	0.002144282
0.359375	0.002044548
0.390625	0.001944814
0.421875	0.00184508
0.453125	0.001745346
0.484375	0.001645612
0.515625	0.001545878
0.546875	0.001446144
0.578125	0.00134641
0.609375	0.001246676
0.640625	0.001146941
0.671875	0.001047207
0.703125	0.0009474734
0.734375	0.0008477394
0.765625	0.0007480053
0.796875	0.0006482713
0.828125	0.0005485372
0.859375	0.0004488032
0.890625	0.0003490691
0.921875	0.0002493351
0.953125	0.0001496011
0.984375	4.986702e-05
