0.001193151	0.0002651579
0.0120233	0.0004871996
0.02285344	0.0006752556
0.03368358	0.0008585056
0.04451373	0.001042246
0.05534387	0.001225834
0.06617402	0.001408413
0.07700416	0.001589534
0.0878343	0.001769016
0.09866445	0.001946776
0.1094946	0.002122763
0.1203247	0.002296944
0.1311549	0.002469278
0.141985	0.002639733
0.1528152	0.002808269
0.1636453	0.002974846
0.1744755	0.003139423
0.1853056	0.00330196
0.1961357	0.003462415
0.2069659	0.003620745
0.217796	0.003776906
0.2286262	0.003930855
0.2394563	0.004082544
0.2502865	0.004231929
0.2611166	0.00437896
0.2719468	0.004523589
0.2827769	0.004665765
0.293607	0.004805438
0.3044372	0.004942555
0.3152673	0.005077062
0.3260975	0.005208903
0.3369276	0.005338022
0.3477578	0.005464358
0.3585879	0.005587853
0.3694181	0.005708444
0.3802482	0.005826069
0.3910783	0.005940663
0.4019085	0.006052161
0.4127386	0.006160495
0.4235688	0.0062656
0.4343989	0.006367397
0.4452291	0.006465767
0.4560592	0.006560574
0.4668894	0.006651679
0.4777195	0.006738936
0.4885496	0.006822197
0.4993798	0.006901303
0.5102099	0.006976091
0.5210401	0.00704639
0.5318702	0.007112013
0.5427004	0.007172771
0.5535305	0.007228466
0.5643606	0.007278891
0.5751908	0.007323829
0.5860209	0.00736305
0.5968511	0.007396313
0.6076812	0.007423366
0.6185114	0.007443941
0.6293415	0.007457748
0.6401717	0.00746449
0.6510018	0.007463856
0.6618319	0.007455516
0.6726621	0.00743912
0.6834922	0.007414302
0.6943224	0.007380672
0.7051525	0.007337817
0.7159827	0.007285298
0.7268128	0.00722264
0.737643	0.007149353
0.7484731	0.007064915
0.7593032	0.006968772
0.7701334	0.006860322
0.7809635	0.006738891
0.7917937	0.006603654
0.8026238	0.006453371
0.813454	0.006287631
0.8242841	0.006114129
0.8351143	0.005931968
0.8459444	0.005740655
0.8567745	0.005539794
0.8676047	0.005329124
0.8784348	0.005108385
0.889265	0.004877325
0.9000951	0.004635682
0.9109253	0.004383191
0.9217554	0.004119584
0.9325856	0.003844589
0.9434157	0.003557936
0.9542458	0.003259349
0.965076	0.002948558
0.9759061	0.002625277
0.9867363	0.002289128
0.9975664	0.001939684
