-0.0001624527	0.001200446
0.007960184	0.0008240467
0.01608282	0.001137983
0.02420546	0.001348373
0.0323281	0.001597627
0.04045073	0.001840191
0.04857337	0.002083148
0.05669601	0.002324462
0.06481864	0.002564625
0.07294128	0.002803334
0.08106392	0.003040653
0.08918655	0.003276588
0.09730919	0.003511088
0.1054318	0.003744155
0.1135545	0.003975756
0.1216771	0.004205878
0.1297997	0.004434494
0.1379224	0.004661586
0.146045	0.0048871
0.1541677	0.005110994
0.1622903	0.005333219
0.1704129	0.005553733
0.1785356	0.005772486
0.1866582	0.005989433
0.1947808	0.006204523
0.2029035	0.006417707
0.2110261	0.006628931
0.2191487	0.006838141
0.2272714	0.007045281
0.235394	0.007250294
0.2435167	0.00745312
0.2516393	0.007653694
0.2597619	0.007851954
0.2678846	0.008047834
0.2760072	0.008241266
0.2841298	0.008432177
0.2922525	0.008620496
0.3003751	0.008806146
0.3084978	0.00898905
0.3166204	0.009169123
0.324743	0.009346286
0.3328657	0.009520445
0.3409883	0.009691515
0.3491109	0.009859394
0.3572336	0.01002399
0.3653562	0.0101852
0.3734789	0.01034292
0.3816015	0.01049703
0.3897241	0.01064743
0.3978468	0.010794
0.4059694	0.01093661
0.414092	0.01107513
0.4222147	0.01120944
0.4303373	0.01133939
0.4384599	0.01146484
0.4465826	0.01158563
0.4547052	0.01170161
0.4628279	0.01181262
0.4709505	0.01191849
0.4790731	0.01201902
0.4871958	0.01211398
0.4953184	0.01220283
0.503441	0.01228458
0.5115637	0.01236196
0.5196863	0.01243499
0.527809	0.01250309
0.5359316	0.01256605
0.5440542	0.01262373
0.5521769	0.01267606
0.5602995	0.01272291
0.5684221	0.01276419
0.5765448	0.0127998
0.5846674	0.01282962
0.5927901	0.01285355
0.6009127	0.01287149
0.6090353	0.0128833
0.617158	0.01288888
0.6252806	0.01288811
0.6334032	0.01288087
0.6415259	0.01286703
0.6496485	0.01284648
0.6577711	0.01281906
0.6658938	0.01278468
0.6740164	0.01274316
0.6821391	0.0126944
0.6902617	0.01263824
0.6983843	0.01257455
0.706507	0.01250316
0.7146296	0.01242395
0.7227522	0.01233672
0.7308749	0.01224136
0.7389975	0.01213767
0.7471202	0.01202552
0.7552428	0.0119047
0.7633654	0.01177506
0.7714881	0.01163642
0.7796107	0.0114886
0.7877333	0.01133139
0.795856	0.01116463
0.8039786	0.01098808
0.8121013	0.01080158
0.8202239	0.01060487
0.8283465	0.01039779
0.8364692	0.01018006
0.8445918	0.009951505
0.8527144	0.009711853
0.8608371	0.009460889
0.8689597	0.009198355
0.8770823	0.00892406
0.885205	0.008637713
0.8933276	0.008338774
0.9014503	0.008026718
0.9095729	0.007701042
0.9176955	0.007361186
0.9258182	0.007006612
0.9339408	0.006636704
0.9420634	0.006250868
0.9501861	0.005848428
0.9583087	0.005428705
0.9664314	0.004991082
0.974554	0.004534375
0.9826766	0.004058984
0.9907993	0.003561497
0.9989219	0.003045018
