0.0006826297	-0.001003997
0.004568368	0.001036702
0.008454106	0.001299912
0.01233984	0.001506852
0.01622558	0.001804871
0.02011132	0.002115287
0.02399706	0.00243533
0.0278828	0.002754304
0.03176854	0.00307124
0.03565427	0.00338681
0.03954001	0.003700228
0.04342575	0.004011874
0.04731149	0.004321662
0.05119723	0.004629624
0.05508297	0.004935766
0.0589687	0.005240097
0.06285444	0.005542618
0.06674018	0.005843334
0.07062592	0.006142243
0.07451166	0.006439352
0.0783974	0.006734662
0.08228313	0.007028176
0.08616887	0.007319893
0.09005461	0.007609818
0.09394035	0.007897949
0.09782609	0.008184293
0.1017118	0.008468849
0.1055976	0.008751623
0.1094833	0.009032615
0.113369	0.009311823
0.1172548	0.009589233
0.1211405	0.009864836
0.1250263	0.01013862
0.128912	0.01041058
0.1327977	0.0106807
0.1366835	0.01094898
0.1405692	0.0112154
0.1444549	0.01147995
0.1483407	0.01174264
0.1522264	0.01200344
0.1561122	0.01226234
0.1599979	0.01251935
0.1638836	0.01277444
0.1677694	0.0130276
0.1716551	0.01327884
0.1755409	0.01352813
0.1794266	0.01377547
0.1833123	0.01402084
0.1871981	0.01426424
0.1910838	0.01450565
0.1949695	0.01474506
0.1988553	0.01498247
0.202741	0.01521786
0.2066268	0.01545121
0.2105125	0.01568253
0.2143982	0.01591179
0.218284	0.01613899
0.2221697	0.01636411
0.2260555	0.01658714
0.2299412	0.01680807
0.2338269	0.01702688
0.2377127	0.01724357
0.2415984	0.01745812
0.2454841	0.01767052
0.2493699	0.01788074
0.2532556	0.0180888
0.2571414	0.01829466
0.2610271	0.01849831
0.2649128	0.01869974
0.2687986	0.01889895
0.2726843	0.0190959
0.27657	0.01929059
0.2804558	0.019483
0.2843415	0.01967312
0.2882273	0.01986092
0.292113	0.02004641
0.2959987	0.02022956
0.2998845	0.02041035
0.3037702	0.02058877
0.307656	0.0207648
0.3115417	0.02093842
0.3154274	0.02110962
0.3193132	0.02127838
0.3231989	0.02144469
0.3270846	0.02160852
0.3309704	0.02176985
0.3348561	0.02192867
0.3387419	0.02208496
0.3426276	0.02223869
0.3465133	0.02238985
0.3503991	0.02253842
0.3542848	0.02268438
0.3581706	0.0228277
0.3620563	0.02296837
0.365942	0.02310635
0.3698278	0.02324165
0.3737135	0.02337421
0.3775992	0.02350403
0.381485	0.02363108
0.3853707	0.02375534
0.3892565	0.02387677
0.3931422	0.02399537
0.3970279	0.02411109
0.4009137	0.02422392
0.4047994	0.02433382
0.4086852	0.02444077
0.4125709	0.02454474
0.4164566	0.02464571
0.4203424	0.02474363
0.4242281	0.02483849
0.4281138	0.02493025
0.4319996	0.02501889
0.4358853	0.02510435
0.4397711	0.02518663
0.4436568	0.02526568
0.4475425	0.02534147
0.4514283	0.02541395
0.455314	0.02548306
0.4591997	0.02554852
0.4630855	0.02560996
0.4669712	0.02566791
0.470857	0.02572467
0.4747427	0.02578025
0.4786284	0.02583415
0.4825142	0.02588626
0.4863999	0.02593657
0.4902857	0.02598506
0.4941714	0.02603173
0.4980571	0.02607656
0.5019429	0.02611954
0.5058286	0.02616066
0.5097143	0.02619991
0.5136001	0.02623727
0.5174858	0.02627274
0.5213716	0.0263063
0.5252573	0.02633794
0.529143	0.02636764
0.5330288	0.02639539
0.5369145	0.02642116
0.5408003	0.02644496
0.544686	0.02646674
0.5485717	0.02648651
0.5524575	0.02650424
0.5563432	0.02651992
0.5602289	0.02653351
0.5641147	0.02654501
0.5680004	0.0265544
0.5718862	0.02656164
0.5757719	0.02656672
0.5796576	0.02656962
0.5835434	0.02657031
0.5874291	0.02656877
0.5913148	0.02656497
0.5952006	0.02655889
0.5990863	0.02655049
0.6029721	0.02653976
0.6068578	0.02652667
0.6107435	0.02651118
0.6146293	0.02649326
0.618515	0.02647289
0.6224008	0.02645002
0.6262865	0.02642464
0.6301722	0.0263967
0.634058	0.02636617
0.6379437	0.02633302
0.6418294	0.0262972
0.6457152	0.02625868
0.6496009	0.02621743
0.6534867	0.0261734
0.6573724	0.02612655
0.6612581	0.02607683
0.6651439	0.02602422
0.6690296	0.02596865
0.6729154	0.0259101
0.6768011	0.0258485
0.6806868	0.02578381
0.6845726	0.02571599
0.6884583	0.02564499
0.692344	0.02557074
0.6962298	0.02549321
0.7001155	0.02541233
0.7040013	0.02532805
0.707887	0.02524032
0.7117727	0.02514908
0.7156585	0.02505426
0.7195442	0.02495581
0.72343	0.02485366
0.7273157	0.02474775
0.7312014	0.02463801
0.7350872	0.02452438
0.7389729	0.02440679
0.7428586	0.02428516
0.7467444	0.02415943
0.7506301	0.02402952
0.7545159	0.02389536
0.7584016	0.02375687
0.7622873	0.02361397
0.7661731	0.02346658
0.7700588	0.02331461
0.7739445	0.02315799
0.7778303	0.02299662
0.781716	0.02283042
0.7856018	0.02265928
0.7894875	0.02248314
0.7933732	0.02230187
0.797259	0.0221154
0.8011447	0.02192362
0.8050305	0.02172643
0.8089162	0.02152372
0.8128019	0.02131539
0.8166877	0.02110133
0.8205734	0.02088144
0.8244591	0.02065562
0.8283449	0.02042369
0.8322306	0.02018546
0.8361164	0.01994074
0.8400021	0.01968932
0.8438878	0.01943102
0.8477736	0.01916562
0.8516593	0.01889291
0.8555451	0.01861267
0.8594308	0.01832469
0.8633165	0.01802873
0.8672023	0.01772457
0.871088	0.01741195
0.8749737	0.01709064
0.8788595	0.01676037
0.8827452	0.01642089
0.886631	0.01607192
0.8905167	0.01571318
0.8944024	0.0153444
0.8982882	0.01496528
0.9021739	0.01457553
0.9060597	0.01417483
0.9099454	0.01376286
0.9138311	0.01333932
0.9177169	0.01290385
0.9216026	0.01245613
0.9254883	0.01199578
0.9293741	0.01152246
0.9332598	0.01103577
0.9371456	0.01053533
0.9410313	0.01002073
0.944917	0.009491573
0.9488028	0.00894742
0.9526885	0.008387842
0.9565742	0.007812381
0.96046	0.007220585
0.9643457	0.00661197
0.9682315	0.005985932
0.9721172	0.005342579
0.9760029	0.004679494
0.9798887	0.004001181
0.9837744	0.003295131
0.9876602	0.002564545
0.9915459	0.001729608
0.9954316	0.0008610869
0.9993174	0.001463942
