0.005461331	0.0003452899
0.021657	0.00047352
0.03785268	0.0005882804
0.05404835	0.0007225276
0.07024402	0.0008608786
0.08643969	0.0009992659
0.1026354	0.001136623
0.118831	0.001272517
0.1350267	0.001406946
0.1512224	0.001539815
0.1674181	0.001671036
0.1836137	0.001800502
0.1998094	0.001928141
0.2160051	0.002053825
0.2322007	0.002177458
0.2483964	0.002298934
0.2645921	0.002418067
0.2807878	0.00253455
0.2969834	0.002648084
0.3131791	0.00275855
0.3293748	0.002865759
0.3455704	0.002969469
0.3617661	0.003069486
0.3779618	0.003165613
0.3941575	0.003257813
0.4103531	0.003345956
0.4265488	0.003429859
0.4427445	0.003509382
0.4589401	0.003584365
0.4751358	0.00365461
0.4913315	0.003720025
0.5075272	0.003780441
0.5237228	0.003835629
0.5399185	0.003885401
0.5561142	0.003929596
0.5723099	0.003967983
0.5885055	0.004000361
0.6047012	0.004026522
0.6208969	0.004046206
0.6370925	0.004059162
0.6532882	0.004065195
0.6694839	0.004064015
0.6856796	0.004055299
0.7018752	0.004038852
0.7180709	0.00401421
0.7342666	0.003980711
0.7504622	0.003937791
0.7666579	0.003884727
0.7828536	0.003820618
0.7990493	0.003744822
0.8152449	0.003656479
0.8314406	0.003554562
0.8476363	0.003438032
0.8638319	0.003305697
0.8800276	0.0031561
0.8962233	0.002988015
0.912419	0.002799887
0.9286146	0.00258986
0.9448103	0.002355906
0.961006	0.002095888
0.9772017	0.001807121
0.9933973	0.001485694
