0.0078125	1.557813e-05
0.0234375	4.673494e-05
0.0390625	7.789343e-05
0.0546875	0.0001090547
0.0703125	0.0001402199
0.0859375	0.00017139
0.1015625	0.0002025661
0.1171875	0.0002337492
0.1328125	0.0002649403
0.1484375	0.0002961402
0.1640625	0.0003273497
0.1796875	0.0003585695
0.1953125	0.0003898004
0.2109375	0.0004210426
0.2265625	0.0004522967
0.2421875	0.0004835626
0.2578125	0.0005148405
0.2734375	0.0005461299
0.2890625	0.0005774303
0.3046875	0.0006087407
0.3203125	0.00064006
0.3359375	0.0006713864
0.3515625	0.0007027181
0.3671875	0.0007340526
0.3828125	0.0007653872
0.3984375	0.0007967189
0.4140625	0.0008280445
0.4296875	0.0008593604
0.4453125	0.0008906618
0.4609375	0.0009219378
0.4765625	0.0009531601
0.4921875	0.0009842983
0.5078125	1.373995e-07
0.5234375	4.684534e-08
0.5390625	-3.079469e-08
0.5546875	-4.612264e-08
0.5703125	-2.957239e-08
0.5859375	5.504792e-09
0.6015625	5.36117e-08
0.6171875	1.11227e-07
0.6328125	1.752013e-07
0.6484375	2.425107e-07
0.6640625	3.10317e-07
0.6796875	3.760631e-07
0.6953125	4.375383e-07
0.7109375	4.929095e-07
0.7265625	5.407222e-07
0.7421875	5.798835e-07
0.7578125	6.096309e-07
0.7734375	6.294975e-07
0.7890625	6.392734e-07
0.8046875	6.389709e-07
0.8203125	6.287895e-07
0.8359375	6.09088e-07
0.8515625	5.803564e-07
0.8671875	5.431953e-07
0.8828125	4.982949e-07
0.8984375	4.464202e-07
0.9140625	3.883958e-07
0.9296875	3.250953e-07
0.9453125	2.574301e-07
0.9609375	1.863416e-07
0.9765625	1.12793e-07
0.9921875	3.776257e-08
