-0.0007111111	0.0007404082
0.006933333	0.0009781387
0.01457778	0.001187772
0.02222222	0.001454667
0.02986667	0.001736653
0.03751111	0.002021966
0.04515556	0.002306917
0.0528	0.002590307
0.06044444	0.002872505
0.06808889	0.003153301
0.07573333	0.003432768
0.08337778	0.003710855
0.09102222	0.003987545
0.09866667	0.004262807
0.1063111	0.004536591
0.1139556	0.00480887
0.1216	0.005079598
0.1292444	0.005348742
0.1368889	0.005616254
0.1445333	0.005882099
0.1521778	0.006146226
0.1598222	0.006408594
0.1674667	0.006669153
0.1751111	0.006927857
0.1827556	0.007184653
0.1904	0.007439494
0.1980444	0.00769232
0.2056889	0.007943079
0.2133333	0.008191712
0.2209778	0.008438161
0.2286222	0.008682363
0.2362667	0.008924256
0.2439111	0.009163774
0.2515556	0.009400846
0.2592	0.009635404
0.2668444	0.009867371
0.2744889	0.01009665
0.2821333	0.01032307
0.2897778	0.01054649
0.2974222	0.0107666
0.3050667	0.01098372
0.3127111	0.01119762
0.3203556	0.01140802
0.328	0.01161486
0.3356444	0.01181808
0.3432889	0.01201761
0.3509333	0.01221341
0.3585778	0.01240541
0.3662222	0.01259354
0.3738667	0.01277774
0.3815111	0.01295795
0.3891556	0.0131341
0.3968	0.01330612
0.4044444	0.01347394
0.4120889	0.0136375
0.4197333	0.01379672
0.4273778	0.01395153
0.4350222	0.01410186
0.4426667	0.01424763
0.4503111	0.01438877
0.4579556	0.0145252
0.4656	0.01465683
0.4732444	0.01478359
0.4808889	0.01490539
0.4885333	0.01502215
0.4961778	0.01513379
0.5038222	0.01524022
0.5114667	0.01534134
0.5191111	0.01543707
0.5267556	0.0155273
0.5344	0.01561196
0.5420444	0.01569094
0.5496889	0.01576414
0.5573333	0.01583146
0.5649778	0.0158928
0.5726222	0.01594805
0.5802667	0.0159971
0.5879111	0.01603983
0.5955556	0.01607616
0.6032	0.01610594
0.6108444	0.01612907
0.6184889	0.01614541
0.6261333	0.01615486
0.6337778	0.01615727
0.6414222	0.01615253
0.6490667	0.01614049
0.6567111	0.01612103
0.6643556	0.01609401
0.672	0.01605929
0.6796444	0.01601675
0.6872889	0.01596612
0.6949333	0.01590712
0.7025778	0.01583948
0.7102222	0.01576289
0.7178667	0.01567707
0.7255111	0.01558166
0.7331556	0.01547638
0.7408	0.01536085
0.7484444	0.01523475
0.7560889	0.01509769
0.7637333	0.0149493
0.7713778	0.01478915
0.7790222	0.01461682
0.7866667	0.01443187
0.7943111	0.01423386
0.8019556	0.01402229
0.8096	0.01379668
0.8172444	0.01355648
0.8248889	0.01330114
0.8325333	0.01303007
0.8401778	0.01274266
0.8478222	0.01243829
0.8554667	0.01211629
0.8631111	0.01177595
0.8707556	0.01141655
0.8784	0.01103725
0.8860444	0.01063727
0.8936889	0.01021571
0.9013333	0.009771696
0.9089778	0.009304249
0.9166222	0.008812375
0.9242667	0.008294961
0.9319111	0.007750838
0.9395556	0.007178815
0.9472	0.006577574
0.9548444	0.005945791
0.9624889	0.005282569
0.9701333	0.004583773
0.9777778	0.003855826
0.9854222	0.00307736
0.9930667	0.002237413
1.000711	0.001186354
