-0.002373996	-0.0009863605
0.005295836	-0.0001422752
0.01296567	0.0001363915
0.0206355	0.0003488125
0.02830533	0.0005621079
0.03597516	0.0007848361
0.043645	0.001007146
0.05131483	0.001229094
0.05898466	0.00144913
0.06665449	0.001667519
0.07432432	0.001884178
0.08199416	0.002099065
0.08966399	0.002312173
0.09733382	0.00252347
0.1050037	0.002732924
0.1126735	0.002940511
0.1203433	0.003146197
0.1280131	0.003349946
0.135683	0.003551726
0.1433528	0.003751502
0.1510226	0.003949239
0.1586925	0.004144899
0.1663623	0.004338447
0.1740321	0.004529843
0.181702	0.004719048
0.1893718	0.00490602
0.1970416	0.005090718
0.2047115	0.005273098
0.2123813	0.005453118
0.2200511	0.005630731
0.227721	0.005805889
0.2353908	0.005978544
0.2430606	0.006148646
0.2507305	0.006316143
0.2584003	0.006480982
0.2660701	0.00664311
0.27374	0.00680247
0.2814098	0.006959004
0.2890796	0.00711265
0.2967495	0.007263333
0.3044193	0.007410925
0.3120891	0.007555167
0.3197589	0.007695875
0.3274288	0.007833867
0.3350986	0.007969346
0.3427684	0.008102115
0.3504383	0.008232028
0.3581081	0.008359021
0.3657779	0.008483059
0.3734478	0.008604111
0.3811176	0.008722144
0.3887874	0.008837126
0.3964573	0.008949022
0.4041271	0.009057798
0.4117969	0.009163418
0.4194668	0.009265843
0.4271366	0.009365037
0.4348064	0.009460961
0.4424763	0.009553574
0.4501461	0.009642834
0.4578159	0.009728698
0.4654858	0.009811122
0.4731556	0.00989006
0.4808254	0.009965466
0.4884953	0.01003729
0.4961651	0.01010549
0.5038349	0.01017
0.5115047	0.01023078
0.5191746	0.01028776
0.5268444	0.0103409
0.5345142	0.01039013
0.5421841	0.0104354
0.5498539	0.01047664
0.5575237	0.01051378
0.5651936	0.01054677
0.5728634	0.01057552
0.5805332	0.01059998
0.5882031	0.01062006
0.5958729	0.01063568
0.6035427	0.01064678
0.6112126	0.01065327
0.6188824	0.01065507
0.6265522	0.01065208
0.6342221	0.01064421
0.6418919	0.01063138
0.6495617	0.01061348
0.6572316	0.01059041
0.6649014	0.01056207
0.6725712	0.01052836
0.6802411	0.01048916
0.6879109	0.01044435
0.6955807	0.01039383
0.7032505	0.01033748
0.7109204	0.01027508
0.7185902	0.01020636
0.72626	0.01013108
0.7339299	0.01004895
0.7415997	0.009959684
0.7492695	0.009862996
0.7569394	0.009758577
0.7646092	0.009646105
0.772279	0.009525247
0.7799489	0.009395649
0.7876187	0.009256946
0.7952885	0.009108722
0.8029584	0.008950574
0.8106282	0.008782068
0.818298	0.008602756
0.8259679	0.008412164
0.8336377	0.008209791
0.8413075	0.007995116
0.8489774	0.007767564
0.8566472	0.007526531
0.864317	0.007271408
0.8719869	0.007001534
0.8796567	0.006716228
0.8873265	0.006414758
0.8949963	0.006096361
0.9026662	0.005760213
0.910336	0.0054054
0.9180058	0.005031008
0.9256757	0.004636059
0.9333455	0.004219516
0.9410153	0.003780295
0.9486852	0.003317223
0.956355	0.002829008
0.9640248	0.002314528
0.9716947	0.001771303
0.9793645	0.001195214
0.9870343	0.0005746075
0.9947042	-8.189205e-05
1.002374	-0.0006177416
