-0.005420918	0.0001469736
0.02710459	0.0002419831
0.0596301	0.0003252071
0.09215561	0.000415703
0.1246811	0.0005062669
0.1572066	0.0005948355
0.1897321	0.0006809201
0.2222577	0.000764332
0.2547832	0.0008449409
0.2873087	0.0009225615
0.3198342	0.0009970224
0.3523597	0.001068113
0.3848852	0.001135616
0.4174107	0.001199315
0.4499362	0.001258975
0.4824617	0.001314335
0.5149872	0.001364903
0.5475128	0.001410064
0.5800383	0.001449048
0.6125638	0.001481056
0.6450893	0.001505176
0.6776148	0.001520264
0.7101403	0.001524958
0.7426658	0.001517736
0.7751913	0.001496788
0.8077168	0.001459639
0.8402423	0.00140342
0.8727679	0.001324057
0.9052934	0.00121526
0.9378189	0.001076906
0.9703444	0.0009244765
1.00287	0.000754953
