0.015625	3.999117e-06
0.046875	1.204938e-05
0.078125	2.003094e-05
0.109375	2.788424e-05
0.140625	3.5779e-05
0.171875	4.364457e-05
0.203125	5.14257e-05
0.234375	5.902208e-05
0.265625	6.651372e-05
0.296875	7.379972e-05
0.328125	8.092924e-05
0.359375	8.776191e-05
0.390625	9.434278e-05
0.421875	0.0001005066
0.453125	0.0001063482
0.484375	0.000111659
0.515625	0.0001164986
0.546875	0.0001205932
0.578125	0.0001240413
0.609375	0.0001265205
0.640625	0.0001281966
0.671875	0.0001285873
0.703125	0.0001277414
0.734375	0.0001251174
0.765625	0.0001209271
0.796875	0.0001142627
0.828125	0.0001051003
0.859375	9.303502e-05
0.890625	7.791279e-05
0.921875	5.878714e-05
0.953125	3.482574e-05
0.984375	2.314795e-05
