0.001038781	0.0005255143
0.00865651	0.0005360734
0.01627424	0.000538016
0.02389197	0.0005382059
0.0315097	0.0005382101
0.03912742	0.0005384371
0.04674515	0.0005387842
0.05436288	0.0005391699
0.06198061	0.0005395712
0.06959834	0.0005399783
0.07721607	0.0005403906
0.0848338	0.0005408078
0.09245152	0.0005412301
0.1000693	0.0005416574
0.107687	0.0005420902
0.1153047	0.0005425285
0.1229224	0.0005429726
0.1305402	0.0005434227
0.1381579	0.0005438789
0.1457756	0.0005443411
0.1533934	0.0005448097
0.1610111	0.0005452847
0.1686288	0.0005457663
0.1762465	0.0005462548
0.1838643	0.0005467503
0.191482	0.0005472528
0.1990997	0.0005477626
0.2067175	0.0005482798
0.2143352	0.0005488046
0.2219529	0.0005493373
0.2295706	0.0005498781
0.2371884	0.0005504274
0.2448061	0.0005509858
0.2524238	0.0005515562
0.2600416	0.0005521319
0.2676593	0.000552709
0.275277	0.0005531786
0.2828947	0.0005535947
0.2905125	0.0005540172
0.2981302	0.0005544437
0.3057479	0.0005548738
0.3133657	0.0005553062
0.3209834	0.0005557405
0.3286011	0.0005561766
0.3362188	0.0005566143
0.3438366	0.0005570537
0.3514543	0.0005574947
0.359072	0.0005579373
0.3666898	0.0005583817
0.3743075	0.0005588276
0.3819252	0.0005592752
0.3895429	0.0005597244
0.3971607	0.0005601752
0.4047784	0.0005606277
0.4123961	0.0005610818
0.4200139	0.0005615377
0.4276316	0.0005619952
0.4352493	0.0005624544
0.442867	0.0005629152
0.4504848	0.0005633777
0.4581025	0.0005638421
0.4657202	0.0005643083
0.473338	0.0005647762
0.4809557	0.000565246
0.4885734	0.0005657176
0.4961911	0.000566191
0.5038089	0.0005666664
0.5114266	0.0005671439
0.5190443	0.0005676234
0.526662	0.0005681049
0.5342798	0.0005685885
0.5418975	0.0005690741
0.5495152	0.000569562
0.557133	0.0005700522
0.5647507	0.0005705448
0.5723684	0.0005710398
0.5799861	0.0005715372
0.5876039	0.0005720369
0.5952216	0.0005725393
0.6028393	0.0005730443
0.6104571	0.0005735523
0.6180748	0.0005740631
0.6256925	0.0005745767
0.6333102	0.0005750933
0.640928	0.0005756128
0.6485457	0.0005761366
0.6561634	0.0005766672
0.6637812	0.0005772228
0.6713989	0.0005778137
0.6790166	0.000578443
0.6866343	0.0005791121
0.6942521	0.0005798228
0.7018698	0.000580577
0.7094875	0.0005813761
0.7171053	0.0005822212
0.724723	0.0005831141
0.7323407	0.0005840564
0.7399584	0.00058505
0.7475762	0.0005860975
0.7551939	0.0005872012
0.7628116	0.0005883625
0.7704294	0.0005895836
0.7780471	0.0005908666
0.7856648	0.0005922141
0.7932825	0.0005936291
0.8009003	0.0005951153
0.808518	0.0005966747
0.8161357	0.0005983099
0.8237535	0.0006000238
0.8313712	0.0006018198
0.8389889	0.0006037018
0.8466066	0.0006056747
0.8542244	0.0006077422
0.8618421	0.0006099072
0.8694598	0.000612174
0.8770776	0.0006145469
0.8846953	0.0006170312
0.892313	0.0006196333
0.8999307	0.0006223593
0.9075485	0.0006252136
0.9151662	0.0006282015
0.9227839	0.0006313296
0.9304017	0.0006346046
0.9380194	0.0006380356
0.9456371	0.0006416325
0.9532548	0.0006454033
0.9608726	0.0006493529
0.9684903	0.0006535009
0.976108	0.0006578386
0.9837258	0.000662331
0.9913435	0.0006672528
0.9989612	0.0006715383
