0.015625	0.0008204352
0.046875	0.002399803
0.078125	0.003930908
0.109375	0.00541963
0.140625	0.006865884
0.171875	0.008271116
0.203125	0.009635669
0.234375	0.01096181
0.265625	0.01224983
0.296875	0.01350121
0.328125	0.01471566
0.359375	0.01589345
0.390625	0.01703358
0.421875	0.0181344
0.453125	0.01919363
0.484375	0.02020639
0.515625	0.02116841
0.546875	0.02206944
0.578125	0.02290192
0.609375	0.02364611
0.640625	0.02428855
0.671875	0.02479428
0.703125	0.0251413
0.734375	0.02526735
0.765625	0.02513134
0.796875	0.02460358
0.828125	0.02360152
0.859375	0.0219096
0.890625	0.01941339
0.921875	0.01563082
0.953125	0.01016689
0.984375	0.00109229
