-0.002373996	-0.00096827
0.005295836	4.690872e-06
0.01296567	0.0003129046
0.0206355	0.0005663576
0.02830533	0.0008251112
0.03597516	0.001094089
0.043645	0.001363174
0.05131483	0.00163217
0.05898466	0.001899656
0.06665449	0.002165764
0.07432432	0.002430491
0.08199416	0.002693751
0.08966399	0.002955546
0.09733382	0.003215829
0.1050037	0.003474566
0.1126735	0.003731722
0.1203433	0.003987257
0.1280131	0.004241127
0.135683	0.004493296
0.1433528	0.004743717
0.1510226	0.004992349
0.1586925	0.005239143
0.1663623	0.005484052
0.1740321	0.005727025
0.181702	0.00596801
0.1893718	0.006206956
0.1970416	0.006443809
0.2047115	0.006678513
0.2123813	0.00691101
0.2200511	0.007141241
0.227721	0.007369139
0.2353908	0.007594643
0.2430606	0.007817684
0.2507305	0.008038194
0.2584003	0.008256102
0.2660701	0.008471336
0.27374	0.008683817
0.2814098	0.008893468
0.2890796	0.009100203
0.2967495	0.009303932
0.3044193	0.009504517
0.3120891	0.009701758
0.3197589	0.009895446
0.3274288	0.01008571
0.3350986	0.01027265
0.3427684	0.01045609
0.3504383	0.01063588
0.3581081	0.01081193
0.3657779	0.01098418
0.3734478	0.01115257
0.3811176	0.01131703
0.3887874	0.0114775
0.3964573	0.01163392
0.4041271	0.01178621
0.4117969	0.01193431
0.4194668	0.01207814
0.4271366	0.01221765
0.4348064	0.01235275
0.4424763	0.01248337
0.4501461	0.01260945
0.4578159	0.01273089
0.4654858	0.01284763
0.4731556	0.01295957
0.4808254	0.01306666
0.4884953	0.0131688
0.4961651	0.0132659
0.5038349	0.01335789
0.5115047	0.01344467
0.5191746	0.01352615
0.5268444	0.01360225
0.5345142	0.01367287
0.5421841	0.01373791
0.5498539	0.01379728
0.5575237	0.01385088
0.5651936	0.01389861
0.5728634	0.01394036
0.5805332	0.01397602
0.5882031	0.01400549
0.5958729	0.01402866
0.6035427	0.01404541
0.6112126	0.01405563
0.6188824	0.0140592
0.6265522	0.01405599
0.6342221	0.01404588
0.6418919	0.01402874
0.6495617	0.01400444
0.6572316	0.01397285
0.6649014	0.01393383
0.6725712	0.01388724
0.6802411	0.01383292
0.6879109	0.01377074
0.6955807	0.01370057
0.7032505	0.01362224
0.7109204	0.01353549
0.7185902	0.01344003
0.72626	0.01333554
0.7339299	0.01322171
0.7415997	0.0130982
0.7492695	0.01296467
0.7569394	0.01282079
0.7646092	0.01266617
0.772279	0.01250044
0.7799489	0.0123232
0.7876187	0.01213404
0.7952885	0.01193249
0.8029584	0.01171811
0.8106282	0.01149042
0.818298	0.01124891
0.8259679	0.01099308
0.8336377	0.01072237
0.8413075	0.01043621
0.8489774	0.010134
0.8566472	0.009815062
0.864317	0.009478758
0.8719869	0.009124374
0.8796567	0.008751192
0.8873265	0.00835843
0.8949963	0.007945287
0.9026662	0.007510891
0.910336	0.007054292
0.9180058	0.00657453
0.9256757	0.006070593
0.9333455	0.005541404
0.9410153	0.004985848
0.9486852	0.004402699
0.956355	0.003790679
0.9640248	0.003148595
0.9716947	0.002473969
0.9793645	0.00176248
0.9870343	0.00100138
0.9947042	0.0001923678
1.002374	-0.0005039291
