0.0078125	1.541786e-05
0.0234375	4.625235e-05
0.0390625	7.708308e-05
0.0546875	0.0001079076
0.0703125	0.0001387234
0.0859375	0.0001695282
0.1015625	0.0002003197
0.1171875	0.0002310958
0.1328125	0.0002618549
0.1484375	0.0002925954
0.1640625	0.0003233166
0.1796875	0.0003540183
0.1953125	0.0003847014
0.2109375	0.0004153681
0.2265625	0.0004460222
0.2421875	0.0004766699
0.2578125	0.0005073201
0.2734375	0.0005379849
0.2890625	0.0005686804
0.3046875	0.0005994274
0.3203125	0.0006302514
0.3359375	0.0006611832
0.3515625	0.000692258
0.3671875	0.0007235148
0.3828125	0.0007549938
0.3984375	0.0007867335
0.4140625	0.0008187665
0.4296875	0.0008511145
0.4453125	0.0008837856
0.4609375	0.0009167787
0.4765625	0.0009501039
0.4921875	0.0009837537
0.5078125	1.416256e-07
0.5234375	2.207501e-06
0.5390625	4.014162e-06
0.5546875	5.53086e-06
0.5703125	6.772888e-06
0.5859375	7.740353e-06
0.6015625	8.438944e-06
0.6171875	8.885782e-06
0.6328125	9.107485e-06
0.6484375	9.136293e-06
0.6640625	9.006387e-06
0.6796875	8.751047e-06
0.6953125	8.400749e-06
0.7109375	7.982101e-06
0.7265625	7.517434e-06
0.7421875	7.024842e-06
0.7578125	6.518508e-06
0.7734375	6.009174e-06
0.7890625	5.50467e-06
0.8046875	5.010431e-06
0.8203125	4.529968e-06
0.8359375	4.065282e-06
0.8515625	3.617214e-06
0.8671875	3.185721e-06
0.8828125	2.770111e-06
0.8984375	2.369211e-06
0.9140625	1.981507e-06
0.9296875	1.605245e-06
0.9453125	1.238505e-06
0.9609375	8.792559e-07
0.9765625	5.253948e-07
0.9921875	1.747747e-07
