-0.01470588	2.958387e-05
0.01838235	8.882365e-05
0.05147059	0.000146986
0.08455882	0.000203826
0.1176471	0.0002592747
0.1507353	0.0003132496
0.1838235	0.0003657054
0.2169118	0.0004165549
0.25	0.0004656263
0.2830882	0.0005127133
0.3161765	0.0005575545
0.3492647	0.0005998825
0.3823529	0.0006393991
0.4154412	0.0006757284
0.4485294	0.0007084953
0.4816176	0.0007372098
0.5147059	0.0007611903
0.5477941	0.0007794307
0.5808824	0.0007903844
0.6139706	0.0007966649
0.6470588	0.0007978787
0.6801471	0.0007931323
0.7132353	0.0007817988
0.7463235	0.0007633433
0.7794118	0.000737187
0.8125	0.0007027007
0.8455882	0.0006591979
0.8786765	0.0006059331
0.9117647	0.000542074
0.9448529	0.0004668147
0.9779412	0.0003789414
1.011029	0.0002752158
