-0.001697601	0.001290497
0.005319149	0.001476022
0.0123359	0.001658694
0.01935265	0.001838369
0.0263694	0.002015147
0.03338615	0.002189055
0.0404029	0.00236012
0.04741965	0.00252841
0.0544364	0.002693942
0.06145315	0.00285673
0.0684699	0.00301682
0.07548665	0.003174236
0.0825034	0.003328998
0.08952014	0.003481139
0.09653689	0.003630691
0.1035536	0.003777673
0.1105704	0.003922118
0.1175871	0.004064057
0.1246039	0.004203515
0.1316206	0.004340519
0.1386374	0.004475107
0.1456541	0.004607302
0.1526709	0.004737133
0.1596876	0.004864636
0.1667044	0.00498984
0.1737211	0.005112771
0.1807379	0.00523347
0.1877546	0.005351964
0.1947714	0.005468283
0.2017881	0.005582466
0.2088049	0.005694545
0.2158216	0.005804549
0.2228384	0.005912518
0.2298551	0.006018486
0.2368719	0.006122484
0.2438886	0.006224552
0.2509054	0.006324727
0.2579221	0.006423041
0.2649389	0.006519533
0.2719556	0.006614244
0.2789724	0.006707207
0.2859891	0.006798462
0.2930059	0.006888051
0.3000226	0.00697601
0.3070394	0.007062377
0.3140561	0.007147201
0.3210729	0.007230518
0.3280896	0.007312376
0.3351064	0.007392819
0.3421231	0.007471844
0.3491399	0.007549442
0.3561566	0.007625606
0.3631734	0.00770033
0.3701901	0.007773606
0.3772069	0.007845428
0.3842236	0.007915788
0.3912404	0.007984675
0.3982571	0.008052081
0.4052739	0.008117993
0.4122906	0.008182399
0.4193074	0.008245284
0.4263241	0.008306636
0.4333409	0.008366434
0.4403576	0.008424664
0.4473744	0.008481302
0.4543911	0.00853633
0.4614079	0.008589723
0.4684246	0.008641456
0.4754414	0.008691501
0.4824581	0.008739831
0.4894749	0.008786411
0.4964916	0.008831208
0.5035084	0.008874186
0.5105251	0.008915305
0.5175419	0.00895452
0.5245586	0.008991789
0.5315754	0.009027059
0.5385921	0.009060281
0.5456089	0.009091396
0.5526256	0.009120345
0.5596424	0.009147061
0.5666591	0.009171479
0.5736759	0.009193521
0.5806926	0.009213108
0.5877094	0.009230157
0.5947261	0.009244577
0.6017429	0.009256267
0.6087596	0.009265129
0.6157764	0.00927105
0.6227931	0.009273908
0.6298099	0.009273578
0.6368266	0.009269932
0.6438434	0.00926281
0.6508601	0.009252069
0.6578769	0.009237542
0.6648936	0.009219046
0.6719104	0.009196391
0.6789271	0.009169388
0.6859439	0.009137801
0.6929606	0.009101406
0.6999774	0.00905996
0.7069941	0.009013189
0.7140109	0.008960803
0.7210276	0.008902514
0.7280444	0.008837977
0.7350611	0.008766845
0.7420779	0.00868875
0.7490946	0.008603272
0.7561114	0.008509808
0.7631281	0.008407254
0.7701449	0.008293456
0.7771616	0.008179176
0.7841784	0.008065586
0.7911951	0.007951568
0.7982119	0.00783654
0.8052286	0.007720187
0.8122454	0.007602231
0.8192621	0.007482361
0.8262789	0.007360283
0.8332956	0.007235698
0.8403124	0.007108255
0.8473291	0.00697763
0.8543459	0.006843488
0.8613626	0.006705449
0.8683794	0.006563146
0.8753961	0.006416216
0.8824129	0.006264243
0.8894296	0.006106824
0.8964464	0.005943557
0.9034631	0.005773999
0.9104799	0.005597701
0.9174966	0.00541423
0.9245134	0.005223112
0.9315301	0.005023862
0.9385469	0.004816006
0.9455636	0.004599051
0.9525804	0.004372474
0.9595971	0.004135778
0.9666139	0.003888443
0.9736306	0.003629958
0.9806474	0.003359782
0.9876641	0.003077288
0.9946809	0.002782304
1.001698	0.002474031
