0.015625	-0.001297017
0.046875	0.001513096
0.078125	0.005406521
0.109375	0.008268837
0.140625	0.01053744
0.171875	0.01284965
0.203125	0.01525396
0.234375	0.01762462
0.265625	0.0199025
0.296875	0.02206038
0.328125	0.02411645
0.359375	0.02607995
0.390625	0.02794536
0.421875	0.02969699
0.453125	0.03132914
0.484375	0.03282994
0.515625	0.0341924
0.546875	0.03539849
0.578125	0.03643565
0.609375	0.037275
0.640625	0.03789776
0.671875	0.03825942
0.703125	0.03832776
0.734375	0.03800709
0.765625	0.03723218
0.796875	0.03588113
0.828125	0.03389846
0.859375	0.03105403
0.890625	0.02710992
0.921875	0.021035
0.953125	0.01214487
0.984375	0.0002949071
