-0.003443526	0.0006754937
0.0043618	0.0006755046
0.01216713	0.000675538
0.01997245	0.0006755789
0.02777778	0.0006756168
0.0355831	0.000675647
0.04338843	0.0006756679
0.05119376	0.0006756789
0.05899908	0.0006756795
0.06680441	0.000675669
0.07460973	0.0006756469
0.08241506	0.0006756123
0.09022039	0.0006755647
0.09802571	0.0006755032
0.105831	0.0006754268
0.1136364	0.0006753348
0.1214417	0.0006752261
0.129247	0.0006750995
0.1370523	0.000674954
0.1448577	0.0006747883
0.152663	0.000674601
0.1604683	0.0006743907
0.1682736	0.0006741558
0.176079	0.0006738944
0.1838843	0.0006736052
0.1916896	0.0006732833
0.1994949	0.0006729349
0.2073003	0.0006725328
0.2151056	0.0006722627
0.2229109	0.000672368
0.2307163	0.0006726424
0.2385216	0.0006729069
0.2463269	0.000673189
0.2541322	0.0006734395
0.2619376	0.000673694
0.2697429	0.0006739269
0.2775482	0.0006741535
0.2853535	0.0006743645
0.2931589	0.0006745638
0.3009642	0.0006747489
0.3087695	0.0006749202
0.3165748	0.0006750768
0.3243802	0.0006752181
0.3321855	0.0006753437
0.3399908	0.0006754529
0.3477961	0.0006755451
0.3556015	0.0006756197
0.3634068	0.0006756759
0.3712121	0.0006757133
0.3790174	0.0006757309
0.3868228	0.0006757281
0.3946281	0.0006757043
0.4024334	0.0006756585
0.4102388	0.00067559
0.4180441	0.000675498
0.4258494	0.0006753817
0.4336547	0.0006752401
0.4414601	0.0006750723
0.4492654	0.0006748775
0.4570707	0.0006746546
0.464876	0.0006744034
0.4726814	0.0006741262
0.4804867	0.0006738388
0.488292	0.0006735776
0.4960973	0.0006733443
0.5039027	0.0006731448
0.511708	0.0006729788
0.5195133	0.0006728507
0.5273186	0.0006727619
0.535124	0.0006727164
0.5429293	0.0006727172
0.5507346	0.0006727684
0.5585399	0.0006728742
0.5663453	0.0006730393
0.5741506	0.000673269
0.5819559	0.0006735693
0.5897612	0.0006739465
0.5975666	0.000674408
0.6053719	0.000674962
0.6131772	0.0006756178
0.6209826	0.0006763859
0.6287879	0.0006772781
0.6365932	0.0006783076
0.6443985	0.0006794896
0.6522039	0.0006808414
0.6600092	0.0006823827
0.6678145	0.000684136
0.6756198	0.0006861271
0.6834252	0.000688385
0.6912305	0.0006909447
0.6990358	0.0006938458
0.7068411	0.0006971394
0.7146465	0.0007008713
0.7224518	0.0007051916
0.7302571	0.0007099345
0.7380624	0.0007092839
0.7458678	0.0007076905
0.7536731	0.0007062817
0.7614784	0.0007048269
0.7692837	0.0007035211
0.7770891	0.0007022088
0.7848944	0.0007010007
0.7926997	0.0006998265
0.8005051	0.0006987287
0.8083104	0.0006976855
0.8161157	0.0006967076
0.823921	0.0006957904
0.8317264	0.0006949351
0.8395317	0.0006941404
0.847337	0.0006934051
0.8551423	0.0006927276
0.8629477	0.0006921056
0.870753	0.0006915365
0.8785583	0.0006910169
0.8863636	0.0006905429
0.894169	0.0006901096
0.9019743	0.0006897114
0.9097796	0.000689342
0.9175849	0.0006889939
0.9253903	0.0006886586
0.9331956	0.0006883264
0.9410009	0.0006879865
0.9488062	0.0006876262
0.9566116	0.0006872317
0.9644169	0.0006867869
0.9722222	0.0006862781
0.9800275	0.000685682
0.9878329	0.0006850141
0.9956382	0.0006844269
1.003444	0.0006845347
