-0.002744932	-0.0008699575
0.006123311	-1.118935e-05
0.01499155	3.441733e-05
0.0238598	8.243034e-06
0.03272804	3.595155e-06
0.04159628	1.646896e-06
0.05046453	1.479765e-06
0.05933277	1.074015e-06
0.06820101	9.724649e-07
0.07706926	8.711656e-07
0.0859375	7.967769e-07
0.09480574	7.498363e-07
0.103674	7.131714e-07
0.1125422	6.885794e-07
0.1214105	6.670008e-07
0.1302787	6.549448e-07
0.139147	6.477297e-07
0.1480152	6.425319e-07
0.1568834	6.399136e-07
0.1657517	6.378681e-07
0.1746199	6.374038e-07
0.1834882	6.366742e-07
0.1923564	6.367282e-07
0.2012247	6.373756e-07
0.2100929	6.381871e-07
0.2189611	6.385841e-07
0.2278294	6.390448e-07
0.2366976	6.387683e-07
0.2455659	6.385824e-07
0.2544341	6.372918e-07
0.2633024	6.362787e-07
0.2721706	6.342203e-07
0.2810389	6.321126e-07
0.2899071	6.288749e-07
0.2987753	6.256303e-07
0.3076436	6.211969e-07
0.3165118	6.170127e-07
0.3253801	6.115204e-07
0.3342483	6.0601e-07
0.3431166	5.993459e-07
0.3519848	5.926916e-07
0.360853	5.848739e-07
0.3697213	5.771693e-07
0.3785895	5.683025e-07
0.3874578	5.601126e-07
0.396326	5.501341e-07
0.4051943	5.405859e-07
0.4140625	5.297054e-07
0.4229307	5.192225e-07
0.431799	5.076186e-07
0.4406672	4.963871e-07
0.4495355	4.844445e-07
0.4584037	4.728343e-07
0.467272	4.597432e-07
0.4761402	4.472847e-07
0.4850084	4.335974e-07
0.4938767	4.208887e-07
0.5027449	4.066068e-07
0.5116132	3.943674e-07
0.5204814	3.7568e-07
0.5293497	3.493431e-07
0.5382179	3.68354e-07
0.5470861	3.429249e-07
0.5559544	3.228952e-07
0.5648226	3.095052e-07
0.5736909	2.945676e-07
0.5825591	2.808892e-07
0.5914274	2.657934e-07
0.6002956	2.518196e-07
0.6091639	2.367788e-07
0.6180321	2.227838e-07
0.6269003	2.080761e-07
0.6357686	1.944194e-07
0.6446368	1.798661e-07
0.6535051	1.66612e-07
0.6623733	1.522954e-07
0.6712416	1.391615e-07
0.6801098	1.252442e-07
0.688978	1.125859e-07
0.6978463	9.916208e-08
0.7067145	8.727227e-08
0.7155828	7.450506e-08
0.724451	6.292022e-08
0.7333193	5.072304e-08
0.7421875	3.956986e-08
0.7510557	2.808238e-08
0.759924	1.781933e-08
0.7687922	6.905029e-09
0.7776605	-2.031036e-09
0.7865287	-1.216996e-08
0.795397	-2.094376e-08
0.8042652	-3.013289e-08
0.8131334	-3.817571e-08
0.8220017	-4.628937e-08
0.8308699	-5.338003e-08
0.8397382	-6.054298e-08
0.8486064	-6.611125e-08
0.8574747	-7.258415e-08
0.8663429	-7.773462e-08
0.8752111	-8.306022e-08
0.8840794	-8.710828e-08
0.8929476	-9.120914e-08
0.9018159	-9.40912e-08
0.9106841	-9.651972e-08
0.9195524	-9.825939e-08
0.9284206	-9.993715e-08
0.9372889	-1.007523e-07
0.9461571	-1.010384e-07
0.9550253	-1.001002e-07
0.9638936	-9.88751e-08
0.9727618	-9.561645e-08
0.9816301	-9.216895e-08
0.9904983	-8.860771e-08
0.9993666	-8.370411e-08
