-0.002373996	-0.0006681945
0.005295836	0.0007558517
0.01296567	0.0009610278
0.0206355	0.001159916
0.02830533	0.001421163
0.03597516	0.001693064
0.043645	0.001969164
0.05131483	0.002244095
0.05898466	0.002517884
0.06665449	0.002790327
0.07432432	0.003061304
0.08199416	0.003330907
0.08966399	0.003599072
0.09733382	0.003865778
0.1050037	0.004130982
0.1126735	0.004394654
0.1203433	0.00465675
0.1280131	0.004917227
0.135683	0.005176047
0.1433528	0.005433162
0.1510226	0.005688531
0.1586925	0.005942105
0.1663623	0.006193839
0.1740321	0.00644368
0.181702	0.006691579
0.1893718	0.006937481
0.1970416	0.007181335
0.2047115	0.007423082
0.2123813	0.007662665
0.2200511	0.007900023
0.227721	0.008135093
0.2353908	0.008367809
0.2430606	0.008598104
0.2507305	0.00882591
0.2584003	0.009051154
0.2660701	0.009273762
0.27374	0.009493658
0.2814098	0.00971076
0.2890796	0.009924985
0.2967495	0.01013624
0.3044193	0.01034439
0.3120891	0.01054925
0.3197589	0.01075062
0.3274288	0.01094849
0.3350986	0.01114299
0.3427684	0.01133394
0.3504383	0.01152119
0.3581081	0.01170465
0.3657779	0.01188425
0.3734478	0.01205993
0.3811176	0.01223163
0.3887874	0.01239928
0.3964573	0.0125628
0.4041271	0.01272213
0.4117969	0.0128772
0.4194668	0.01302793
0.4271366	0.01317425
0.4348064	0.0133161
0.4424763	0.01345338
0.4501461	0.01358603
0.4578159	0.01371396
0.4654858	0.0138371
0.4731556	0.01395536
0.4808254	0.01406866
0.4884953	0.01417692
0.4961651	0.01428004
0.5038349	0.01437794
0.5115047	0.01447053
0.5191746	0.01455772
0.5268444	0.01463941
0.5345142	0.0147155
0.5421841	0.01478591
0.5498539	0.01485053
0.5575237	0.01490925
0.5651936	0.01496198
0.5728634	0.0150086
0.5805332	0.01504901
0.5882031	0.01508309
0.5958729	0.01511074
0.6035427	0.01513184
0.6112126	0.01514626
0.6188824	0.01515389
0.6265522	0.0151546
0.6342221	0.01514826
0.6418919	0.01513474
0.6495617	0.01511392
0.6572316	0.01508564
0.6649014	0.01504978
0.6725712	0.01500618
0.6802411	0.01495471
0.6879109	0.0148952
0.6955807	0.01482754
0.7032505	0.01475155
0.7109204	0.01466699
0.7185902	0.01457352
0.72626	0.01447086
0.7339299	0.01435868
0.7415997	0.01423664
0.7492695	0.01410441
0.7569394	0.01396162
0.7646092	0.01380792
0.772279	0.01364292
0.7799489	0.01346622
0.7876187	0.0132774
0.7952885	0.01307601
0.8029584	0.01286158
0.8106282	0.01263364
0.818298	0.01239169
0.8259679	0.0121352
0.8336377	0.01186364
0.8413075	0.01157642
0.8489774	0.01127294
0.8566472	0.01095253
0.864317	0.01061455
0.8719869	0.01025827
0.8796567	0.009882997
0.8873265	0.009487932
0.8949963	0.009072277
0.9026662	0.00863516
0.910336	0.008175639
0.9180058	0.007692757
0.9256757	0.007185502
0.9333455	0.006652809
0.9410153	0.00609355
0.9486852	0.005506425
0.956355	0.004890741
0.9640248	0.004243752
0.9716947	0.003566808
0.9793645	0.002850856
0.9870343	0.002067189
0.9947042	0.001096348
1.002374	0.0008041134
