-0.002373996	0.0005187892
0.005295836	0.0005045229
0.01296567	0.0005294175
0.0206355	0.0005408003
0.02830533	0.0005429777
0.03597516	0.0005432335
0.043645	0.0005432584
0.05131483	0.0005435026
0.05898466	0.0005438335
0.06665449	0.0005442194
0.07432432	0.0005446253
0.08199416	0.0005450401
0.08966399	0.000545463
0.09733382	0.0005458939
0.1050037	0.0005463332
0.1126735	0.0005467814
0.1203433	0.0005472385
0.1280131	0.0005477047
0.135683	0.0005481803
0.1433528	0.0005486653
0.1510226	0.0005491601
0.1586925	0.0005496649
0.1663623	0.0005501802
0.1740321	0.0005507062
0.181702	0.000551243
0.1893718	0.0005517909
0.1970416	0.0005523502
0.2047115	0.0005529211
0.2123813	0.000553504
0.2200511	0.0005540993
0.227721	0.0005547074
0.2353908	0.0005553284
0.2430606	0.0005559627
0.2507305	0.0005566106
0.2584003	0.0005572725
0.2660701	0.0005579488
0.27374	0.0005586398
0.2814098	0.0005593462
0.2890796	0.0005600685
0.2967495	0.000560808
0.3044193	0.0005615664
0.3120891	0.0005623412
0.3197589	0.0005631088
0.3274288	0.0005637649
0.3350986	0.0005643533
0.3427684	0.0005649352
0.3504383	0.0005655261
0.3581081	0.0005661254
0.3657779	0.000566732
0.3734478	0.0005673455
0.3811176	0.0005679658
0.3887874	0.0005685927
0.3964573	0.0005692264
0.4041271	0.0005698668
0.4117969	0.0005705139
0.4194668	0.0005711676
0.4271366	0.000571828
0.4348064	0.000572495
0.4424763	0.0005731687
0.4501461	0.0005738491
0.4578159	0.0005745363
0.4654858	0.0005752302
0.4731556	0.0005759307
0.4808254	0.000576638
0.4884953	0.0005773519
0.4961651	0.0005780725
0.5038349	0.0005787999
0.5115047	0.0005795341
0.5191746	0.0005802751
0.5268444	0.0005810229
0.5345142	0.0005817774
0.5421841	0.0005825386
0.5498539	0.0005833066
0.5575237	0.0005840814
0.5651936	0.0005848631
0.5728634	0.0005856517
0.5805332	0.0005864472
0.5882031	0.0005872495
0.5958729	0.0005880586
0.6035427	0.0005888745
0.6112126	0.0005896972
0.6188824	0.000590527
0.6265522	0.0005913639
0.6342221	0.0005922078
0.6418919	0.0005930586
0.6495617	0.0005939163
0.6572316	0.0005947809
0.6649014	0.0005956525
0.6725712	0.0005965312
0.6802411	0.0005974172
0.6879109	0.0005983105
0.6955807	0.0005992121
0.7032505	0.0006001267
0.7109204	0.0006010784
0.7185902	0.0006020764
0.72626	0.0006031234
0.7339299	0.0006042218
0.7415997	0.0006053734
0.7492695	0.0006065794
0.7569394	0.0006078416
0.7646092	0.0006091618
0.772279	0.000610542
0.7799489	0.0006119844
0.7876187	0.0006134916
0.7952885	0.0006150667
0.8029584	0.0006167115
0.8106282	0.0006184281
0.818298	0.0006202192
0.8259679	0.0006220876
0.8336377	0.0006240362
0.8413075	0.0006260686
0.8489774	0.0006281891
0.8566472	0.0006304011
0.864317	0.0006327074
0.8719869	0.0006351116
0.8796567	0.0006376178
0.8873265	0.0006402303
0.8949963	0.0006429539
0.9026662	0.0006457947
0.910336	0.0006487593
0.9180058	0.0006518515
0.9256757	0.0006550769
0.9333455	0.0006584411
0.9410153	0.0006619533
0.9486852	0.0006656166
0.956355	0.0006694384
0.9640248	0.0006734729
0.9716947	0.00067763
0.9793645	0.0006821651
0.9870343	0.0006867241
0.9947042	0.0006915938
1.002374	0.0006864652
