0.015625	3.374865e-05
0.046875	0.0001038327
0.078125	0.0001779864
0.109375	0.0002574441
0.140625	0.0003425912
0.171875	0.0004330476
0.203125	0.0005290109
0.234375	0.0006315607
0.265625	0.0007422173
0.296875	0.0008615597
0.328125	0.0009882287
0.359375	0.00112249
0.390625	0.001267188
0.421875	0.001427582
0.453125	0.00160505
0.484375	0.001792686
0.515625	0.001990323
0.546875	0.002204967
0.578125	0.002451676
0.609375	0.002741274
0.640625	0.003042879
0.671875	0.003356888
0.703125	0.003695291
0.734375	0.004098581
0.765625	0.004645291
0.796875	0.005168084
0.828125	0.005667271
0.859375	0.00614527
0.890625	0.006537022
0.921875	0.006325966
0.953125	0.004326339
0.984375	0.0005520538
