-0.002373996	-0.0005613959
0.005295836	0.001191224
0.01296567	0.001003606
0.0206355	0.001267644
0.02830533	0.001523278
0.03597516	0.001802547
0.043645	0.002080515
0.05131483	0.002357569
0.05898466	0.002633233
0.06665449	0.002907279
0.07432432	0.003180115
0.08199416	0.003451508
0.08966399	0.003721518
0.09733382	0.003990085
0.1050037	0.004257181
0.1126735	0.004522762
0.1203433	0.004786789
0.1280131	0.005049221
0.135683	0.005310016
0.1433528	0.005569131
0.1510226	0.005826519
0.1586925	0.006082135
0.1663623	0.006335931
0.1740321	0.006587854
0.181702	0.006837855
0.1893718	0.007085879
0.1970416	0.007331873
0.2047115	0.00757578
0.2123813	0.00781754
0.2200511	0.008057096
0.227721	0.008294379
0.2353908	0.008529326
0.2430606	0.00876187
0.2507305	0.00899194
0.2584003	0.009219466
0.2660701	0.009444372
0.27374	0.009666582
0.2814098	0.009886014
0.2890796	0.01010258
0.2967495	0.0103162
0.3044193	0.01052672
0.3120891	0.01073399
0.3197589	0.0109378
0.3274288	0.01113804
0.3350986	0.0113349
0.3427684	0.01152818
0.3504383	0.01171774
0.3581081	0.01190349
0.3657779	0.01208536
0.3734478	0.0122633
0.3811176	0.01243722
0.3887874	0.01260706
0.3964573	0.01277276
0.4041271	0.01293423
0.4117969	0.01309142
0.4194668	0.01324425
0.4271366	0.01339264
0.4348064	0.01353651
0.4424763	0.0136758
0.4501461	0.01381042
0.4578159	0.01394029
0.4654858	0.01406533
0.4731556	0.01418546
0.4808254	0.01430059
0.4884953	0.01441064
0.4961651	0.01451552
0.5038349	0.01461514
0.5115047	0.0147094
0.5191746	0.01479822
0.5268444	0.0148815
0.5345142	0.01495914
0.5421841	0.01503104
0.5498539	0.01509711
0.5575237	0.01515724
0.5651936	0.01521132
0.5728634	0.01525925
0.5805332	0.01530091
0.5882031	0.01533619
0.5958729	0.01536498
0.6035427	0.01538716
0.6112126	0.01540262
0.6188824	0.01541122
0.6265522	0.01541285
0.6342221	0.01540737
0.6418919	0.01539464
0.6495617	0.01537455
0.6572316	0.01534694
0.6649014	0.01531169
0.6725712	0.01526864
0.6802411	0.01521764
0.6879109	0.01515855
0.6955807	0.01509123
0.7032505	0.01501553
0.7109204	0.01493118
0.7185902	0.01483786
0.72626	0.01473528
0.7339299	0.0146231
0.7415997	0.014501
0.7492695	0.01436864
0.7569394	0.01422565
0.7646092	0.01407167
0.772279	0.01390633
0.7799489	0.01372921
0.7876187	0.0135399
0.7952885	0.01333795
0.8029584	0.01312289
0.8106282	0.01289424
0.818298	0.01265152
0.8259679	0.01239419
0.8336377	0.01212172
0.8413075	0.01183353
0.8489774	0.011529
0.8566472	0.01120749
0.864317	0.01086834
0.8719869	0.01051086
0.8796567	0.01013431
0.8873265	0.009737926
0.8949963	0.009320911
0.9026662	0.008882407
0.910336	0.008421471
0.9180058	0.007937164
0.9256757	0.007428485
0.9333455	0.006894384
0.9410153	0.006333787
0.9486852	0.005745277
0.956355	0.005128345
0.9640248	0.004480545
0.9716947	0.003803436
0.9793645	0.003087002
0.9870343	0.002318214
0.9947042	0.001279923
1.002374	0.0007780218
