0.0078125	1.547508e-05
0.0234375	4.6426e-05
0.0390625	7.737923e-05
0.0546875	0.0001083364
0.0703125	0.000139299
0.0859375	0.0001702689
0.1015625	0.0002012478
0.1171875	0.0002322377
0.1328125	0.0002632405
0.1484375	0.0002942584
0.1640625	0.0003252936
0.1796875	0.0003563485
0.1953125	0.0003874254
0.2109375	0.000418527
0.2265625	0.0004496558
0.2421875	0.0004808144
0.2578125	0.0005120051
0.2734375	0.0005432304
0.2890625	0.0005744923
0.3046875	0.0006057927
0.3203125	0.0006371331
0.3359375	0.0006685144
0.3515625	0.000699937
0.3671875	0.0007314005
0.3828125	0.0007629039
0.3984375	0.0007944453
0.4140625	0.0008260221
0.4296875	0.0008576309
0.4453125	0.0008892682
0.4609375	0.0009209327
0.4765625	0.0009526313
0.4921875	0.0009843714
0.5078125	-5.050552e-08
0.5234375	3.549996e-07
0.5390625	7.362264e-07
0.5546875	1.085267e-06
0.5703125	1.410422e-06
0.5859375	1.711873e-06
0.6015625	1.987011e-06
0.6171875	2.233003e-06
0.6328125	2.447527e-06
0.6484375	2.628934e-06
0.6640625	2.776248e-06
0.6796875	2.889134e-06
0.6953125	2.967825e-06
0.7109375	3.013056e-06
0.7265625	3.025978e-06
0.7421875	3.00808e-06
0.7578125	2.961114e-06
0.7734375	2.887014e-06
0.7890625	2.787836e-06
0.8046875	2.665701e-06
0.8203125	2.522743e-06
0.8359375	2.361073e-06
0.8515625	2.182747e-06
0.8671875	1.989747e-06
0.8828125	1.783966e-06
0.8984375	1.567203e-06
0.9140625	1.341156e-06
0.9296875	1.107435e-06
0.9453125	8.675625e-07
0.9609375	6.229879e-07
0.9765625	3.751014e-07
0.9921875	1.252493e-07
