-0.002373996	-0.0005613943
0.005295836	0.001191208
0.01296567	0.001003606
0.0206355	0.00126764
0.02830533	0.001523273
0.03597516	0.00180254
0.043645	0.002080509
0.05131483	0.002357563
0.05898466	0.002633226
0.06665449	0.002907272
0.07432432	0.003180106
0.08199416	0.003451499
0.08966399	0.003721509
0.09733382	0.003990074
0.1050037	0.004257171
0.1126735	0.004522751
0.1203433	0.004786778
0.1280131	0.00504921
0.135683	0.005310004
0.1433528	0.005569118
0.1510226	0.005826507
0.1586925	0.006082123
0.1663623	0.006335918
0.1740321	0.006587841
0.181702	0.006837842
0.1893718	0.007085866
0.1970416	0.00733186
0.2047115	0.007575767
0.2123813	0.007817527
0.2200511	0.008057082
0.227721	0.008294365
0.2353908	0.008529313
0.2430606	0.008761857
0.2507305	0.008991928
0.2584003	0.009219454
0.2660701	0.00944436
0.27374	0.00966657
0.2814098	0.009886002
0.2890796	0.01010257
0.2967495	0.01031618
0.3044193	0.01052671
0.3120891	0.01073398
0.3197589	0.01093779
0.3274288	0.01113803
0.3350986	0.01133489
0.3427684	0.01152817
0.3504383	0.01171773
0.3581081	0.01190348
0.3657779	0.01208536
0.3734478	0.01226329
0.3811176	0.01243721
0.3887874	0.01260705
0.3964573	0.01277275
0.4041271	0.01293423
0.4117969	0.01309142
0.4194668	0.01324424
0.4271366	0.01339263
0.4348064	0.01353651
0.4424763	0.0136758
0.4501461	0.01381042
0.4578159	0.01394029
0.4654858	0.01406533
0.4731556	0.01418546
0.4808254	0.01430059
0.4884953	0.01441064
0.4961651	0.01451552
0.5038349	0.01461514
0.5115047	0.0147094
0.5191746	0.01479822
0.5268444	0.0148815
0.5345142	0.01495914
0.5421841	0.01503105
0.5498539	0.01509712
0.5575237	0.01515724
0.5651936	0.01521133
0.5728634	0.01525925
0.5805332	0.01530091
0.5882031	0.0153362
0.5958729	0.01536499
0.6035427	0.01538717
0.6112126	0.01540263
0.6188824	0.01541123
0.6265522	0.01541286
0.6342221	0.01540738
0.6418919	0.01539466
0.6495617	0.01537456
0.6572316	0.01534696
0.6649014	0.0153117
0.6725712	0.01526866
0.6802411	0.01521766
0.6879109	0.01515857
0.6955807	0.01509125
0.7032505	0.01501555
0.7109204	0.01493119
0.7185902	0.01483788
0.72626	0.0147353
0.7339299	0.01462312
0.7415997	0.01450102
0.7492695	0.01436866
0.7569394	0.01422567
0.7646092	0.0140717
0.772279	0.01390635
0.7799489	0.01372923
0.7876187	0.01353993
0.7952885	0.01333797
0.8029584	0.01312291
0.8106282	0.01289427
0.818298	0.01265154
0.8259679	0.01239422
0.8336377	0.01212174
0.8413075	0.01183355
0.8489774	0.01152902
0.8566472	0.01120751
0.864317	0.01086836
0.8719869	0.01051088
0.8796567	0.01013433
0.8873265	0.009737946
0.8949963	0.00932093
0.9026662	0.008882425
0.910336	0.008421488
0.9180058	0.00793718
0.9256757	0.007428499
0.9333455	0.006894397
0.9410153	0.006333797
0.9486852	0.005745286
0.956355	0.005128353
0.9640248	0.004480552
0.9716947	0.003803441
0.9793645	0.003087004
0.9870343	0.002318214
0.9947042	0.00127992
1.002374	0.0007780208
