0.015625	-0.001329992
0.046875	0.001459883
0.078125	0.005364771
0.109375	0.008265646
0.140625	0.01060212
0.171875	0.01301146
0.203125	0.01554279
0.234375	0.01806706
0.265625	0.02052472
0.296875	0.02288356
0.328125	0.02516044
0.359375	0.02735783
0.390625	0.02946815
0.421875	0.03146672
0.453125	0.03334464
0.484375	0.03507959
0.515625	0.03666074
0.546875	0.03805821
0.578125	0.03925529
0.609375	0.04021099
0.640625	0.04090227
0.671875	0.04127364
0.703125	0.04128961
0.734375	0.04084689
0.765625	0.03987918
0.796875	0.0382638
0.828125	0.03594828
0.859375	0.03271319
0.890625	0.02833009
0.921875	0.02180065
0.953125	0.01246497
0.984375	0.0002629337
