-0.002373996	0.002078337
0.005295836	0.002322692
0.01296567	0.002566
0.0206355	0.002807952
0.02830533	0.003048487
0.03597516	0.003287597
0.043645	0.003525279
0.05131483	0.003761515
0.05898466	0.003996286
0.06665449	0.004229562
0.07432432	0.004461323
0.08199416	0.004691539
0.08966399	0.004920185
0.09733382	0.005147232
0.1050037	0.005372653
0.1126735	0.005596416
0.1203433	0.005818494
0.1280131	0.006038853
0.135683	0.006257463
0.1433528	0.006474292
0.1510226	0.006689306
0.1586925	0.006902472
0.1663623	0.007113753
0.1740321	0.007323112
0.181702	0.007530514
0.1893718	0.007735918
0.1970416	0.007939287
0.2047115	0.00814058
0.2123813	0.008339754
0.2200511	0.008536768
0.227721	0.008731574
0.2353908	0.008924129
0.2430606	0.009114384
0.2507305	0.009302292
0.2584003	0.009487802
0.2660701	0.009670864
0.27374	0.009851423
0.2814098	0.01002943
0.2890796	0.01020481
0.2967495	0.01037752
0.3044193	0.01054742
0.3120891	0.0107143
0.3197589	0.01087797
0.3274288	0.01103901
0.3350986	0.01119755
0.3427684	0.0113534
0.3504383	0.01150644
0.3581081	0.0116566
0.3657779	0.01180383
0.3734478	0.01194812
0.3811176	0.01208942
0.3887874	0.0122277
0.3964573	0.01236292
0.4041271	0.01249504
0.4117969	0.01262403
0.4194668	0.01274984
0.4271366	0.01287243
0.4348064	0.01299177
0.4424763	0.01310781
0.4501461	0.01322051
0.4578159	0.01332982
0.4654858	0.0134357
0.4731556	0.01353809
0.4808254	0.01363696
0.4884953	0.01373225
0.4961651	0.01382391
0.5038349	0.01391189
0.5115047	0.01399613
0.5191746	0.01407659
0.5268444	0.01415319
0.5345142	0.01422589
0.5421841	0.01429463
0.5498539	0.01435934
0.5575237	0.01441997
0.5651936	0.01447643
0.5728634	0.01452868
0.5805332	0.01457663
0.5882031	0.01462022
0.5958729	0.01465937
0.6035427	0.01469401
0.6112126	0.01472406
0.6188824	0.01474945
0.6265522	0.01477007
0.6342221	0.01478586
0.6418919	0.01479672
0.6495617	0.01480257
0.6572316	0.0148033
0.6649014	0.01479883
0.6725712	0.01478905
0.6802411	0.01477386
0.6879109	0.01475316
0.6955807	0.01472684
0.7032505	0.01469481
0.7109204	0.01465685
0.7185902	0.01461271
0.72626	0.01456217
0.7339299	0.01450495
0.7415997	0.01444079
0.7492695	0.01436943
0.7569394	0.01429057
0.7646092	0.01420391
0.772279	0.01410916
0.7799489	0.01400597
0.7876187	0.01389402
0.7952885	0.01377292
0.8029584	0.0136423
0.8106282	0.01350175
0.818298	0.01335087
0.8259679	0.01318922
0.8336377	0.01301634
0.8413075	0.01283175
0.8489774	0.01263494
0.8566472	0.01242534
0.864317	0.0122024
0.8719869	0.01196552
0.8796567	0.01171409
0.8873265	0.01144742
0.8949963	0.01116483
0.9026662	0.01086557
0.910336	0.01054883
0.9180058	0.01021377
0.9256757	0.009859518
0.9333455	0.009485137
0.9410153	0.009089651
0.9486852	0.008671997
0.956355	0.008231087
0.9640248	0.007765668
0.9716947	0.007274471
0.9793645	0.006756055
0.9870343	0.006208476
0.9947042	0.00562858
1.002374	0.005017414
