0.0006826297	-0.0009721319
0.004568368	0.00125444
0.008454106	0.001609048
0.01233984	0.001907385
0.01622558	0.002297703
0.02011132	0.002705753
0.02399706	0.003119273
0.0278828	0.003535557
0.03176854	0.003947968
0.03565427	0.004360304
0.03954001	0.004770423
0.04342575	0.005179141
0.04731149	0.005586271
0.05119723	0.005991852
0.05508297	0.006395875
0.0589687	0.006798356
0.06285444	0.007199276
0.06674018	0.007598643
0.07062592	0.007996447
0.07451166	0.008392685
0.0783974	0.008787356
0.08228313	0.009180452
0.08616887	0.00957197
0.09005461	0.009961902
0.09394035	0.01035025
0.09782609	0.010737
0.1017118	0.01112215
0.1055976	0.01150569
0.1094833	0.01188763
0.113369	0.01226795
0.1172548	0.01264664
0.1211405	0.01302367
0.1250263	0.01339904
0.128912	0.01377271
0.1327977	0.01414469
0.1366835	0.01451496
0.1405692	0.01488349
0.1444549	0.01525027
0.1483407	0.0156153
0.1522264	0.01597853
0.1561122	0.01633998
0.1599979	0.0166996
0.1638836	0.0170574
0.1677694	0.01741335
0.1716551	0.01776743
0.1755409	0.01811962
0.1794266	0.01846991
0.1833123	0.01881828
0.1871981	0.01916471
0.1910838	0.01950917
0.1949695	0.01985166
0.1988553	0.02019215
0.202741	0.02053062
0.2066268	0.02086705
0.2105125	0.02120142
0.2143982	0.0215337
0.218284	0.02186389
0.2221697	0.02219195
0.2260555	0.02251787
0.2299412	0.02284162
0.2338269	0.02316318
0.2377127	0.02348253
0.2415984	0.02379964
0.2454841	0.02411449
0.2493699	0.02442705
0.2532556	0.02473731
0.2571414	0.02504524
0.2610271	0.0253508
0.2649128	0.02565399
0.2687986	0.02595476
0.2726843	0.0262531
0.27657	0.02654897
0.2804558	0.02684236
0.2843415	0.02713322
0.2882273	0.02742154
0.292113	0.02770729
0.2959987	0.02799043
0.2998845	0.02827094
0.3037702	0.02854878
0.307656	0.02882393
0.3115417	0.02909636
0.3154274	0.02936602
0.3193132	0.0296329
0.3231989	0.02989695
0.3270846	0.03015815
0.3309704	0.03041645
0.3348561	0.03067184
0.3387419	0.03092426
0.3426276	0.03117368
0.3465133	0.03142007
0.3503991	0.03166339
0.3542848	0.0319036
0.3581706	0.03214067
0.3620563	0.03237455
0.365942	0.0326052
0.3698278	0.03283258
0.3737135	0.03305666
0.3775992	0.03327738
0.381485	0.03349471
0.3853707	0.03370859
0.3892565	0.033919
0.3931422	0.03412587
0.3970279	0.03432917
0.4009137	0.03452884
0.4047994	0.03472483
0.4086852	0.03491711
0.4125709	0.03510561
0.4164566	0.03529028
0.4203424	0.03547107
0.4242281	0.03564793
0.4281138	0.03582081
0.4319996	0.03598964
0.4358853	0.03615437
0.4397711	0.03631494
0.4436568	0.0364713
0.4475425	0.03662338
0.4514283	0.03677111
0.455314	0.0369144
0.4591997	0.03705298
0.4630855	0.03718645
0.4669712	0.03731527
0.470857	0.03744121
0.4747427	0.03756434
0.4786284	0.03768415
0.4825142	0.03780055
0.4863999	0.03791349
0.4902857	0.03802294
0.4941714	0.03812888
0.4980571	0.03823128
0.5019429	0.03833011
0.5058286	0.03842534
0.5097143	0.03851693
0.5136001	0.03860487
0.5174858	0.03868911
0.5213716	0.03876963
0.5252573	0.03884639
0.529143	0.03891937
0.5330288	0.03898852
0.5369145	0.03905383
0.5408003	0.03911524
0.544686	0.03917273
0.5485717	0.03922626
0.5524575	0.03927581
0.5563432	0.03932132
0.5602289	0.03936277
0.5641147	0.03940011
0.5680004	0.03943332
0.5718862	0.03946235
0.5757719	0.03948716
0.5796576	0.03950771
0.5835434	0.03952397
0.5874291	0.03953588
0.5913148	0.03954342
0.5952006	0.03954654
0.5990863	0.03954519
0.6029721	0.03953933
0.6068578	0.03952893
0.6107435	0.03951393
0.6146293	0.03949429
0.618515	0.03946995
0.6224008	0.03944089
0.6262865	0.03940703
0.6301722	0.03936835
0.634058	0.03932479
0.6379437	0.0392763
0.6418294	0.03922282
0.6457152	0.03916431
0.6496009	0.03910071
0.6534867	0.03903198
0.6573724	0.03895805
0.6612581	0.03887887
0.6651439	0.03879438
0.6690296	0.03870454
0.6729154	0.03860927
0.6768011	0.03850852
0.6806868	0.03840223
0.6845726	0.03829034
0.6884583	0.03817278
0.692344	0.0380495
0.6962298	0.03792043
0.7001155	0.03778551
0.7040013	0.03764466
0.707887	0.03749782
0.7117727	0.03734493
0.7156585	0.03718592
0.7195442	0.0370207
0.72343	0.03684922
0.7273157	0.03667138
0.7312014	0.03648714
0.7350872	0.03629639
0.7389729	0.03609908
0.7428586	0.03589512
0.7467444	0.03568443
0.7506301	0.03546693
0.7545159	0.03524254
0.7584016	0.03501118
0.7622873	0.03477275
0.7661731	0.03452718
0.7700588	0.03427437
0.7739445	0.03401423
0.7778303	0.03374667
0.781716	0.0334716
0.7856018	0.03318892
0.7894875	0.03289854
0.7933732	0.03260035
0.797259	0.03229427
0.8011447	0.03198018
0.8050305	0.03165798
0.8089162	0.03132758
0.8128019	0.03098885
0.8166877	0.0306417
0.8205734	0.03028601
0.8244591	0.02992171
0.8283449	0.0295486
0.8322306	0.02916648
0.8361164	0.02877514
0.8400021	0.02837438
0.8438878	0.027964
0.8477736	0.02754378
0.8516593	0.0271135
0.8555451	0.02667294
0.8594308	0.02622187
0.8633165	0.02576006
0.8672023	0.02528727
0.871088	0.02480324
0.8749737	0.02430774
0.8788595	0.02380049
0.8827452	0.02328123
0.886631	0.02274968
0.8905167	0.02220558
0.8944024	0.02164863
0.8982882	0.02107853
0.9021739	0.020495
0.9060597	0.01989771
0.9099454	0.01928636
0.9138311	0.01866062
0.9177169	0.01802016
0.9216026	0.01736462
0.9254883	0.01669367
0.9293741	0.01600693
0.9332598	0.01530404
0.9371456	0.0145846
0.9410313	0.01384822
0.944917	0.01309449
0.9488028	0.012323
0.9526885	0.01153331
0.9565742	0.01072499
0.96046	0.009897575
0.9643457	0.009050612
0.9682315	0.008183457
0.9721172	0.007296398
0.9760029	0.006386597
0.9798887	0.005459336
0.9837744	0.00450116
0.9876602	0.003515904
0.9915459	0.002426611
0.9954316	0.001296228
0.9993174	0.001534576
