0.002 3.566346867e-06
0.004 1.278283039e-05
0.006 2.710093564e-05
0.008 4.594033975e-05
0.01 6.895096674e-05
0.012 9.58462654e-05
0.014 0.0001264252127
0.016 0.0001605305993
0.018 0.0001980440996
0.02 0.0002388719637
0.022 0.0002829396354
0.024 0.0003301856356
0.026 0.0003805581426
0.028 0.0004340119991
0.03 0.0004905067245
0.032 0.0005500049269
0.034 0.0006124711606
0.036 0.0006778710415
0.038 0.0007461705874
0.04 0.0008173357125
0.042 0.0008913318472
0.044 0.0009681236506
0.046 0.001047674798
0.048 0.001129947825
0.05 0.001214904019
0.052 0.001302503352
0.054 0.001392704434
0.056 0.001485464505
0.058 0.001580739435
0.06 0.001678483753
0.062 0.001778650677
0.064 0.001881192171
0.066 0.001986058997
0.068 0.002093200788
0.07 0.002202566114
0.072 0.002314102629
0.074 0.002427756998
0.076 0.002543475052
0.078 0.00266120194
0.08 0.002780882174
0.082 0.002902459713
0.084 0.003025878049
0.086 0.003151080294
0.088 0.003278009267
0.09 0.003406607578
0.092 0.003536817702
0.094 0.003668582064
0.096 0.003801843113
0.098 0.00393654339
0.1 0.0040726256
0.102 0.004210032676
0.104 0.00434870784
0.106 0.004488594661
0.108 0.004629637108
0.11 0.004771779603
0.112 0.004914967064
0.114 0.005059144948
0.116 0.005204259297
0.118 0.005350256767
0.12 0.005497084665
0.122 0.005644690978
0.124 0.0057930244
0.126 0.005942034357
0.128 0.006091671026
0.13 0.006241885357
0.132 0.006392629082
0.134 0.006543854742
0.136 0.00669551569
0.138 0.006847566106
0.14 0.006999961003
0.142 0.007152656238
0.144 0.007305608518
0.146 0.007458775403
0.148 0.007612115313
0.15 0.007765587534
0.152 0.007919152215
0.154 0.008072770376
0.156 0.008226403907
0.158 0.008380015577
0.16 0.008533569026
0.162 0.008687028766
0.164 0.008840360188
0.166 0.008993529566
0.168 0.009146504052
0.17 0.009299251681
0.172 0.009451741374
0.174 0.009603942936
0.176 0.009755827063
0.178 0.009907365337
0.18 0.01005853023
0.182 0.01020929511
0.184 0.01035963424
0.186 0.01050952279
0.188 0.01065893684
0.19 0.01080785333
0.192 0.01095625016
0.194 0.0111041061
0.196 0.01125140085
0.198 0.01139811499
0.2 0.01154423005
0.202 0.01168972845
0.204 0.01183459353
0.206 0.01197880955
0.208 0.01212236156
0.21 0.01226523562
0.212 0.01240741876
0.214 0.01254889888
0.216 0.01268966479
0.218 0.01282970621
0.22 0.01296901374
0.222 0.01310757885
0.224 0.01324539392
0.226 0.01338245223
0.228 0.01351874796
0.23 0.01365427613
0.232 0.01378903264
0.234 0.0139230142
0.236 0.01405621839
0.238 0.01418864363
0.24 0.01432028911
0.242 0.01445115488
0.244 0.01458124173
0.246 0.01471055125
0.248 0.01483908579
0.25 0.01496684844
0.252 0.01509384301
0.254 0.01522007405
0.256 0.01534554675
0.258 0.01547026702
0.26 0.01559424141
0.262 0.01571747707
0.264 0.01583998183
0.266 0.01596176411
0.268 0.01608283288
0.27 0.01620319776
0.272 0.01632286874
0.274 0.01644185632
0.276 0.01656017154
0.278 0.01667782592
0.28 0.01679483141
0.282 0.01691120039
0.284 0.01702694561
0.286 0.01714208018
0.288 0.01725661756
0.29 0.01737057178
0.292 0.01748395702
0.294 0.01759678751
0.296 0.0177090778
0.298 0.01782084269
0.3 0.01793209715
0.302 0.01804285637
0.304 0.01815313566
0.306 0.01826295036
0.308 0.01837231603
0.31 0.01848124837
0.312 0.01858976313
0.314 0.01869787607
0.316 0.018805603
0.318 0.01891295968
0.32 0.01901996188
0.322 0.01912662531
0.324 0.01923296562
0.326 0.01933899836
0.328 0.01944473897
0.33 0.01955020276
0.332 0.0196554049
0.334 0.01976036039
0.336 0.01986508403
0.338 0.01996959043
0.34 0.02007389398
0.342 0.02017800878
0.344 0.02028194898
0.346 0.0203857282
0.348 0.02048935965
0.35 0.02059285627
0.352 0.02069623071
0.354 0.02079949528
0.356 0.02090266194
0.358 0.02100574228
0.36 0.02110874754
0.362 0.02121168853
0.364 0.02131457567
0.366 0.02141741899
0.368 0.02152022806
0.37 0.02162301202
0.372 0.02172577956
0.374 0.02182853893
0.376 0.02193129787
0.378 0.02203406368
0.38 0.02213684315
0.382 0.02223964259
0.384 0.02234246781
0.386 0.02244532411
0.388 0.02254821626
0.39 0.02265114854
0.392 0.02275412468
0.394 0.02285714793
0.396 0.02296022092
0.398 0.02306334586
0.4 0.02316652436
0.402 0.02326975749
0.404 0.02337304578
0.406 0.02347638924
0.408 0.02357978736
0.41 0.02368323907
0.412 0.02378674279
0.414 0.02389029634
0.416 0.02399389709
0.418 0.02409754184
0.42 0.02420122693
0.422 0.02430494813
0.424 0.02440870073
0.426 0.02451247989
0.428 0.02461628018
0.43 0.02472009516
0.432 0.02482391817
0.434 0.0249277421
0.436 0.02503155932
0.438 0.0251353617
0.44 0.0252391407
0.442 0.02534288736
0.444 0.0254465923
0.446 0.02555024577
0.448 0.02565383759
0.45 0.02575735726
0.452 0.0258607939
0.454 0.02596413626
0.456 0.02606737278
0.458 0.02617049158
0.46 0.0262734805
0.462 0.02637632708
0.464 0.02647901862
0.466 0.02658154218
0.468 0.02668388457
0.47 0.02678603236
0.472 0.02688797196
0.474 0.02698968962
0.476 0.02709117143
0.478 0.02719240333
0.48 0.02729337115
0.482 0.02739406066
0.484 0.02749445751
0.486 0.02759454728
0.488 0.02769431556
0.49 0.02779374779
0.492 0.02789282957
0.494 0.02799154656
0.496 0.02808988444
0.498 0.02818782898
0.5 0.02828536602
0.502 0.0283824814
0.504 0.02847916122
0.506 0.0285753912
0.508 0.02867115745
0.51 0.02876644664
0.512 0.02886124564
0.514 0.02895554159
0.516 0.02904932183
0.518 0.02914257399
0.52 0.02923528594
0.522 0.02932744587
0.524 0.02941904233
0.526 0.02951006421
0.528 0.02960050078
0.53 0.02969034168
0.532 0.02977957698
0.534 0.02986819714
0.536 0.02995619309
0.538 0.0300435562
0.54 0.03013027831
0.542 0.03021635175
0.544 0.03030176937
0.546 0.0303865245
0.548 0.03047061108
0.55 0.03055402351
0.552 0.03063675677
0.554 0.03071880641
0.556 0.03080016898
0.558 0.03088084138
0.56 0.03096082082
0.562 0.03104010519
0.564 0.03111869375
0.566 0.03119658587
0.568 0.03127378114
0.57 0.03135027995
0.572 0.03142608343
0.574 0.03150119334
0.576 0.03157561212
0.578 0.03164934289
0.58 0.03172238946
0.582 0.03179475631
0.584 0.03186644865
0.586 0.03193747235
0.588 0.03200783398
0.59 0.03207754081
0.592 0.03214660081
0.594 0.03221502263
0.596 0.03228281562
0.598 0.03234998983
0.6 0.03241655604
0.602 0.03248252591
0.604 0.03254791149
0.606 0.03261272561
0.608 0.03267698175
0.61 0.03274069402
0.612 0.03280387725
0.614 0.0328665469
0.616 0.03292871908
0.618 0.03299041057
0.62 0.03305163879
0.622 0.03311242179
0.624 0.03317277824
0.626 0.03323272746
0.628 0.03329228934
0.63 0.03335148442
0.632 0.03341033378
0.634 0.03346885912
0.636 0.03352708273
0.638 0.03358502742
0.64 0.03364271656
0.642 0.03370017407
0.644 0.0337574244
0.646 0.03381449251
0.648 0.03387140388
0.65 0.03392818447
0.652 0.03398486072
0.654 0.03404145957
0.656 0.03409800838
0.658 0.03415453498
0.66 0.03421106765
0.662 0.03426763506
0.664 0.03432426646
0.666 0.03438099139
0.668 0.03443784067
0.67 0.03449484439
0.672 0.0345520327
0.674 0.03460943639
0.676 0.03466708671
0.678 0.03472501527
0.68 0.03478325399
0.682 0.0348418352
0.684 0.03490079154
0.686 0.03496015596
0.688 0.03501996168
0.69 0.03508024216
0.692 0.03514103126
0.694 0.03520236314
0.696 0.03526427213
0.698 0.03532679285
0.7 0.03538996015
0.702 0.03545380913
0.704 0.03551837467
0.706 0.03558369244
0.708 0.03564979834
0.71 0.03571672837
0.712 0.03578451868
0.714 0.03585320571
0.716 0.03592282622
0.718 0.03599341719
0.72 0.03606501579
0.722 0.03613765942
0.724 0.03621138573
0.726 0.03628623259
0.728 0.0363622381
0.73 0.0364394406
0.732 0.0365178787
0.734 0.03659759124
0.736 0.03667861734
0.738 0.03676099687
0.74 0.03684476913
0.742 0.03692997392
0.744 0.0370166513
0.746 0.03710484184
0.748 0.03719458637
0.75 0.03728592611
0.752 0.03737890261
0.754 0.03747355783
0.756 0.03756993415
0.758 0.03766807437
0.76 0.0377680217
0.762 0.03786981972
0.764 0.03797351281
0.766 0.03807914566
0.768 0.03818676351
0.77 0.03829641213
0.772 0.03840813784
0.774 0.03852198754
0.776 0.03863800879
0.778 0.03875624977
0.78 0.03887675937
0.782 0.03899958717
0.784 0.03912478344
0.786 0.03925239952
0.788 0.03938248851
0.79 0.03951510322
0.792 0.03965029686
0.794 0.03978812444
0.796 0.03992860148
0.798 0.04007177898
0.8 0.04021773465
0.802 0.04036653481
0.804 0.04051824499
0.806 0.0406729311
0.808 0.04083065927
0.81 0.04099149628
0.812 0.04115550963
0.814 0.04132276782
0.816 0.04149334042
0.818 0.04166729836
0.82 0.0418447142
0.822 0.04202566213
0.824 0.04221021803
0.826 0.04239845953
0.828 0.04259046617
0.83 0.04278631953
0.832 0.04298610329
0.834 0.0431899034
0.836 0.0433978083
0.838 0.04360990905
0.84 0.04382629918
0.842 0.04404707492
0.844 0.04427233534
0.846 0.04450217051
0.848 0.04473668379
0.85 0.04497598684
0.852 0.04522019253
0.854 0.04546941649
0.856 0.04572377794
0.858 0.04598339977
0.86 0.04624840875
0.862 0.04651893579
0.864 0.04679511611
0.866 0.04707708946
0.868 0.0473649996
0.87 0.04765899605
0.872 0.04795923369
0.874 0.04826587269
0.876 0.04857908077
0.878 0.04889902999
0.88 0.04922589748
0.882 0.04955986737
0.884 0.0499011306
0.886 0.0502498851
0.888 0.05060633622
0.89 0.05097069706
0.892 0.05134318881
0.894 0.05172404115
0.896 0.05211349281
0.898 0.05251179186
0.9 0.05291919618
0.902 0.0533363972
0.904 0.05376366344
0.906 0.05420113317
0.908 0.05464901948
0.91 0.05510760236
0.912 0.05557716617
0.914 0.05605802499
0.916 0.05655050943
0.918 0.05705497201
0.92 0.05757178405
0.922 0.05810133734
0.924 0.05864404398
0.926 0.05920033598
0.928 0.05977066885
0.93 0.06035552149
0.932 0.06095539615
0.934 0.06157082049
0.936 0.06220234903
0.938 0.06285056403
0.94 0.06351610951
0.942 0.06419961006
0.944 0.06490169551
0.946 0.06562297541
0.948 0.06636421172
0.95 0.06712617873
0.952 0.06790970428
0.954 0.06871566207
0.956 0.06954497668
0.958 0.07039858578
0.96 0.07127753741
0.962 0.07218293324
0.964 0.07311598216
0.966 0.07407789544
0.968 0.07507619202
0.97 0.07611510276
0.972 0.07719375887
0.974 0.07831336954
0.976 0.07947538628
0.978 0.08068144393
0.98 0.08193337659
0.982 0.08323320562
0.984 0.0845831478
0.986 0.08598562398
0.988 0.08744326222
0.99 0.08895891681
0.992 0.09053568253
0.994 0.09217691471
0.996 0.09388624932
0.998 0.09566762775
1 0.097525324
1.002 0.09946397301
1.004 0.1014887198
1.006 0.1036050622
1.008 0.1058188914
1.01 0.1081366777
1.012 0.1105654764
1.014 0.1131130543
1.016 0.115787928
1.018 0.1185994538
1.02 0.1215579362
1.022 0.1246747368
1.024 0.127962437
1.026 0.1314349904
1.028 0.1351079046
1.03 0.1389997034
1.032 0.1431304811
1.034 0.1475221237
1.036 0.1521986069
1.038 0.1571875731
1.04 0.1625202895
1.042 0.1682324856
1.044 0.1743650252
1.046 0.1809649492
1.048 0.1880865975
1.05 0.1957931754
1.052 0.204158486
1.054 0.2132689377
1.056 0.2232314783
1.058 0.234164248
1.06 0.2462090297
1.062 0.259534301
1.064 0.2743426521
1.066 0.2908734453
1.068 0.3094064804
1.07 0.3302629479
1.072 0.3538046904
1.074 0.3804143031
1.076 0.4104714504
1.078 0.4443886883
1.08 0.4825322157
1.082 0.5249137577
1.084 0.5660632945
1.086 0.5439474339
1.088 0.5808130587
1.09 0.601206568
1.092 2.226171324
1.094 2.928138227
1.096 4.451396077
1.098 4.705143701
1.1 4.559840073
1.102 4.943642293
1.104 5.650932195
1.106 6.312712158
1.108 6.881391636
1.11 7.193003962
1.112 7.008529487
1.114 7.99665674
1.116 8.268131909
1.118 8.620818642
1.12 8.614946589
1.122 8.438516939
1.124 7.184786363
1.126 7.159113762
1.128 7.156528751
1.13 7.112877705
1.132 4.652911929
1.134 4.640255101
1.136 4.626492669
1.138 4.873977612
1.14 5.550190924
1.142 6.00911906
1.144 6.329987774
1.146 6.602784673
1.148 6.871916392
1.15 7.17712292
1.152 7.536123695
1.154 7.889602995
1.156 8.54989853
1.158 9.125855035
1.16 9.765703308
1.162 10.54577211
1.164 11.46858384
1.166 12.42904767
1.168 13.2305323
1.17 13.48548025
1.172 13.36766713
1.174 13.17876767
1.176 12.89135853
1.178 12.39892686
1.18 11.70839015
1.182 10.93669271
1.184 10.17484203
1.186 8.671894954
1.188 7.448245087
1.19 6.380033054
1.192 5.439289398
1.194 4.599093281
1.196 3.84274058
1.198 3.156215698
1.2 2.528879703
1.202 1.951893704
1.204 1.417002435
1.206 0.9203645204
1.208 0.4592023571
1.21 0.03184565906
1.212 -0.3624946889
1.214 -0.723784945
1.216 -1.050875192
1.218 -1.341233653
1.22 -1.590203269
1.222 -1.791886272
1.224 -1.939446027
1.226 -2.023734698
1.228 -2.031627613
1.23 -1.943139233
1.232 -1.726456089
1.234 -1.332358698
1.236 -0.7074505074
1.238 0.1017238427
1.24 0.8913324953
1.242 1.597544049
1.244 2.240022586
1.246 2.829973828
1.248 3.373452305
1.25 3.873025996
1.252 4.3304951
1.254 4.745566814
1.256 5.116404098
1.258 5.440076491
1.26 5.715109922
1.262 5.938976856
1.264 6.107828447
1.266 6.218581621
1.268 6.269150566
1.27 6.260616232
1.272 6.198534967
1.274 6.093394359
1.276 5.958064458
1.278 5.801382382
1.28 5.626471696
1.282 5.43320896
1.284 5.220606222
1.286 5.037776941
1.288 4.84578915
1.29 4.647264356
1.292 4.443506602
1.294 4.235633029
1.296 4.025125294
1.298 3.813329625
1.3 3.60148033
1.302 3.390604334
1.304 3.181494468
1.306 2.97472842
1.308 2.77076149
1.31 2.569933233
1.312 2.372593464
1.314 2.179042683
1.316 1.989562506
1.318 1.804369606
1.32 1.623618264
1.322 1.447480665
1.324 1.276090611
1.326 1.036879012
1.328 0.7971835371
1.33 0.5598112783
1.332 0.3981450508
1.334 0.2438519344
1.336 0.09524388577
1.338 -0.1146228783
1.34 -0.3223657541
1.342 -0.5259912307
1.344 -0.725466773
1.346 -0.9205426758
1.348 -1.1111672
1.35 -1.297344896
1.352 -1.479072647
1.354 -1.656383659
1.356 -1.829392055
1.358 -1.998222311
1.36 -2.163044445
1.362 -2.324052053
1.364 -2.481449098
1.366 -2.635449167
1.368 -2.786277398
1.37 -2.934217507
1.372 -3.079580997
1.374 -3.222670708
1.376 -3.363783713
1.378 -3.503205526
1.38 -3.641220373
1.382 -3.778120932
1.384 -3.914324423
1.386 -4.050270643
1.388 -4.186302691
1.39 -4.323077585
1.392 -4.461371172
1.394 -4.601950099
1.396 -4.745854872
1.398 -4.894387972
1.4 -5.049174787
1.402 -5.212601006
1.404 -5.388120901
1.406 -5.580636773
1.408 -5.796550874
1.41 -6.042960831
1.412 -6.324698779
1.414 -6.637651644
1.416 -6.963168525
1.418 -7.27424767
1.42 -7.550432403
1.422 -7.783163229
1.424 -7.972066191
1.426 -8.120777321
1.428 -8.234343475
1.43 -8.318971658
1.432 -8.380561637
1.434 -8.42269925
1.436 -8.449132847
1.438 -8.463073492
1.44 -8.468186889
1.442 -8.468387542
1.444 -8.464548001
1.446 -8.434544572
1.448 -8.416138435
1.45 -8.499854851
1.452 -8.637949676
1.454 -8.802602318
1.456 -8.980079387
1.458 -9.163815668
1.46 -9.350150599
1.462 -9.536683747
1.464 -9.721636914
1.466 -9.903741
1.468 -10.08210894
1.47 -10.25630718
1.472 -10.42667193
1.474 -10.59412264
1.476 -10.75998734
1.478 -10.92593447
1.48 -11.09380738
1.482 -11.33439325
1.484 -11.59220598
1.486 -11.8653433
1.488 -12.15472967
1.49 -12.3907929
1.492 -12.62688624
1.494 -12.86798378
1.496 -13.11294936
1.498 -13.36433601
1.5 -13.62910108
1.502 -13.92314784
1.504 -14.20135614
1.506 -17.82059754
1.508 -18.36953577
1.51 -19.2496726
1.512 -20.09869954
1.514 -20.65790538
1.516 -21.14789067
1.518 -21.56513847
1.52 -22.01189003
1.522 -22.4198141
1.524 -22.83495371
1.526 -22.98427547
1.528 -23.09700573
1.53 -23.13249296
1.532 -22.92961547
1.534 -22.67324543
1.536 -22.48962349
1.538 -22.49647563
1.54 -22.79222221
1.542 -23.40497206
1.544 -24.488068
1.546 -25.7375099
1.548 -27.09924625
1.55 -28.54561219
1.552 -29.83919535
1.554 -31.15290718
1.556 -31.5273569
1.558 -31.88385381
1.56 -32.2319088
1.562 -32.57222333
1.564 -33.94332254
1.566 -35.4010879
1.568 -35.81553271
1.57 -36.21261487
1.572 -37.63747161
1.574 -39.13410946
1.576 -40.67281657
1.578 -42.24994259
1.58 -42.47158143
1.582 -42.59234105
1.584 -42.66910838
1.586 -42.69328643
1.588 -42.6678527
1.59 -42.59317891
1.592 -42.81228308
1.594 -43.0262462
1.596 -42.88282823
1.598 -42.6829279
1.6 -42.43756884
1.602 -42.14726598
1.604 -41.81246777
1.606 -41.43309683
1.608 -41.4633998
1.61 -41.48830315
1.612 -41.50021985
1.614 -41.49253947
1.616 -41.00242766
1.618 -40.45390009
1.62 -40.33708528
1.622 -40.11833505
1.624 -39.7268954
1.626 -39.19260305
1.628 -38.16750614
1.63 -37.10872701
1.632 -36.00214871
1.634 -34.83486488
1.636 -33.59209368
1.638 -32.27180021
1.64 -32.25071241
1.642 -32.10896272
1.644 -30.32124108
1.646 -28.47537049
1.648 -26.62449223
1.65 -24.78720496
1.652 -22.99269168
1.654 -21.20938687
1.656 -19.218326
