0.002 -8.270016798e-06
0.004 -2.956624235e-05
0.006 -6.251056584e-05
0.008 -0.000105675026
0.01 -0.0001581737916
0.012 -0.0002192805625
0.014 -0.0002884742886
0.016 -0.0003653417137
0.018 -0.000449564363
0.02 -0.0005408842743
0.022 -0.0006390908417
0.024 -0.0007440059366
0.026 -0.0008554755907
0.028 -0.000973362661
0.03 -0.001097541977
0.032 -0.001227896433
0.034 -0.001364314182
0.036 -0.00150668645
0.038 -0.001654905905
0.04 -0.001808865409
0.042 -0.001968457072
0.044 -0.00213357154
0.046 -0.002304097472
0.048 -0.002479921159
0.05 -0.002660926265
0.052 -0.002846993662
0.054 -0.003038001344
0.056 -0.003233824409
0.058 -0.003434335095
0.06 -0.003639402852
0.062 -0.003848894468
0.064 -0.004062674205
0.066 -0.004280603981
0.068 -0.00450254355
0.07 -0.004728350718
0.072 -0.004957881588
0.074 -0.005190990708
0.076 -0.005427531336
0.078 -0.005667355714
0.08 -0.005910315276
0.082 -0.006156260879
0.084 -0.006405043029
0.086 -0.006656512107
0.088 -0.006910518584
0.09 -0.007166913232
0.092 -0.007425547321
0.094 -0.007686272813
0.096 -0.00794894254
0.098 -0.008213410377
0.1 -0.008479531401
0.102 -0.00874716204
0.104 -0.009016160213
0.106 -0.009286385453
0.108 -0.009557699028
0.11 -0.009829964046
0.112 -0.01010304555
0.114 -0.0103768106
0.116 -0.01065112838
0.118 -0.0109258702
0.12 -0.01120090963
0.122 -0.01147612251
0.124 -0.01175138699
0.126 -0.01202658361
0.128 -0.01230159528
0.13 -0.01257630734
0.132 -0.01285060757
0.134 -0.01312438619
0.136 -0.01339753592
0.138 -0.01366995193
0.14 -0.01394153189
0.142 -0.01421217595
0.144 -0.01448178675
0.146 -0.0147502694
0.148 -0.01501753152
0.15 -0.0152834832
0.152 -0.01554803699
0.154 -0.01581110794
0.156 -0.01607261354
0.158 -0.01633247375
0.16 -0.016590611
0.162 -0.01684695014
0.164 -0.01710141848
0.166 -0.01735394578
0.168 -0.01760446422
0.17 -0.01785290842
0.172 -0.01809921542
0.174 -0.01834332471
0.176 -0.01858517818
0.178 -0.01882472015
0.18 -0.01906189736
0.182 -0.01929665896
0.184 -0.01952895653
0.186 -0.01975874406
0.188 -0.01998597797
0.19 -0.02021061706
0.192 -0.02043262256
0.194 -0.0206519581
0.196 -0.02086858971
0.198 -0.02108248583
0.2 -0.02129361728
0.202 -0.02150195727
0.204 -0.02170748138
0.206 -0.02191016758
0.208 -0.0221099961
0.21 -0.02230694959
0.212 -0.02250101308
0.214 -0.02269217388
0.216 -0.02288042163
0.218 -0.02306574823
0.22 -0.02324814786
0.222 -0.02342761696
0.224 -0.02360415416
0.226 -0.02377776026
0.228 -0.02394843827
0.23 -0.02411619331
0.232 -0.02428103262
0.234 -0.0244429655
0.236 -0.02460200329
0.238 -0.02475815932
0.24 -0.02491144891
0.242 -0.02506188924
0.244 -0.02520949942
0.246 -0.02535430035
0.248 -0.02549631473
0.25 -0.02563556699
0.252 -0.02577208323
0.254 -0.02590589119
0.256 -0.02603702021
0.258 -0.02616550112
0.26 -0.02629136626
0.262 -0.02641464932
0.264 -0.02653538542
0.266 -0.02665361097
0.268 -0.0267693636
0.27 -0.0268826822
0.272 -0.02699360668
0.274 -0.02710217801
0.276 -0.02720843822
0.278 -0.02731243011
0.28 -0.02741419745
0.282 -0.02751378495
0.284 -0.02761123801
0.286 -0.02770660276
0.288 -0.02779992594
0.29 -0.02789125483
0.292 -0.02798063719
0.294 -0.02806812132
0.296 -0.0281537559
0.298 -0.02823758995
0.3 -0.02831967275
0.302 -0.02840005383
0.304 -0.02847878287
0.306 -0.02855590952
0.308 -0.0286314836
0.31 -0.02870555498
0.312 -0.02877817343
0.314 -0.02884938861
0.316 -0.02891925
0.318 -0.02898780687
0.32 -0.02905510823
0.322 -0.02912120275
0.324 -0.02918613874
0.326 -0.02924996411
0.328 -0.02931272629
0.33 -0.0293744722
0.332 -0.02943524826
0.334 -0.02949510026
0.336 -0.02955407335
0.338 -0.02961221204
0.34 -0.0296695601
0.342 -0.02972616053
0.344 -0.02978205594
0.346 -0.02983728784
0.348 -0.02989189669
0.35 -0.02994592213
0.352 -0.02999940292
0.354 -0.03005237685
0.356 -0.03010488077
0.358 -0.0301569505
0.36 -0.03020862087
0.362 -0.03025992564
0.364 -0.0303108975
0.366 -0.03036156804
0.368 -0.03041196774
0.37 -0.03046212595
0.372 -0.03051207086
0.374 -0.03056182949
0.376 -0.0306114277
0.378 -0.03066089015
0.38 -0.03071024027
0.382 -0.03075950031
0.384 -0.03080869125
0.386 -0.0308578329
0.388 -0.03090694377
0.39 -0.03095604118
0.392 -0.03100514119
0.394 -0.03105425858
0.396 -0.03110340691
0.398 -0.03115259852
0.4 -0.03120184448
0.402 -0.03125115464
0.404 -0.03130053763
0.406 -0.03135000084
0.408 -0.03139955048
0.41 -0.03144919151
0.412 -0.03149892775
0.414 -0.03154876188
0.416 -0.0315986954
0.418 -0.03164872863
0.42 -0.03169886075
0.422 -0.03174908984
0.424 -0.03179941292
0.426 -0.03184982622
0.428 -0.03190032476
0.43 -0.0319509023
0.432 -0.03200155173
0.434 -0.03205226497
0.436 -0.032103033
0.438 -0.03215384589
0.44 -0.03220469286
0.442 -0.03225556228
0.444 -0.03230644169
0.446 -0.03235731788
0.448 -0.0324081769
0.45 -0.03245900405
0.452 -0.03250978403
0.454 -0.03256050089
0.456 -0.03261113812
0.458 -0.03266167865
0.46 -0.0327121049
0.462 -0.03276239884
0.464 -0.032812542
0.466 -0.03286251556
0.468 -0.03291230033
0.47 -0.03296187684
0.472 -0.0330112254
0.474 -0.0330603261
0.476 -0.03310915889
0.478 -0.0331577036
0.48 -0.03320594
0.482 -0.03325384787
0.484 -0.03330140701
0.486 -0.03334859732
0.488 -0.03339539881
0.49 -0.03344179149
0.492 -0.03348775574
0.494 -0.0335332723
0.496 -0.0335783222
0.498 -0.03362288683
0.5 -0.03366694797
0.502 -0.03371048793
0.504 -0.03375348944
0.506 -0.03379593534
0.508 -0.03383780913
0.51 -0.03387909507
0.512 -0.03391977839
0.514 -0.03395984517
0.516 -0.03399928219
0.518 -0.03403807702
0.52 -0.03407621803
0.522 -0.0341136945
0.524 -0.03415049662
0.526 -0.03418661559
0.528 -0.03422204358
0.53 -0.0342567738
0.532 -0.03429080057
0.534 -0.0343241193
0.536 -0.03435672654
0.538 -0.03438862002
0.54 -0.03441979868
0.542 -0.03445026269
0.544 -0.03448001351
0.546 -0.03450905387
0.548 -0.03453738781
0.55 -0.03456502072
0.552 -0.03459195938
0.554 -0.03461821196
0.556 -0.03464378786
0.558 -0.03466869789
0.56 -0.03469295454
0.562 -0.03471657173
0.564 -0.03473956471
0.566 -0.03476195053
0.568 -0.03478374762
0.57 -0.03480497594
0.572 -0.03482565694
0.574 -0.03484581364
0.576 -0.03486547055
0.578 -0.0348846537
0.58 -0.03490339064
0.582 -0.03492171048
0.584 -0.03493964387
0.586 -0.03495722303
0.588 -0.03497448169
0.59 -0.0349914551
0.592 -0.03500818004
0.594 -0.03502469484
0.596 -0.03504103932
0.598 -0.0350572548
0.6 -0.03507338412
0.602 -0.03508947154
0.604 -0.03510556287
0.606 -0.03512170529
0.608 -0.03513794741
0.61 -0.03515433924
0.612 -0.0351709322
0.614 -0.03518777908
0.616 -0.03520493404
0.618 -0.03522245255
0.62 -0.0352403914
0.622 -0.03525880867
0.624 -0.03527776367
0.626 -0.03529731697
0.628 -0.03531753032
0.63 -0.03533846662
0.632 -0.03536018997
0.634 -0.03538276554
0.636 -0.03540625961
0.638 -0.03543073953
0.64 -0.03545627366
0.642 -0.03548293135
0.644 -0.03551078294
0.646 -0.03553989968
0.648 -0.03557035371
0.65 -0.03560221806
0.652 -0.03563556657
0.654 -0.03567047391
0.656 -0.03570701548
0.658 -0.03574526743
0.66 -0.0357853066
0.662 -0.0358272105
0.664 -0.03587105728
0.666 -0.03591692572
0.668 -0.03596489091
0.67 -0.03601503303
0.672 -0.03606743399
0.674 -0.03612217531
0.676 -0.03617933858
0.678 -0.03623900583
0.68 -0.03630125932
0.682 -0.03636618164
0.684 -0.03643385561
0.686 -0.03650436437
0.688 -0.0365777913
0.69 -0.03665422
0.692 -0.03673373422
0.694 -0.03681641797
0.696 -0.03690235544
0.698 -0.03699163094
0.7 -0.03708432891
0.702 -0.03718053388
0.704 -0.03728033033
0.706 -0.0373838028
0.708 -0.03749103606
0.71 -0.03760211486
0.712 -0.03771712384
0.714 -0.03783614767
0.716 -0.03795927112
0.718 -0.03808657891
0.72 -0.0382181557
0.722 -0.03835408612
0.724 -0.03849445475
0.726 -0.03863934607
0.728 -0.03878884453
0.73 -0.03894303452
0.732 -0.03910200035
0.734 -0.03926582626
0.736 -0.03943459642
0.738 -0.03960839418
0.74 -0.03978730348
0.742 -0.03997140853
0.744 -0.04016079331
0.746 -0.0403555417
0.748 -0.04055573751
0.75 -0.04076146453
0.752 -0.04097280649
0.754 -0.04118984712
0.756 -0.04141267009
0.758 -0.04164135907
0.76 -0.04187599775
0.762 -0.04211667053
0.764 -0.04236346142
0.766 -0.04261645409
0.768 -0.04287573243
0.77 -0.04314138048
0.772 -0.04341348242
0.774 -0.04369212256
0.776 -0.04397738538
0.778 -0.0442693556
0.78 -0.04456811813
0.782 -0.04487375816
0.784 -0.04518636115
0.786 -0.04550601113
0.788 -0.04583279403
0.79 -0.04616679691
0.792 -0.04650810704
0.794 -0.04685681167
0.796 -0.04721295633
0.798 -0.04757662801
0.8 -0.04794792873
0.802 -0.04832695408
0.804 -0.04871379567
0.806 -0.04910854613
0.808 -0.04951129786
0.81 -0.04992214382
0.812 -0.05034117747
0.814 -0.05076849296
0.816 -0.05120418522
0.818 -0.05164834988
0.82 -0.0521010835
0.822 -0.05256248366
0.824 -0.05303264882
0.826 -0.05351167842
0.828 -0.05399967294
0.83 -0.0544967339
0.832 -0.05500296393
0.834 -0.0555184668
0.836 -0.05604334748
0.838 -0.0565777122
0.84 -0.0571216684
0.842 -0.0576753248
0.844 -0.05823879144
0.846 -0.05881219627
0.848 -0.05939564302
0.85 -0.05998924009
0.852 -0.06059309861
0.854 -0.06120733404
0.856 -0.06183206355
0.858 -0.06246740664
0.86 -0.06311348484
0.862 -0.06377042162
0.864 -0.06443834242
0.866 -0.06511737465
0.868 -0.06580764866
0.87 -0.06650929552
0.872 -0.0672224482
0.874 -0.06794724192
0.876 -0.06868381348
0.878 -0.06943230288
0.88 -0.07019285229
0.882 -0.07096560609
0.884 -0.07175071095
0.886 -0.07254831598
0.888 -0.07335857277
0.89 -0.07418163547
0.892 -0.07501766086
0.894 -0.07586680852
0.896 -0.07672924081
0.898 -0.07760512313
0.9 -0.07849462378
0.902 -0.07939800646
0.904 -0.08031547572
0.906 -0.08124718221
0.908 -0.08219329728
0.91 -0.08315400027
0.912 -0.08412947243
0.914 -0.08511989889
0.916 -0.08612546774
0.918 -0.08714637074
0.92 -0.0881828037
0.922 -0.08923496671
0.924 -0.09030306431
0.926 -0.09138730822
0.928 -0.09248791296
0.93 -0.0936050984
0.932 -0.09473909169
0.934 -0.095890126
0.936 -0.09705844071
0.938 -0.09824428286
0.94 -0.09944788999
0.942 -0.1006695162
0.944 -0.1019093187
0.946 -0.1031675509
0.948 -0.1044445427
0.95 -0.105740604
0.952 -0.1070560489
0.954 -0.1083912011
0.956 -0.1097463932
0.958 -0.1111219836
0.96 -0.112518326
0.962 -0.1139357831
0.964 -0.1153747171
0.966 -0.1168355306
0.968 -0.1183205855
0.97 -0.1198318274
0.972 -0.1213693373
0.974 -0.1229337416
0.976 -0.1245257102
0.978 -0.1261458998
0.98 -0.1277949801
0.982 -0.1294736255
0.984 -0.1311825228
0.986 -0.1329223646
0.988 -0.1346938693
0.99 -0.1364977882
0.992 -0.1383348986
0.994 -0.14020601
0.996 -0.1421119697
0.998 -0.1440536674
1 -0.1460320401
1.002 -0.1480480713
1.004 -0.1501027773
1.006 -0.1521973131
1.008 -0.1543328936
1.01 -0.1565107986
1.012 -0.15873243
1.014 -0.1609992035
1.016 -0.163312586
1.018 -0.1656741361
1.02 -0.168085499
1.022 -0.17054841
1.024 -0.1730646749
1.026 -0.1756361683
1.028 -0.1782648063
1.03 -0.1809539113
1.032 -0.1837072164
1.034 -0.1865268568
1.036 -0.1894141793
1.038 -0.1923707161
1.04 -0.1953977982
1.042 -0.1984962574
1.044 -0.2016665274
1.046 -0.2049078064
1.048 -0.2082175009
1.05 -0.2115907971
1.052 -0.2150197257
1.054 -0.218491296
1.056 -0.2219833897
1.058 -0.225464217
1.06 -0.2288875367
1.062 -0.2321836525
1.064 -0.2352494735
1.066 -0.2379279147
1.068 -0.2399814833
1.07 -0.2410528443
1.072 -0.2406080783
1.074 -0.2378469483
1.076 -0.2315420578
1.078 -0.2197086826
1.08 -0.1991716987
1.082 -0.1621494574
1.084 -0.07415809766
1.086 0.103655142
1.088 0.06528226144
1.09 -0.006832012794
1.092 -1.679829241
1.094 -2.193940749
1.096 -2.364995705
1.098 -2.24361937
1.1 -1.108446006
1.102 -1.931724578
1.104 -0.8512161212
1.106 -0.720221678
1.108 -0.8726645783
1.11 -1.205940111
1.112 -1.395249974
1.114 -0.5768702243
1.116 -0.6315708279
1.118 -0.9515077285
1.12 -0.9919845583
1.122 -0.3662050277
1.124 -1.198352387
1.126 -1.017323461
1.128 -0.7198596991
1.13 -0.3389316154
1.132 -1.547317627
1.134 -1.229666548
1.136 -0.9971021823
1.138 -0.8052015379
1.14 -0.6942918718
1.142 -0.5826296337
1.144 -0.4656553594
1.146 -0.3492853157
1.148 -0.2354404598
1.15 -0.1154245565
1.152 0.02924275306
1.154 0.09609659164
1.156 -0.1303770726
1.158 -0.145902397
1.16 -0.08237551505
1.162 0.1266250722
1.164 0.5166286031
1.166 1.091860362
1.168 1.951568037
1.17 3.001654415
1.172 3.517325679
1.174 3.67849578
1.176 3.915088843
1.178 4.226240488
1.18 4.564982634
1.182 4.88803549
1.184 5.183093196
1.186 5.487697557
1.188 5.756089616
1.19 5.999062943
1.192 6.222800872
1.194 6.432304576
1.196 6.631813529
1.198 6.824149464
1.2 7.010018199
1.202 7.18998944
1.204 7.36546819
1.206 7.540413086
1.208 7.719066497
1.21 7.905276795
1.212 8.102640095
1.214 8.315011449
1.216 8.547119533
1.218 8.804992338
1.22 9.095874529
1.222 9.427591166
1.224 9.807454625
1.226 10.24186708
1.228 10.73742433
1.23 11.3025596
1.232 11.94739221
1.234 12.67467396
1.236 13.43952317
1.238 14.08247788
1.24 14.49712183
1.242 14.77487028
1.244 14.97574008
1.246 15.12701444
1.248 15.24353133
1.25 15.33383392
1.252 15.40425042
1.254 15.45972194
1.256 15.50447989
1.258 15.54268153
1.26 15.57930716
1.262 15.62005325
1.264 15.67152729
1.266 15.74174691
1.268 15.83991683
1.27 15.97572987
1.272 16.15650347
1.274 16.38187186
1.276 16.63817423
1.278 16.89958352
1.28 17.13996163
1.282 17.34379177
1.284 17.5065601
1.286 17.45723227
1.288 17.40805434
1.29 17.35583007
1.292 17.30172307
1.294 17.246319
1.296 17.19033942
1.298 17.13430429
1.3 17.07866019
1.302 17.02386608
1.304 16.97036369
1.306 16.91853573
1.308 16.86869897
1.31 16.82105901
1.312 16.77583765
1.314 16.73334534
1.316 16.69390465
1.318 16.65774936
1.32 16.62510638
1.322 16.59621667
1.324 16.57127657
1.326 16.57372158
1.328 16.57580466
1.33 16.57889622
1.332 16.56709326
1.334 16.55982869
1.336 16.55734334
1.338 16.57205886
1.34 16.58995232
1.342 16.61141812
1.344 16.63669211
1.346 16.66597522
1.348 16.69942234
1.35 16.73717689
1.352 16.77933879
1.354 16.82601578
1.356 16.87733693
1.358 16.9334257
1.36 16.99439041
1.362 17.06033362
1.364 17.13134586
1.366 17.20752063
1.368 17.28897644
1.37 17.37581364
1.372 17.46812641
1.374 17.56601766
1.376 17.66957574
1.378 17.77887018
1.38 17.89393205
1.382 18.01466699
1.384 18.1410432
1.386 18.2731299
1.388 18.41103005
1.39 18.55478671
1.392 18.70439224
1.394 18.85991455
1.396 19.02138148
1.398 19.1888199
1.4 19.36223102
1.402 19.54145602
1.404 19.72629714
1.406 19.91660793
1.408 20.11266533
1.41 20.31586851
1.412 20.52963414
1.414 20.75954032
1.416 21.01122449
1.418 21.28680084
1.42 21.58422753
1.422 21.89987609
1.424 22.23040904
1.426 22.57300076
1.428 22.92526166
1.43 23.28456033
1.432 23.6486126
1.434 24.01581867
1.436 24.38471221
1.438 24.75399391
1.44 25.12261764
1.442 25.48961724
1.444 25.85116751
1.446 26.17335813
1.448 26.32445941
1.45 26.4670773
1.452 26.64643474
1.454 26.84832736
1.456 27.06235911
1.458 27.28250288
1.46 27.50530669
1.462 27.72871632
1.464 27.95152384
1.466 28.17307761
1.468 28.39309167
1.47 28.61146163
1.472 28.82811522
1.474 29.04296014
1.476 29.25583643
1.478 29.46645833
1.48 29.67450985
1.482 29.75577923
1.484 29.82748462
1.486 29.89142816
1.488 29.94923938
1.49 30.14087627
1.492 30.33718357
1.494 30.53979544
1.496 30.75019702
1.498 30.9665533
1.5 31.17928727
1.502 31.35286309
1.504 31.42716913
1.506 32.53152437
1.508 32.60011552
1.51 32.58803755
1.512 32.539817
1.514 32.62186549
1.516 32.69549579
1.518 32.78149481
1.52 32.74797945
1.522 32.84301794
1.524 33.10865127
1.526 33.30226364
1.528 33.45813364
1.53 33.57300831
1.532 33.76219891
1.534 33.9064628
1.536 34.01399793
1.538 34.10176483
1.54 34.20475519
1.542 34.38056047
1.544 34.40388373
1.546 34.50536016
1.548 34.66510289
1.55 34.86147507
1.552 35.36112513
1.554 35.90619889
1.556 36.03156534
1.558 36.12870052
1.56 36.20877783
1.562 36.27547076
1.564 36.49875241
1.566 36.73978207
1.568 36.80575922
1.57 36.8738081
1.572 37.12578376
1.574 37.39683843
1.576 37.67728252
1.578 37.96551378
1.58 38.46485155
1.582 39.00464024
1.584 39.57774805
1.586 40.18974021
1.588 40.84374981
1.59 41.54241494
1.592 41.80134034
1.594 42.06307206
1.596 42.83628769
1.598 43.67776632
1.6 44.57085837
1.602 45.51446986
1.604 46.50728706
1.606 47.54823163
1.608 47.99390431
1.61 48.44962288
1.612 48.92113886
1.614 49.40728431
1.616 50.5772999
1.618 51.80719366
1.62 52.34407481
1.622 52.8592296
1.624 53.34574836
1.626 53.82835928
1.628 55.10417962
1.63 56.46502403
1.632 57.88596895
1.634 59.35575073
1.636 60.84827361
1.638 62.30412878
1.64 63.17296362
1.642 64.17979371
1.644 66.08545239
1.646 67.89640664
1.648 69.69370298
1.65 71.50942356
1.652 73.37869734
1.654 75.38120133
1.656 77.68130882
