3.32076e-09
1.32799e-08
2.97075e-08
5.23783e-08
8.10181e-08
1.1532e-07
1.54957e-07
1.9959e-07
2.48876e-07
3.02471e-07
3.60036e-07
4.21241e-07
4.88579e-07
5.76487e-07
6.73282e-07
7.79343e-07
8.95057e-07
1.02081e-06
1.15701e-06
1.30403e-06
1.46229e-06
1.63219e-06
1.81412e-06
2.00849e-06
2.21568e-06
2.43611e-06
2.67015e-06
2.9182e-06
3.18064e-06
3.45785e-06
3.7502e-06
4.05806e-06
4.38179e-06
4.72175e-06
5.07828e-06
5.45174e-06
5.84244e-06
6.25073e-06
6.67692e-06
7.12132e-06
7.58425e-06
8.06601e-06
8.56689e-06
9.08718e-06
9.62716e-06
1.01871e-05
1.07673e-05
1.1368e-05
1.19894e-05
1.26319e-05
1.32957e-05
1.39809e-05
1.46879e-05
1.54169e-05
1.61682e-05
1.69419e-05
1.77382e-05
1.85575e-05
1.94e-05
2.02658e-05
2.11552e-05
2.20684e-05
2.30056e-05
2.3967e-05
2.49529e-05
2.59635e-05
2.6999e-05
2.80595e-05
2.91454e-05
3.02568e-05
3.1394e-05
3.25571e-05
3.37464e-05
3.49621e-05
3.62045e-05
3.74736e-05
3.87698e-05
4.00933e-05
4.14443e-05
4.2823e-05
4.42296e-05
4.56644e-05
4.71276e-05
4.86194e-05
5.01401e-05
5.16898e-05
5.32687e-05
5.48772e-05
5.65155e-05
5.81837e-05
5.9882e-05
6.16108e-05
6.33703e-05
6.51606e-05
6.69821e-05
6.88348e-05
7.07191e-05
7.26353e-05
7.45834e-05
7.65638e-05
7.85766e-05
8.06221e-05
8.27006e-05
8.48122e-05
8.69572e-05
8.91357e-05
9.13481e-05
9.35945e-05
9.58752e-05
9.81904e-05
0.00010054
0.000102925
0.000105345
0.000107801
0.000110292
0.000112819
0.000115382
0.000117981
0.000120617
0.00012329
0.000126
0.000128747
0.000131531
0.000134354
0.000137214
0.000140112
0.000143049
0.000146025
0.000149039
0.000152093
0.000155186
0.000158319
0.000161492
0.000164705
0.000167958
0.000171252
0.000174588
0.000177964
0.000181382
0.000184842
0.000188343
0.000191888
0.000195474
0.000199104
0.000202777
0.000206494
0.000210255
0.000214059
0.000217909
0.000221803
0.000225743
0.000229727
0.000233758
0.000237835
0.000241959
0.000246129
0.000250347
0.000254612
0.000258926
0.000263287
0.000267698
0.000272158
0.000276667
0.000281226
0.000285836
0.000290496
0.000295208
0.000299971
0.000304786
0.000309654
0.000314575
0.000319549
0.000324577
0.00032966
0.000334798
0.000339991
0.000345239
0.000350545
0.000355907
0.000361326
0.000366804
0.00037234
0.000377935
0.000383589
0.000389304
0.00039508
0.000400917
0.000406815
0.000412777
0.000418801
0.000424889
0.000431042
0.00043726
0.000443543
0.000449892
0.000456309
0.000462793
0.000469346
0.000475967
0.000482659
0.00048942
0.000496253
0.000503158
0.000510135
0.000517186
0.000524311
0.000531511
0.000538787
0.000546139
0.000553569
0.000561077
0.000568664
0.00057633
0.000584077
0.000591906
0.000599817
0.000607812
0.000615891
0.000624055
0.000632305
0.000640642
0.000649066
0.00065758
0.000666184
0.000674878
0.000683664
0.000692543
0.000701516
0.000710584
0.000719748
0.000729008
0.000738367
0.000747825
0.000757383
0.000767043
0.000776805
0.00078667
0.00079664
0.000806717
0.0008169
0.000827192
0.000837593
0.000848105
0.000858729
0.000869466
0.000880318
0.000891285
0.00090237
0.000913572
0.000924895
0.000936339
0.000947905
0.000959595
0.00097141
0.000983352
0.000995422
0.00100762
0.00101995
0.00103241
0.00104501
0.00105774
0.00107061
0.00108362
0.00109677
0.00111006
0.00112349
0.00113707
0.00115079
0.00116466
0.00117868
0.00119286
0.00120718
0.00122167
0.00123631
0.0012511
0.00126606
0.00128118
0.00129647
0.00131192
0.00132753
0.00134332
0.00135928
0.00137542
0.00139173
0.00140821
0.00142488
0.00144173
0.00145876
0.00147598
0.00149339
0.00151099
0.00152878
0.00154676
0.00156494
0.00158333
0.00160191
0.0016207
0.00163969
0.00165889
0.00167831
0.00169794
0.00171778
0.00173784
0.00175813
0.00177864
0.00179937
0.00182034
0.00184153
0.00186296
0.00188463
0.00190654
0.00192869
0.00195109
0.00197374
0.00199664
0.00201979
0.00204321
0.00206688
0.00209082
0.00211502
0.0021395
0.00216425
0.00218928
0.00221459
0.00224018
0.00226607
0.00229224
0.00231871
0.00234547
0.00237254
0.00239991
0.0024276
0.0024556
0.00248391
0.00251255
0.00254151
0.0025708
0.00260043
0.00263039
0.0026607
0.00269135
0.00272235
0.00275371
0.00278543
0.00281751
0.00284996
0.00288279
0.00291599
0.00294958
0.00298356
0.00301793
0.0030527
0.00308787
0.00312345
0.00315944
0.00319586
0.0032327
0.00326997
0.00330768
0.00334583
0.00338443
0.00342348
0.00346299
0.00350297
0.00354342
0.00358435
0.00362576
0.00366767
0.00371007
0.00375298
0.0037964
0.00384034
0.0038848
0.0039298
0.00397533
0.00402142
0.00406805
0.00411525
0.00416302
0.00421136
0.00426029
0.00430982
0.00435994
0.00441068
0.00446203
0.00451401
0.00456663
0.00461988
0.0046738
0.00472837
0.00478362
0.00483954
0.00489616
0.00495347
0.0050115
0.00507024
0.00512972
0.00518993
0.00525089
0.00531261
0.0053751
0.00543837
0.00550243
0.00556729
0.00563297
0.00569947
0.00576682
0.00583501
0.00590406
0.00597399
0.00604481
0.00611653
0.00618917
0.00626273
0.00633723
0.00641269
0.00648911
0.00656652
0.00664492
0.00672434
0.00680478
0.00688627
0.00696881
0.00705242
0.00713713
0.00722294
0.00730987
0.00739794
0.00748716
0.00757756
0.00766915
0.00776195
0.00785597
0.00795124
0.00804777
0.00814558
0.0082447
0.00834514
0.00844692
0.00855007
0.0086546
0.00876054
0.00886791
0.00897673
0.00908703
0.00919882
0.00931214
0.009427
0.00954344
0.00966147
0.00978113
0.00990243
0.0100254
0.0101501
0.0102765
0.0104047
0.0105347
0.0106665
0.0108001
0.0109357
0.0110732
0.0112127
0.0113541
0.0114976
0.0116432
0.0117909
0.0119408
0.0120928
0.0122472
0.0124038
0.0125628
0.0127241
0.0128879
0.0130542
0.0132231
0.0133945
0.0135687
0.0137456
0.0139252
0.0141078
0.0142933
0.0144819
0.0146735
0.0148688
0.015068
0.0152712
0.0154785
0.01569
0.0159059
0.0161263
0.0163512
0.016581
0.0168157
0.0170555
0.0173006
0.0175512
0.0178075
0.0180697
0.0183381
0.018613
0.0188946
0.0191831
0.019479
0.0197826
0.0200943
0.0204144
0.0207434
0.0210819
0.0214303
0.0217892
0.0221593
0.0225412
0.0229357
0.0233435
0.0237658
0.0242034
0.0246576
0.0251295
0.0256204
0.0261318
0.0266654
0.0272228
0.0278062
0.0284176
0.0290594
0.0297343
0.0304448
0.0311939
0.0319845
0.0328192
0.0337
0.0346278
0.035601
0.036614
0.0376535
0.0386949
0.0396936
0.040573
0.0411998
0.0413374
0.0424466
0.0498576
0.0410416
0.043566
0.0483062
0.133142
0.15961
0.177227
0.168918
0.144077
0.176276
0.176195
0.185253
0.1937
0.19982
0.200732
0.223598
0.220224
0.216632
0.208026
0.192896
0.175163
0.175876
0.172237
0.164554
0.157603
0.152249
0.149389
0.14771
0.147131
0.146424
0.166131
0.191476
0.214758
0.236184
0.256372
0.278987
0.298716
0.32347
0.354332
0.391799
0.436303
0.487745
0.542688
0.585223
0.593513
0.586625
0.578977
0.568107
0.552648
0.534357
0.532232
0.512549
0.496356
0.48291
0.471911
0.462984
0.455825
0.450201
0.445953
0.442994
0.441203
0.440438
0.440543
0.441374
0.442812
0.444766
0.447171
0.450006
0.453329
0.457303
0.46226
0.46878
0.477755
0.490499
0.508957
0.535924
0.574053
0.619614
0.660325
0.693479
0.721063
0.744249
0.763735
0.779943
0.793238
0.803833
0.811841
0.817325
0.820306
0.820778
0.818719
0.814121
0.807039
0.797672
0.793593
0.822625
0.854031
0.886301
0.917681
0.946953
0.973596
0.986862
0.999604
1.01165
1.02307
1.03393
1.04427
1.05414
1.0636
1.07267
1.08139
1.08978
1.09788
1.10572
1.11331
1.12069
1.12788
1.13491
1.14179
1.14855
1.15522
1.16503
1.17448
1.18371
1.18994
1.19617
1.20239
1.21137
1.22022
1.22902
1.23778
1.2465
1.25519
1.26385
1.27249
1.28111
1.28969
1.29825
1.30677
1.31525
1.32368
1.33205
1.34036
1.3486
1.35675
1.3648
1.37275
1.38058
1.38828
1.39585
1.40328
1.41057
1.41769
1.42465
1.43142
1.438
1.44437
1.45055
1.45651
1.46227
1.46783
1.4732
1.4784
1.48342
1.4882
1.49262
1.49648
1.49962
1.50197
1.50356
1.50447
1.50479
1.50462
1.50404
1.50315
1.50201
1.50071
1.49929
1.49778
1.49615
1.49418
1.49196
1.49422
1.49864
1.50309
1.50738
1.51155
1.51572
1.51995
1.52433
1.52891
1.53374
1.53886
1.5443
1.5501
1.55628
1.56286
1.56986
1.57731
1.57966
1.58199
1.58435
1.58676
1.59517
1.60424
1.61393
1.62426
1.63524
1.64686
1.65906
1.67212
1.68528
1.69898
1.71661
1.73552
1.74998
1.76473
1.77918
1.79525
1.80906
1.8216
1.83659
1.85324
1.8719
1.88848
1.90456
1.91993
1.93465
1.949
1.96352
1.96406
1.9647
1.96555
1.96658
1.98279
2.00054
2.00536
2.01004
2.01479
2.0196
2.02251
2.02541
2.03049
2.0357
2.03908
2.04251
2.04604
2.04967
2.0747
2.10218
2.13163
2.16315
2.19682
2.23268
2.24384
2.25493
2.29347
2.33507
2.37908
2.42551
2.47435
2.52558
2.54269
2.55965
2.57678
2.59406
2.64837
2.70633
2.72623
2.74598
2.76615
2.78691
2.84966
2.91683
2.98731
3.06091
3.13748
3.21691
3.24351
3.26973
3.35116
3.43633
3.52427
3.61474
3.70757
3.80267
3.90002
