0.002 2.437792301e-09
0.004 9.730961397e-09
0.006 2.176476196e-08
0.008 3.840628289e-08
0.01 5.950060836e-08
0.012 8.488662395e-08
0.014 1.14402095e-07
0.016 1.478898524e-07
0.018 1.852016844e-07
0.02 2.268951505e-07
0.022 2.762024609e-07
0.024 3.307992643e-07
0.026 3.908432587e-07
0.028 4.565057742e-07
0.03 5.27970934e-07
0.032 6.054346898e-07
0.034 6.891037692e-07
0.036 7.791945662e-07
0.038 8.759320052e-07
0.04 9.795483964e-07
0.042 1.090282304e-06
0.044 1.20837744e-06
0.046 1.334081601e-06
0.048 1.467645653e-06
0.05 1.609322566e-06
0.052 1.759366529e-06
0.054 1.918032113e-06
0.056 2.085573519e-06
0.058 2.262243886e-06
0.06 2.448294675e-06
0.062 2.64397512e-06
0.064 2.849531745e-06
0.066 3.065207953e-06
0.068 3.291243665e-06
0.07 3.527875027e-06
0.072 3.775334179e-06
0.074 4.03384905e-06
0.076 4.303643208e-06
0.078 4.58493579e-06
0.08 4.877941431e-06
0.082 5.182870248e-06
0.084 5.499927851e-06
0.086 5.829315387e-06
0.088 6.171229612e-06
0.09 6.525862979e-06
0.092 6.893403745e-06
0.094 7.274036115e-06
0.096 7.66794037e-06
0.098 8.075293036e-06
0.1 8.49626705e-06
0.102 8.931031936e-06
0.104 9.379753995e-06
0.106 9.842596488e-06
0.108 1.031971982e-05
0.11 1.081128173e-05
0.112 1.131743747e-05
0.114 1.183834003e-05
0.116 1.237414026e-05
0.118 1.292498709e-05
0.12 1.349102769e-05
0.122 1.407240764e-05
0.124 1.466927112e-05
0.126 1.528176106e-05
0.128 1.59100193e-05
0.13 1.655418672e-05
0.132 1.721440335e-05
0.134 1.789080856e-05
0.136 1.858354114e-05
0.138 1.929273942e-05
0.14 2.00185414e-05
0.142 2.076108479e-05
0.144 2.152050714e-05
0.146 2.229694589e-05
0.148 2.309053846e-05
0.15 2.39014223e-05
0.152 2.472973497e-05
0.154 2.557561413e-05
0.156 2.643919763e-05
0.158 2.732062354e-05
0.16 2.822003018e-05
0.162 2.913755612e-05
0.164 3.007334024e-05
0.166 3.10275217e-05
0.168 3.200023995e-05
0.17 3.299163477e-05
0.172 3.400184625e-05
0.174 3.503101478e-05
0.176 3.607928103e-05
0.178 3.714678596e-05
0.18 3.823367071e-05
0.182 3.934007673e-05
0.184 4.046614587e-05
0.186 4.161202018e-05
0.188 4.2777842e-05
0.19 4.396375387e-05
0.192 4.516989847e-05
0.194 4.639641876e-05
0.196 4.764345811e-05
0.198 4.891116003e-05
0.2 5.019966797e-05
0.202 5.150912566e-05
0.204 5.283967699e-05
0.206 5.419146603e-05
0.208 5.556462943e-05
0.21 5.69593057e-05
0.212 5.837564163e-05
0.214 5.981378168e-05
0.216 6.127387053e-05
0.218 6.275605316e-05
0.22 6.42604749e-05
0.222 6.578728751e-05
0.224 6.733664152e-05
0.226 6.890868141e-05
0.228 7.050355411e-05
0.23 7.212140698e-05
0.232 7.376238782e-05
0.234 7.542664497e-05
0.236 7.711432738e-05
0.238 7.882558462e-05
0.24 8.056056695e-05
0.242 8.23194254e-05
0.244 8.410231181e-05
0.246 8.590937893e-05
0.248 8.774078044e-05
0.25 8.959667108e-05
0.252 9.147720672e-05
0.254 9.338254441e-05
0.256 9.531284245e-05
0.258 9.726826049e-05
0.26 9.924895964e-05
0.262 0.0001012551027
0.264 0.000103286854
0.266 0.0001053443795
0.268 0.0001074278469
0.27 0.0001095374257
0.272 0.0001116732875
0.274 0.0001138356059
0.276 0.0001160245563
0.278 0.0001182403164
0.28 0.0001204830666
0.282 0.0001227529894
0.284 0.0001250502703
0.286 0.0001273750968
0.288 0.0001297276594
0.29 0.0001321081681
0.292 0.0001345168308
0.294 0.000136953841
0.296 0.0001394194007
0.298 0.0001419137151
0.3 0.0001444369922
0.302 0.0001469894435
0.304 0.0001495712839
0.306 0.0001521827315
0.308 0.0001548240081
0.31 0.0001574953388
0.312 0.0001601969527
0.314 0.0001629290824
0.316 0.0001656919646
0.318 0.0001684858396
0.32 0.0001713109518
0.322 0.0001741675496
0.324 0.0001770558856
0.326 0.0001799762166
0.328 0.0001829288035
0.33 0.0001859139117
0.332 0.000188931811
0.334 0.0001919827755
0.336 0.0001950670841
0.338 0.0001981850198
0.34 0.0002013368707
0.342 0.0002045229294
0.344 0.0002077434931
0.346 0.0002109988642
0.348 0.0002142893499
0.35 0.0002176152623
0.352 0.0002209769185
0.354 0.0002243746407
0.356 0.0002278087562
0.358 0.0002312795974
0.36 0.0002347875021
0.362 0.0002383328133
0.364 0.0002419158794
0.366 0.0002455370539
0.368 0.0002491966963
0.37 0.0002528951711
0.372 0.0002566328486
0.374 0.0002604101047
0.376 0.000264227321
0.378 0.0002680848846
0.38 0.0002719831888
0.382 0.0002759226323
0.384 0.0002799036199
0.386 0.0002839265625
0.388 0.0002879918767
0.39 0.0002920999852
0.392 0.0002962513171
0.394 0.0003004463075
0.396 0.0003046853979
0.398 0.0003089690359
0.4 0.0003132976752
0.402 0.0003176717762
0.404 0.0003220918059
0.406 0.0003265582374
0.408 0.0003310715506
0.41 0.0003356322321
0.412 0.0003402407752
0.414 0.0003448976797
0.416 0.0003496034527
0.418 0.0003543586078
0.42 0.0003591636658
0.422 0.0003640191542
0.424 0.0003689256076
0.426 0.000373883576
0.428 0.000378893614
0.43 0.0003839562753
0.432 0.0003890721237
0.434 0.0003942417303
0.436 0.0003994656736
0.438 0.0004047445395
0.44 0.0004100789219
0.442 0.0004154694218
0.444 0.0004209166483
0.446 0.0004264212183
0.448 0.0004319837565
0.45 0.0004376048954
0.452 0.0004432852759
0.454 0.0004490255467
0.456 0.0004548263648
0.458 0.0004606883954
0.46 0.0004666123122
0.462 0.0004725987971
0.464 0.0004786485408
0.466 0.0004847622422
0.468 0.0004909406091
0.47 0.0004971843581
0.472 0.0005034942143
0.474 0.0005098709121
0.476 0.0005163151946
0.478 0.0005228278138
0.48 0.0005294095309
0.482 0.0005360611169
0.484 0.0005427833516
0.486 0.0005495770247
0.488 0.0005564429352
0.49 0.0005633818917
0.492 0.0005703947129
0.494 0.0005774822271
0.496 0.0005846452725
0.498 0.000591884698
0.5 0.0005992013608
0.502 0.0006065961255
0.504 0.0006140698699
0.506 0.0006216234717
0.508 0.0006292578232
0.51 0.0006369738409
0.512 0.0006447724474
0.514 0.0006526545761
0.516 0.000660621172
0.518 0.0006686731911
0.52 0.000676811599
0.522 0.0006850373737
0.524 0.0006933515059
0.526 0.0007017549972
0.528 0.0007102488612
0.53 0.0007188341233
0.532 0.0007275118215
0.534 0.000736283006
0.536 0.0007451487394
0.538 0.0007541100973
0.54 0.000763168168
0.542 0.0007723240527
0.544 0.0007815788662
0.546 0.0007909337362
0.548 0.0008003898039
0.55 0.000809948224
0.552 0.0008196101661
0.554 0.0008293768136
0.556 0.0008392493646
0.558 0.0008492290314
0.56 0.0008593170416
0.562 0.0008695146376
0.564 0.0008798230946
0.566 0.0008902436983
0.568 0.0009007777324
0.57 0.0009114265025
0.572 0.0009221913305
0.574 0.0009330735547
0.576 0.0009440745304
0.578 0.0009551956297
0.58 0.0009664382425
0.582 0.0009778037758
0.584 0.000989293655
0.586 0.001000909324
0.588 0.001012652244
0.59 0.001024523896
0.592 0.00103652578
0.594 0.001048659417
0.596 0.001060926345
0.598 0.001073328125
0.6 0.001085866336
0.602 0.00109854258
0.604 0.001111358479
0.606 0.001124315678
0.608 0.001137415842
0.61 0.001150660662
0.612 0.001164051848
0.614 0.001177591134
0.616 0.00119128028
0.618 0.001205121067
0.62 0.001219115304
0.622 0.001233264821
0.624 0.001247571475
0.626 0.00126203715
0.628 0.001276663755
0.63 0.001291453225
0.632 0.001306407524
0.634 0.001321528643
0.636 0.001336818599
0.638 0.001352279441
0.64 0.001367913245
0.642 0.001383722118
0.644 0.001399708195
0.646 0.001415873644
0.648 0.001432220663
0.65 0.001448751482
0.652 0.001465468365
0.654 0.001482373605
0.656 0.001499469533
0.658 0.001516758511
0.66 0.001534242937
0.662 0.001551925243
0.664 0.001569807901
0.666 0.001587893419
0.668 0.00160618435
0.67 0.001624683276
0.672 0.001643392812
0.674 0.001662315615
0.676 0.001681454383
0.678 0.001700811855
0.68 0.00172039081
0.682 0.00174019407
0.684 0.001760224501
0.686 0.001780485011
0.688 0.001800978552
0.69 0.00182170812
0.692 0.00184267676
0.694 0.00186388756
0.696 0.001885343657
0.698 0.001907048236
0.7 0.001929004529
0.702 0.001951215821
0.704 0.001973685445
0.706 0.001996416786
0.708 0.002019413282
0.71 0.002042678422
0.712 0.002066215745
0.714 0.002090028846
0.716 0.002114121382
0.718 0.002138497067
0.72 0.00216315967
0.722 0.002188113019
0.724 0.002213361006
0.726 0.002238907579
0.728 0.002264756751
0.73 0.002290912597
0.732 0.002317379257
0.734 0.002344160938
0.736 0.002371261909
0.738 0.002398686488
0.74 0.002426439063
0.742 0.002454524119
0.744 0.002482946204
0.746 0.002511709939
0.748 0.002540820018
0.75 0.002570281211
0.752 0.002600098363
0.754 0.002630276399
0.756 0.002660820322
0.758 0.002691735216
0.76 0.002723026248
0.762 0.002754698681
0.764 0.002786757863
0.766 0.002819209212
0.768 0.002852058238
0.77 0.002885310544
0.772 0.002918971823
0.774 0.002953047861
0.776 0.002987544541
0.778 0.00302246784
0.78 0.003057823837
0.782 0.003093618711
0.784 0.003129858744
0.786 0.003166550313
0.788 0.003203699905
0.79 0.003241314125
0.792 0.003279399686
0.794 0.003317963415
0.796 0.003357011294
0.798 0.003396549448
0.8 0.003436585454
0.802 0.003477126643
0.804 0.003518180518
0.806 0.003559754723
0.808 0.003601857045
0.81 0.003644495409
0.812 0.003687677882
0.814 0.003731412667
0.816 0.003775708111
0.818 0.003820572699
0.82 0.003866015069
0.822 0.003912044012
0.824 0.003958668472
0.826 0.004005897549
0.828 0.004053740503
0.83 0.00410220676
0.832 0.004151305911
0.834 0.004201047723
0.836 0.00425144214
0.838 0.004302499284
0.84 0.004354229471
0.842 0.004406643204
0.844 0.004459751192
0.846 0.004513564574
0.848 0.004568094715
0.85 0.004623352874
0.852 0.004679350624
0.854 0.004736099754
0.856 0.004793612289
0.858 0.004851900495
0.86 0.004910976892
0.862 0.004970854262
0.864 0.005031545656
0.866 0.00509306441
0.868 0.005155424164
0.87 0.005218638861
0.872 0.00528272274
0.874 0.005347690368
0.876 0.005413556668
0.878 0.005480336911
0.88 0.005548046717
0.882 0.005616702094
0.884 0.005686319448
0.886 0.005756915596
0.888 0.005828507788
0.89 0.005901113722
0.892 0.005974751564
0.894 0.006049439972
0.896 0.00612519812
0.898 0.006202045723
0.9 0.006280003052
0.902 0.006359088424
0.904 0.006439322749
0.906 0.006520729423
0.908 0.006603331549
0.91 0.006687152786
0.912 0.006772217452
0.914 0.006858550581
0.916 0.006946177981
0.918 0.007035126292
0.92 0.007125423048
0.922 0.007217096733
0.924 0.007310176844
0.926 0.007404693946
0.928 0.007500679752
0.93 0.007598167194
0.932 0.007697190485
0.934 0.007797785213
0.936 0.007899988419
0.938 0.008003838689
0.94 0.008109376218
0.942 0.008216642848
0.944 0.008325677598
0.946 0.008436522817
0.948 0.008549227766
0.95 0.008663842351
0.952 0.008780418882
0.954 0.008899012236
0.956 0.009019680075
0.958 0.009142482159
0.96 0.009267481696
0.962 0.009394746066
0.964 0.009524346912
0.966 0.009656359475
0.968 0.009791145139
0.97 0.009929003608
0.972 0.0100699404
0.974 0.01021406155
0.976 0.01036147752
0.978 0.0105123049
0.98 0.01066666727
0.982 0.01082469576
0.984 0.01098652994
0.986 0.01115231852
0.988 0.01132222053
0.99 0.01149640646
0.992 0.01167505917
0.994 0.01185837498
0.996 0.01204656504
0.998 0.01223985676
1 0.01243849537
1.002 0.01264274548
1.004 0.0128528918
1.006 0.01306924418
1.008 0.01329214041
1.01 0.01352194706
1.012 0.01375906369
1.014 0.01400392556
1.016 0.01425700708
1.018 0.01451882762
1.02 0.0147899564
1.022 0.01507101838
1.024 0.01536270147
1.026 0.01566576403
1.028 0.01598104387
1.03 0.01630949396
1.032 0.01665219126
1.034 0.01701028891
1.036 0.01738504937
1.038 0.01777789719
1.04 0.01819043079
1.042 0.01862445046
1.044 0.01908199987
1.046 0.01956538214
1.048 0.02007719864
1.05 0.02062040979
1.052 0.02119839262
1.054 0.02181499716
1.056 0.02247466278
1.058 0.02318243757
1.06 0.02394402733
1.062 0.0247659079
1.064 0.02565539464
1.066 0.02662050044
1.068 0.02766975108
1.07 0.02881191649
1.072 0.03005570372
1.074 0.03140921298
1.076 0.03288010652
1.078 0.03447892795
1.08 0.03622983863
1.082 0.03817370062
1.084 0.0402821163
1.086 0.03756465564
1.088 0.03864740864
1.09 0.04093104229
1.092 0.09187690488
1.094 0.1102447244
1.096 0.1250910081
1.098 0.1202652541
1.1 0.103865693
1.102 0.1236499464
1.104 0.1236132765
1.106 0.1311040154
1.108 0.1384745199
1.11 0.1442037679
1.112 0.1456384421
1.114 0.1663687482
1.116 0.1663983096
1.118 0.1663229462
1.12 0.1630973356
1.122 0.1561515245
1.124 0.1449352237
1.126 0.1465031995
1.128 0.1468350796
1.13 0.1446651754
1.132 0.1308614729
1.134 0.1274611368
1.136 0.1254375998
1.138 0.1245002674
1.14 0.1243511212
1.142 0.1316653084
1.144 0.154556318
1.146 0.1744495972
1.148 0.1924672783
1.15 0.2091624942
1.152 0.2254357757
1.154 0.2428958426
1.156 0.2572567146
1.158 0.2760854224
1.16 0.2996928237
1.162 0.32744697
1.164 0.3589639559
1.166 0.3931447858
1.168 0.4259326801
1.17 0.4452219592
1.172 0.4455247782
1.174 0.4406899828
1.176 0.4345014456
1.178 0.4247098025
1.18 0.4148350059
1.182 0.4123163263
1.184 0.4087468358
1.186 0.3856269701
1.188 0.3677139581
1.19 0.3531441688
1.192 0.341319305
1.194 0.331683693
1.196 0.3238360109
1.198 0.3174749959
1.2 0.3123844378
1.202 0.3084287378
1.204 0.3054694417
1.206 0.3033784532
1.208 0.3020245585
1.21 0.3012950205
1.212 0.3010962698
1.214 0.3013552844
1.216 0.3020222914
1.218 0.303074162
1.22 0.3071073755
1.222 0.3134325854
1.224 0.3195052173
1.226 0.325297201
1.228 0.3307755482
1.23 0.3359016006
1.232 0.3480511722
1.234 0.3682298878
1.236 0.3963567122
1.238 0.4301875465
1.24 0.4615308024
1.242 0.4883629239
1.244 0.511859224
1.246 0.532646424
1.248 0.5510748408
1.25 0.5673298707
1.252 0.5815703744
1.254 0.5938597324
1.256 0.6041955981
1.258 0.612536148
1.26 0.6188068116
1.262 0.6229042629
1.264 0.6247001666
1.266 0.6240683278
1.268 0.6209250346
1.27 0.6153110786
1.272 0.6074881044
1.274 0.5980173752
1.276 0.5996948202
1.278 0.6206505156
1.28 0.6411427129
1.282 0.6603418272
1.284 0.6778769533
1.286 0.6863769846
1.288 0.6945553401
1.29 0.7022954207
1.292 0.7096419912
1.294 0.7166248298
1.296 0.7232803656
1.298 0.7296374095
1.3 0.7357204349
1.302 0.7415516775
1.304 0.7471507078
1.306 0.7525351023
1.308 0.7577229065
1.31 0.7627339704
1.312 0.7675820571
1.314 0.7722836238
1.316 0.7768582022
1.318 0.7813195204
1.32 0.785683069
1.322 0.7899647638
1.324 0.7941799284
1.326 0.8004637329
1.328 0.806510793
1.33 0.812409862
1.332 0.8163253703
1.334 0.8202411849
1.336 0.8241454831
1.338 0.8298674041
1.34 0.8355099214
1.342 0.8411201077
1.344 0.8467066761
1.346 0.8522769247
1.348 0.8578361922
1.35 0.8633873846
1.352 0.8689320529
1.354 0.874470398
1.356 0.8800016276
1.358 0.8855245138
1.36 0.8910361244
1.362 0.8965320746
1.364 0.9020073004
1.366 0.9074563669
1.368 0.9128732014
1.37 0.9182512698
1.372 0.923583815
1.374 0.9288622966
1.376 0.9340780175
1.378 0.9392237545
1.38 0.9442926764
1.382 0.9492788215
1.384 0.9543389225
1.386 0.9596227408
1.388 0.9647803163
1.39 0.969801521
1.392 0.9746750706
1.394 0.9793942473
1.396 0.9839525901
1.398 0.9883443504
1.4 0.9925658133
1.402 0.9966165815
1.404 1.000498908
1.406 1.004218335
1.408 1.007777238
1.41 1.011166341
1.412 1.014350151
1.414 1.017249709
1.416 1.019756486
1.418 1.021786664
1.42 1.023323406
1.422 1.024399931
1.424 1.025070194
1.426 1.025394334
1.428 1.025431952
1.43 1.025238225
1.432 1.024865287
1.434 1.024359836
1.436 1.023761882
1.438 1.023100418
1.44 1.022383979
1.442 1.021569563
1.444 1.020518867
1.446 1.019336269
1.448 1.021119596
1.45 1.024151441
1.452 1.027140034
1.454 1.0300132
1.456 1.03283013
1.458 1.03566454
1.46 1.038574178
1.462 1.041603187
1.464 1.044787163
1.466 1.048156101
1.468 1.051735884
1.47 1.055549733
1.472 1.059616619
1.474 1.063953223
1.476 1.068573885
1.478 1.073492428
1.48 1.078723812
1.482 1.080272503
1.484 1.081832615
1.486 1.083431762
1.488 1.085074283
1.49 1.091102299
1.492 1.097577952
1.494 1.10446618
1.496 1.111779051
1.498 1.119525941
1.5 1.127706022
1.502 1.13627285
1.504 1.145441854
1.506 1.155803547
1.508 1.16579058
1.51 1.178043261
1.512 1.19117068
1.514 1.201688572
1.516 1.212382061
1.518 1.222884409
1.52 1.234464527
1.522 1.244451783
1.524 1.253411599
1.526 1.264031458
1.528 1.27571734
1.53 1.288699501
1.532 1.30064703
1.534 1.312398974
1.536 1.323799517
1.538 1.334855874
1.54 1.345735333
1.542 1.356787557
1.544 1.358087794
1.546 1.359451141
1.548 1.360955466
1.55 1.362586045
1.552 1.374929691
1.554 1.388321158
1.556 1.392048603
1.558 1.395723912
1.56 1.399464068
1.562 1.403268512
1.564 1.406188707
1.566 1.409139846
1.568 1.413170114
1.57 1.417311413
1.572 1.420613512
1.574 1.423969455
1.576 1.427401743
1.578 1.432441112
1.58 1.453672847
1.582 1.473948535
1.584 1.493810976
1.586 1.513279098
1.588 1.537318627
1.59 1.562993081
1.592 1.571158016
1.594 1.589336745
1.596 1.607216658
1.598 1.6366487
1.6 1.668040414
1.602 1.701117395
1.604 1.735876608
1.606 1.77232386
1.608 1.784647178
1.61 1.796898778
1.612 1.809274807
1.614 1.821767084
1.616 1.860552451
1.618 1.90186604
1.62 1.916139973
1.622 1.930267234
1.624 1.944607894
1.626 1.959294307
1.628 2.003784329
1.63 2.051353886
1.632 2.101227467
1.634 2.15329267
1.636 2.207440042
1.638 2.263586479
1.64 2.282605606
1.642 2.301429654
1.644 2.359249461
1.646 2.419693227
1.648 2.482094846
1.65 2.546300173
1.652 2.612216588
1.654 2.679784498
1.656 2.748949563
