0.002 2.43779253e-06
0.004 4.849214029e-06
0.006 7.197446359e-06
0.008 9.475215044e-06
0.01 1.167396043e-05
0.012 1.379230504e-05
0.014 1.583145107e-05
0.016 1.820660653e-05
0.018 2.067615216e-05
0.02 2.320781955e-05
0.022 2.580909314e-05
0.024 2.848726845e-05
0.026 3.124928844e-05
0.028 3.410163804e-05
0.03 3.705026843e-05
0.032 4.010055121e-05
0.034 4.325725243e-05
0.036 4.652452622e-05
0.038 4.990592032e-05
0.04 5.340439286e-05
0.042 5.702233685e-05
0.044 6.076161052e-05
0.046 6.462357274e-05
0.048 6.860911573e-05
0.05 7.271870848e-05
0.052 7.695243178e-05
0.054 8.131001731e-05
0.056 8.579088458e-05
0.058 9.039417679e-05
0.06 9.511879487e-05
0.062 9.996342891e-05
0.064 0.0001049265901
0.066 0.0001100066379
0.068 0.0001152018065
0.07 0.0001205102292
0.072 0.0001259299705
0.074 0.0001314590094
0.076 0.0001370953127
0.078 0.0001428368177
0.08 0.0001486814547
0.082 0.0001546271632
0.084 0.0001606719011
0.086 0.0001668136597
0.088 0.0001730504728
0.09 0.0001793804165
0.092 0.0001858016294
0.094 0.0001923123124
0.096 0.0001989107317
0.098 0.0002055952294
0.1 0.0002123642252
0.102 0.0002192162154
0.104 0.0002261497863
0.106 0.0002331635958
0.108 0.0002402563883
0.11 0.0002474269906
0.112 0.0002546743134
0.114 0.0002619973455
0.116 0.0002693951471
0.118 0.0002768668691
0.12 0.0002844117433
0.122 0.0002920290403
0.124 0.000299718161
0.126 0.0003074785403
0.128 0.0003153096856
0.13 0.0003232111661
0.132 0.0003311825925
0.134 0.0003392236799
0.136 0.0003473341538
0.138 0.0003555138017
0.14 0.0003637624662
0.142 0.0003720800137
0.144 0.0003804663579
0.146 0.0003889214474
0.148 0.0003974452609
0.15 0.0004060378073
0.152 0.000414699118
0.154 0.0004234292289
0.156 0.000432228229
0.158 0.0004410962064
0.16 0.0004500332599
0.162 0.000459039503
0.164 0.0004681150568
0.166 0.0004772600468
0.168 0.0004864746027
0.17 0.0004957588564
0.172 0.0005051129457
0.174 0.0005145369976
0.176 0.0005240311275
0.178 0.0005335954705
0.18 0.0005432300402
0.182 0.0005529350976
0.184 0.0005627107286
0.186 0.0005725570396
0.188 0.0005824741707
0.19 0.0005924621409
0.192 0.0006025210799
0.194 0.0006126510696
0.196 0.0006228524292
0.198 0.0006331249425
0.2 0.0006434687551
0.202 0.0006538839691
0.204 0.0006643706307
0.206 0.0006749288147
0.208 0.000685551019
0.21 0.00069624698
0.212 0.0007070145559
0.214 0.0007178538183
0.216 0.0007287648584
0.218 0.0007397478645
0.22 0.0007508029607
0.222 0.0007619364063
0.224 0.0007731404608
0.226 0.0007844172025
0.228 0.00079576684
0.23 0.0008071895764
0.232 0.0008186856305
0.234 0.0008302552904
0.236 0.0008418988523
0.238 0.0008536166289
0.24 0.0008654089727
0.242 0.0008772762685
0.244 0.0008892189342
0.246 0.0009012374211
0.248 0.0009133322195
0.25 0.0009255038558
0.252 0.0009377529183
0.254 0.0009500799834
0.256 0.0009624857001
0.258 0.0009749707679
0.26 0.00098753591
0.262 0.001000182092
0.264 0.001012909897
0.266 0.00102572023
0.268 0.001038614001
0.27 0.001051592163
0.272 0.001064655699
0.274 0.001077805647
0.276 0.001091042831
0.278 0.001104368686
0.28 0.001117784338
0.282 0.001131291018
0.284 0.001144889983
0.286 0.00115858254
0.288 0.001172370037
0.29 0.001186270796
0.292 0.001200264008
0.294 0.001214356446
0.296 0.001228549641
0.298 0.001242845118
0.3 0.001257244464
0.302 0.001271749304
0.304 0.001286361323
0.306 0.001301082228
0.308 0.001315913779
0.31 0.001330857776
0.312 0.001345916061
0.314 0.001361090513
0.316 0.001376383051
0.318 0.001391795627
0.32 0.001407330238
0.322 0.001422988799
0.324 0.001438773518
0.326 0.001454686457
0.328 0.001470729726
0.33 0.001486905488
0.332 0.001503215942
0.334 0.001519663313
0.336 0.001536249852
0.338 0.001552977809
0.34 0.001569849559
0.342 0.00158686733
0.344 0.001604033649
0.346 0.001621350888
0.348 0.001638821488
0.35 0.001656447913
0.352 0.001674232656
0.354 0.001692178235
0.356 0.001710287204
0.358 0.001728562139
0.36 0.001747005645
0.362 0.001765620355
0.364 0.00178440893
0.366 0.001803374054
0.368 0.001822518441
0.37 0.001841844832
0.372 0.001861355994
0.374 0.001881054719
0.376 0.001900943829
0.378 0.001921026174
0.38 0.00194130463
0.382 0.001961782104
0.384 0.001982461518
0.386 0.002003345833
0.388 0.002024438035
0.39 0.002045741135
0.392 0.002067258183
0.394 0.002088992419
0.396 0.002110946682
0.398 0.002133124187
0.4 0.002155528069
0.402 0.002178161516
0.404 0.002201027787
0.406 0.002224130072
0.408 0.002247471654
0.41 0.002271055837
0.412 0.002294885954
0.414 0.002318965365
0.416 0.002343297604
0.418 0.002367885915
0.42 0.002392733788
0.422 0.002417844709
0.424 0.002443222194
0.426 0.002468878092
0.428 0.002494805098
0.43 0.002521009438
0.432 0.002547494783
0.434 0.002574264781
0.436 0.002601323131
0.438 0.002628673567
0.44 0.002656319871
0.442 0.002684265855
0.444 0.002712515369
0.446 0.002741072308
0.448 0.002769940597
0.45 0.002799124179
0.452 0.002828627055
0.454 0.002858453282
0.456 0.002888606928
0.458 0.002919092099
0.46 0.002949912951
0.462 0.002981073681
0.464 0.003012578519
0.466 0.003044431751
0.468 0.003076637658
0.47 0.003109200579
0.472 0.00314212495
0.474 0.003175415188
0.476 0.003209075774
0.478 0.003243110919
0.48 0.003277525598
0.482 0.003312324322
0.484 0.003347511742
0.486 0.003383092574
0.488 0.003419071571
0.49 0.00345545353
0.492 0.00349224346
0.494 0.003529446055
0.496 0.003567066323
0.498 0.00360510984
0.5 0.003643579458
0.502 0.003682479499
0.504 0.003721818591
0.506 0.003761588035
0.508 0.003801811308
0.51 0.003842488811
0.512 0.003883626024
0.514 0.00392522838
0.516 0.003967301824
0.518 0.004009851355
0.52 0.00405288155
0.522 0.004096400057
0.524 0.004140411814
0.526 0.004184922777
0.528 0.004229938741
0.53 0.004275465842
0.532 0.004321510187
0.534 0.004368077921
0.536 0.004415175302
0.538 0.004462808681
0.54 0.004510984469
0.542 0.004559709178
0.544 0.004608989418
0.546 0.004658831874
0.548 0.004709242743
0.55 0.004760229673
0.552 0.00481179949
0.554 0.004863959282
0.556 0.004916716261
0.558 0.004970077732
0.56 0.005024051124
0.562 0.005078643975
0.564 0.00513388192
0.566 0.00518974904
0.568 0.005246259216
0.57 0.005303420408
0.572 0.005361240785
0.574 0.005419728613
0.576 0.005478892311
0.578 0.00553874043
0.58 0.005599281667
0.582 0.005660524865
0.584 0.005722479018
0.586 0.005785153273
0.588 0.005848556935
0.59 0.005912699465
0.592 0.005977590494
0.594 0.006043239818
0.596 0.006109657405
0.598 0.006176853391
0.6 0.006244838096
0.602 0.006313622054
0.604 0.006383215988
0.606 0.006453630753
0.608 0.006524877414
0.61 0.006596967234
0.612 0.006669911657
0.614 0.006743722374
0.616 0.00681841125
0.618 0.006893990369
0.62 0.006970472194
0.622 0.007047869032
0.624 0.00712619368
0.626 0.007205459107
0.628 0.007285678514
0.63 0.007366865337
0.632 0.007449033258
0.634 0.007532196189
0.636 0.007616368302
0.638 0.007701564012
0.64 0.007787798003
0.642 0.007875085211
0.644 0.007963440824
0.646 0.008052880341
0.648 0.008143419507
0.65 0.008235074353
0.652 0.008327861196
0.654 0.008421796639
0.656 0.008516897584
0.658 0.008613181229
0.66 0.008710665078
0.662 0.008809366946
0.664 0.008909307778
0.666 0.009010502356
0.668 0.009112983207
0.67 0.009216749095
0.672 0.009321827061
0.674 0.009428236418
0.676 0.009535997889
0.678 0.009645131874
0.68 0.009755659482
0.682 0.009867601955
0.684 0.00998098095
0.686 0.01009581845
0.688 0.01021213685
0.69 0.01032995878
0.692 0.0104493078
0.694 0.01057020717
0.696 0.01069268104
0.698 0.01081675366
0.7 0.01094244993
0.702 0.01106979512
0.704 0.01119881544
0.706 0.01132953637
0.708 0.01146198453
0.71 0.01159618719
0.712 0.01173216558
0.714 0.01186995617
0.716 0.01200958545
0.718 0.01215108253
0.72 0.01229447687
0.722 0.01243979883
0.724 0.01258707905
0.726 0.01273634833
0.728 0.01288763907
0.73 0.01304098351
0.732 0.01319641462
0.734 0.01335396599
0.736 0.01351367182
0.738 0.01367554167
0.74 0.01383964318
0.742 0.01400600444
0.744 0.01417466213
0.746 0.01434565372
0.748 0.01451901726
0.75 0.01469479158
0.752 0.01487301626
0.754 0.01505373159
0.756 0.01523697864
0.758 0.01542279924
0.76 0.01561123603
0.762 0.01580234683
0.764 0.0159961573
0.766 0.0161927173
0.768 0.01639207285
0.77 0.01659427087
0.772 0.01679935923
0.774 0.01700738657
0.776 0.01721840235
0.778 0.01743245792
0.78 0.01764960504
0.782 0.01786989655
0.784 0.01809338644
0.786 0.01832012123
0.788 0.01855016781
0.79 0.01878358116
0.792 0.01902041984
0.794 0.01926074453
0.796 0.0195036987
0.798 0.01975045562
0.8 0.02000091451
0.802 0.02025512649
0.804 0.02051318006
0.806 0.02077514863
0.808 0.02104110775
0.81 0.02131113119
0.812 0.02158529301
0.814 0.02186366783
0.816 0.02214633125
0.818 0.0224333584
0.82 0.02272483355
0.822 0.02302083636
0.824 0.02332145057
0.826 0.02362676017
0.828 0.02393685193
0.83 0.02425181511
0.832 0.02457174154
0.834 0.02489672566
0.836 0.02522686302
0.838 0.02556225451
0.84 0.02590300238
0.842 0.02624921323
0.844 0.02660099669
0.846 0.02695869956
0.848 0.02732216505
0.85 0.0276915497
0.852 0.02806698283
0.854 0.02844858577
0.856 0.02883648941
0.858 0.02923082871
0.86 0.02963174421
0.862 0.03003938184
0.864 0.0304538931
0.866 0.03087543524
0.868 0.03130418773
0.87 0.031740299
0.872 0.03218394993
0.874 0.03263532344
0.876 0.0330946285
0.878 0.03356203815
0.88 0.03403776336
0.882 0.03452202019
0.884 0.03501503178
0.886 0.03551703099
0.888 0.03602826083
0.89 0.03654897493
0.892 0.03707943831
0.894 0.03761992787
0.896 0.03817073853
0.898 0.03873217171
0.9 0.0393045452
0.902 0.03988553652
0.904 0.0404796832
0.906 0.04108595549
0.908 0.04170472089
0.91 0.04233631389
0.912 0.04298111488
0.914 0.0436395377
0.916 0.04431202641
0.918 0.0449990582
0.92 0.04570114166
0.922 0.04641881836
0.924 0.04715266209
0.926 0.04790328023
0.928 0.04867132644
0.93 0.04945748612
0.932 0.05026248492
0.934 0.05108710198
0.936 0.05193215069
0.938 0.05279851068
0.94 0.05368706582
0.942 0.05459876455
0.944 0.05552902729
0.946 0.05648650806
0.948 0.05747044851
0.95 0.05848211639
0.952 0.05952285489
0.954 0.06059409589
0.956 0.06169741456
0.958 0.0628338166
0.96 0.06400586108
0.962 0.06521519396
0.964 0.06646449113
0.966 0.06775506703
0.968 0.06938658883
0.97 0.07097667831
0.972 0.07262070673
0.974 0.074321922
0.976 0.07608295391
0.978 0.07790753037
0.98 0.07979944813
0.982 0.08176301646
0.984 0.08380298991
0.986 0.08592444907
0.988 0.08813329659
0.99 0.0904358281
0.992 0.09283887635
0.994 0.09534993291
0.996 0.09797720221
0.998 0.1007296708
1 0.1036171777
1.002 0.106650311
1.004 0.1098409704
1.006 0.1132027693
1.008 0.1167502133
1.01 0.1204992679
1.012 0.1244682424
1.014 0.128676157
1.016 0.1331451229
1.018 0.1378998306
1.02 0.1429675943
1.022 0.1483791591
1.024 0.1541692934
1.026 0.1603767018
1.028 0.1670456608
1.03 0.1742419875
1.032 0.1820257553
1.034 0.1904314305
1.036 0.1995434545
1.038 0.2094463404
1.04 0.2202408689
1.042 0.2320426348
1.044 0.2449896424
1.046 0.2592329618
1.048 0.2749595363
1.05 0.2923886992
1.052 0.3117848433
1.054 0.3334519692
1.056 0.3577997227
1.058 0.385238289
1.06 0.4163254147
1.062 0.4517397613
1.064 0.4923559123
1.066 0.5391618716
1.068 0.5935260382
1.07 0.6573369304
1.072 0.7336306266
1.074 0.8271217149
1.076 0.9469386575
1.078 1.114293055
1.08 1.369810856
1.082 1.839676788
1.084 3.014438111
1.086 6.344031967
1.088 1.348855905
1.09 1.870085156
1.092 34.1425055
1.094 14.05242336
1.096 28.29439138
1.098 5.378278829
1.1 21.70214
1.102 13.05668288
1.104 28.3508177
1.106 6.131940417
1.108 6.755582506
1.11 8.079580456
1.112 12.49226604
1.114 29.75641961
1.116 6.071402042
1.118 9.551225011
1.12 7.468589223
1.122 14.98128892
1.124 32.96574343
1.126 3.887422989
1.128 6.102436535
1.13 11.25049209
1.132 60.82771176
1.134 4.095518207
1.136 2.95754979
1.138 7.295223795
1.14 16.63501058
1.142 14.28647404
1.144 11.60430963
1.146 10.10358748
1.148 9.157397825
1.15 8.476713377
1.152 8.23420434
1.154 8.9091289
1.156 18.49914783
1.158 17.17276189
1.16 18.78270216
1.162 20.52936611
1.164 22.58413606
1.166 24.65735947
1.168 25.64533504
1.17 21.18612253
1.172 8.104743893
1.174 3.86651451
1.176 3.955528749
1.178 6.342394072
1.18 8.729804643
1.182 9.723944951
1.184 9.592472389
1.186 23.13216863
1.188 18.60331163
1.19 16.00174644
1.192 13.85012373
1.194 12.13857852
1.196 10.73320998
1.198 9.568760346
1.2 8.58461417
1.202 7.787457831
1.204 7.112449909
1.206 6.517449176
1.208 5.983534315
1.21 5.498468796
1.212 5.056318069
1.214 4.650653619
1.216 4.279826922
1.218 3.944430701
1.22 4.336782045
1.222 5.433315973
1.224 6.736267222
1.226 8.215144894
1.228 9.87139704
1.23 11.76692252
1.232 14.00180617
1.234 16.55897223
1.236 18.64829092
1.238 19.07418554
1.24 18.82644075
1.242 16.63902542
1.244 14.81123495
1.246 13.24824051
1.248 11.85042097
1.25 10.60496466
1.252 9.451687331
1.254 8.346380216
1.256 7.259426875
1.258 6.166194551
1.26 5.931995008
1.262 5.973947873
1.264 6.160581263
1.266 6.512580978
1.268 7.087118046
1.27 7.906769089
1.272 8.944573662
1.274 10.05292588
1.276 10.93476439
1.278 11.28462817
1.28 11.03371425
1.282 10.37478872
1.284 9.546313232
1.286 4.687649725
1.288 4.539936179
1.29 4.332820624
1.292 4.137648548
1.294 3.96185898
1.296 3.799159506
1.298 3.64885948
1.3 3.508348143
1.302 3.488744116
1.304 3.473104208
1.306 3.459732694
1.308 3.446523084
1.31 3.431947045
1.312 3.415518172
1.314 3.398305328
1.316 3.379463793
1.318 3.359667781
1.32 3.339273779
1.322 3.318574011
1.324 3.298063036
1.326 5.524392062
1.328 5.512283862
1.33 5.494181918
1.332 3.235448648
1.334 3.212603354
1.336 3.18361164
1.338 5.291774434
1.34 5.245698219
1.342 5.198881409
1.344 5.14377538
1.346 5.081951725
1.348 5.013667398
1.35 4.941360337
1.352 4.863314947
1.354 4.780582199
1.356 4.691949911
1.358 4.599823574
1.36 4.503807978
1.362 4.404427457
1.364 4.302724537
1.366 4.198094522
1.368 4.091403116
1.37 3.982545727
1.372 3.871860412
1.374 3.759263746
1.376 3.645731388
1.378 3.531876108
1.38 3.418785704
1.382 3.306167209
1.384 3.196317307
1.386 3.090789527
1.388 3.060808059
1.39 3.067359277
1.392 3.072209902
1.394 3.075770641
1.396 3.077840849
1.398 3.079361869
1.4 3.080221798
1.402 3.082134799
1.404 3.086842847
1.406 3.092996403
1.408 3.27841506
1.41 3.640418994
1.412 4.066265743
1.414 4.586805676
1.416 4.972962312
1.418 4.915310407
1.42 4.540765439
1.422 4.066119438
1.424 4.064668827
1.426 4.068347781
1.428 4.06690848
1.43 4.058133143
1.432 4.050428893
1.434 4.027601604
1.436 3.979642315
1.438 3.902608895
1.44 3.79601891
1.442 3.655525767
1.444 3.500542924
1.446 3.388617213
1.448 3.837196733
1.45 6.291386093
1.452 7.016618609
1.454 7.353897551
1.456 7.506514437
1.458 7.597762719
1.46 7.663922503
1.462 7.720365746
1.464 7.770571893
1.466 7.816219938
1.468 7.855575894
1.47 7.890546865
1.472 7.926011779
1.474 7.958500411
1.476 7.988919794
1.478 8.016225554
1.48 8.041024888
1.482 7.722095138
1.484 7.78940671
1.486 7.838876515
1.488 7.896031038
1.49 8.298203727
1.492 8.339041826
1.494 8.412946809
1.496 8.499217574
1.498 8.59443934
1.5 8.685756435
1.502 8.749282855
1.504 9.068366088
1.506 89.45219189
1.508 13.50102511
1.51 18.35049482
1.512 18.21771245
1.514 15.64110731
1.516 14.65520404
1.518 13.34685068
1.52 13.6028079
1.522 12.28838823
1.524 11.78802197
1.526 10.29348889
1.528 10.91195318
1.53 11.53553748
1.532 12.55322598
1.534 13.97112041
1.536 15.64131943
1.538 17.7068222
1.54 19.99278552
1.542 21.99597873
1.544 25.24924674
1.546 27.53149147
1.548 28.85866975
1.55 29.67294343
1.552 30.02177818
1.554 30.47776597
1.556 11.39427482
1.558 10.60219832
1.56 10.23449873
1.562 9.905199973
1.564 26.61566303
1.566 27.87335091
1.568 10.39522944
1.57 9.888778656
1.572 26.70787794
1.574 27.92640882
1.576 28.54466843
1.578 29.12204263
1.58 13.41064544
1.582 13.78600301
1.584 14.23253796
1.586 14.67856848
1.588 15.15438954
1.59 15.65378098
1.592 9.625106596
1.594 9.477005941
1.596 16.5225868
1.598 17.14235068
1.6 17.72660916
1.602 18.3463849
1.604 18.98945996
1.606 19.65350957
1.608 8.703589122
1.61 8.587472126
1.612 8.484611578
1.614 8.385254682
1.616 20.5853784
1.618 21.53256119
1.62 8.401481092
1.622 8.109693204
1.624 10.53503111
1.626 13.50416286
1.628 22.41364553
1.63 23.94428739
1.632 25.08819943
1.634 26.17778383
1.636 27.21172008
1.638 28.2054164
1.64 21.11746884
1.642 22.01657537
1.644 29.10066777
1.646 30.36940502
1.648 31.33029563
1.65 32.21681761
1.652 33.05790222
1.654 33.8744241
1.656 34.66353617
