-0.96875	-5.320356e-07
-0.90625	-2.451202e-06
-0.84375	-7.238101e-06
-0.78125	-9.236445e-06
-0.71875	-0.0006242872
-0.65625	-0.0005606345
-0.59375	-0.0004982199
-0.53125	-0.000443516
-0.46875	-0.0003922654
-0.40625	-0.0003417361
-0.34375	-0.0002909214
-0.28125	-0.000239621
-0.21875	-0.0001878984
-0.15625	-0.0001358749
-0.09375	-8.364762e-05
-0.03125	-3.127689e-05
0.03125	2.122367e-05
0.09375	7.386577e-05
0.15625	0.0001266771
0.21875	0.000179672
0.28125	0.0002328452
0.34375	0.0002861494
0.40625	0.0003395026
0.46875	0.0003927843
0.53125	0.0004458724
0.59375	0.0004986892
0.65625	0.0005511996
0.71875	0.000601791
0.78125	0.0002101023
0.84375	-7.671947e-06
0.90625	-4.906439e-06
0.96875	-1.690514e-06
