-0.984375	-6.723133e-07
-0.953125	-2.058972e-06
-0.921875	-3.642681e-06
-0.890625	-5.560444e-06
-0.859375	-7.823375e-06
-0.828125	-9.928885e-06
-0.796875	-9.780436e-06
-0.765625	-8.907052e-07
-0.734375	-0.0006184281
-0.703125	-0.0005909895
-0.671875	-0.0005613916
-0.640625	-0.0005323899
-0.609375	-0.0005047073
-0.578125	-0.0004782102
-0.546875	-0.0004525679
-0.515625	-0.0004274819
-0.484375	-0.0004027295
-0.453125	-0.0003781536
-0.421875	-0.0003536452
-0.390625	-0.0003291287
-0.359375	-0.0003045525
-0.328125	-0.0002798807
-0.296875	-0.0002550886
-0.265625	-0.000230158
-0.234375	-0.0002050749
-0.203125	-0.0001798265
-0.171875	-0.0001544009
-0.140625	-0.0001287854
-0.109375	-0.0001029672
-0.078125	-7.693258e-05
-0.046875	-5.066835e-05
-0.015625	-2.41615e-05
0.015625	2.599038e-06
0.046875	2.962217e-05
0.078125	5.691274e-05
0.109375	8.447085e-05
0.140625	0.0001122898
0.171875	0.0001403548
0.203125	0.0001686405
0.234375	0.0001971089
0.265625	0.0002257068
0.296875	0.0002543628
0.328125	0.0002829859
0.359375	0.0003114637
0.390625	0.0003396658
0.421875	0.000367449
0.453125	0.0003946725
0.484375	0.0004212205
0.515625	0.0004470387
0.546875	0.0004721788
0.578125	0.000496845
0.609375	0.000521409
0.640625	0.0005463527
0.671875	0.0005721051
0.703125	0.0005988369
0.734375	0.0006250384
0.765625	-1.553568e-06
0.796875	4.253333e-06
0.828125	7.907716e-06
0.859375	7.181438e-06
0.890625	5.295741e-06
0.921875	3.477468e-06
0.953125	1.950784e-06
0.984375	6.328189e-07
