-0.96875	-5.854173e-07
-0.90625	-2.602557e-06
-0.84375	-7.433874e-06
-0.78125	-9.486593e-06
-0.71875	-0.0006246117
-0.65625	-0.0005616709
-0.59375	-0.0004993409
-0.53125	-0.0004445449
-0.46875	-0.0003932204
-0.40625	-0.0003426874
-0.34375	-0.00029193
-0.28125	-0.0002407212
-0.21875	-0.0001891025
-0.15625	-0.0001371783
-0.09375	-8.503948e-05
-0.03125	-3.274385e-05
0.03125	1.969112e-05
0.09375	7.227274e-05
0.15625	0.0001250208
0.21875	0.0001779445
0.28125	0.0002310339
0.34375	0.0002842482
0.40625	0.0003375243
0.46875	0.0003907883
0.53125	0.0004439943
0.59375	0.0004971565
0.65625	0.0005502744
0.71875	0.0006015687
0.78125	0.0002132467
0.84375	-7.160079e-06
0.90625	-4.58551e-06
0.96875	-1.569208e-06
