-0.96875	-7.232823e-07
-0.90625	-2.971073e-06
-0.84375	-7.882067e-06
-0.78125	-9.943831e-06
-0.71875	-0.0006245394
-0.65625	-0.0005608641
-0.59375	-0.0004975154
-0.53125	-0.0004419873
-0.46875	-0.0003903465
-0.40625	-0.0003397836
-0.34375	-0.0002891569
-0.28125	-0.0002381211
-0.21875	-0.0001866751
-0.15625	-0.0001348883
-0.09375	-8.286296e-05
-0.03125	-3.064959e-05
0.03125	2.171306e-05
0.09375	7.423974e-05
0.15625	0.000126934
0.21875	0.0001798198
0.28125	0.0002328801
0.34375	0.000286093
0.40625	0.0003393801
0.46875	0.0003926583
0.53125	0.0004458083
0.59375	0.0004987572
0.65625	0.0005513233
0.71875	0.0006016065
0.78125	0.0002167957
0.84375	-6.569281e-06
0.90625	-4.227185e-06
0.96875	-1.440797e-06
