-0.96875	-1.517954e-07
-0.90625	-1.389741e-06
-0.84375	-5.902648e-06
-0.78125	-7.965529e-06
-0.71875	-0.0006243066
-0.65625	-0.0005607627
-0.59375	-0.0004996259
-0.53125	-0.0004457637
-0.46875	-0.000394718
-0.40625	-0.0003439356
-0.34375	-0.0002926379
-0.28125	-0.0002407915
-0.21875	-0.00018856
-0.15625	-0.0001361061
-0.09375	-8.353705e-05
-0.03125	-3.090129e-05
0.03125	2.180388e-05
0.09375	7.461058e-05
0.15625	0.0001275597
0.21875	0.0001806737
0.28125	0.0002339396
0.34375	0.0002872892
0.40625	0.0003405977
0.46875	0.0003936925
0.53125	0.0004464016
0.59375	0.0004986704
0.65625	0.0005507201
0.71875	0.0006016077
0.78125	0.0002007561
0.84375	-9.068255e-06
0.90625	-5.719576e-06
0.96875	-1.989141e-06
