-3.9375	-8.999092e-08
-3.8125	-4.024702e-07
-3.6875	-4.526291e-07
-3.5625	-4.560252e-07
-3.4375	-4.503436e-07
-3.3125	-4.423684e-07
-3.1875	-4.31688e-07
-3.0625	-4.206882e-07
-2.9375	-4.065144e-07
-2.8125	-3.929443e-07
-2.6875	-3.754284e-07
-2.5625	-3.598399e-07
-2.4375	-3.392474e-07
-2.3125	-3.217249e-07
-2.1875	-2.970289e-07
-2.0625	-2.740136e-07
-1.9375	-2.348293e-07
-1.8125	-1.823178e-07
-1.6875	-8.026683e-08
-1.5625	7.836712e-08
-1.4375	3.150964e-07
-1.3125	4.557434e-07
-1.1875	-9.479144e-08
-1.0625	-4.3076e-06
-0.9375	0.0001021501
-0.8125	0.0003231919
-0.6875	0.0005403947
-0.5625	0.0007566421
-0.4375	0.0009726105
-0.3125	0.001188782
-0.1875	0.001405773
-0.0625	0.001627974
0.0625	0.001706102
0.1875	0.00163556
0.3125	0.001569688
0.4375	0.001504855
0.5625	0.001440145
0.6875	0.001375348
0.8125	0.001310478
0.9375	0.001245554
1.0625	0.001180616
1.1875	0.001115664
1.3125	0.00105072
1.4375	0.0009857709
1.5625	0.0009208327
1.6875	0.0008558885
1.8125	0.0007909548
1.9375	0.0007260137
2.0625	0.0006610824
2.1875	0.0005961416
2.3125	0.0005312102
2.4375	0.0004662686
2.5625	0.0004013359
2.6875	0.0003363921
2.8125	0.0002714571
2.9375	0.000206511
3.0625	0.0001415735
3.1875	7.662471e-05
3.3125	1.168435e-05
3.4375	-5.326702e-05
3.5625	-0.0001182114
3.6875	-0.0001831739
3.8125	-0.0002481693
3.9375	-0.0003134172
