-7.75	-9.439561e-07
-7.25	-4.554211e-06
-6.75	-5.374413e-06
-6.25	-6.023359e-06
-5.75	-6.72958e-06
-5.25	-7.593102e-06
-4.75	-8.361158e-06
-4.25	-8.915248e-06
-3.75	-8.803826e-06
-3.25	-7.715847e-06
-2.75	-5.136958e-06
-2.25	-1.563242e-06
-1.75	2.844587e-06
-1.25	9.710017e-06
-0.75	4.343238e-05
-0.25	8.488288e-05
0.25	0.001789841
0.75	0.001366589
1.25	0.001067538
1.75	0.0008050672
2.25	0.0005478686
2.75	0.0002913869
3.25	3.391994e-05
3.75	-0.0002240058
4.25	-0.00048266
4.75	-0.0007415042
5.25	-0.00100076
5.75	-0.001260047
6.25	-0.001519607
6.75	-0.001779132
7.25	-0.002038902
7.75	-0.002298085
