-0.96875	-9.808017e-05
-0.90625	-0.0002942366
-0.84375	-0.000490383
-0.78125	-0.0006865176
-0.71875	-0.0008826461
-0.65625	-0.001078782
-0.59375	-0.001274949
-0.53125	-0.001471176
-0.46875	-0.001667499
-0.40625	-0.001863951
-0.34375	-0.002060561
-0.28125	-0.002257348
-0.21875	-0.002454314
-0.15625	-0.002651445
-0.09375	-0.002848707
-0.03125	-0.003046053
0.03125	0.003046053
0.09375	0.002848707
0.15625	0.002651445
0.21875	0.002454314
0.28125	0.002257348
0.34375	0.002060561
0.40625	0.001863951
0.46875	0.001667499
0.53125	0.001471176
0.59375	0.001274949
0.65625	0.001078782
0.71875	0.0008826461
0.78125	0.0006865176
0.84375	0.000490383
0.90625	0.0002942366
0.96875	9.808017e-05
