-0.96875	-9.537607e-05
-0.90625	-0.0002856654
-0.84375	-0.0004745586
-0.78125	-0.0006611028
-0.71875	-0.0008443249
-0.65625	-0.001023246
-0.59375	-0.001196919
-0.53125	-0.001364478
-0.46875	-0.001525214
-0.40625	-0.001678652
-0.34375	-0.001824628
-0.28125	-0.001963354
-0.21875	-0.002095455
-0.15625	-0.002221972
-0.09375	-0.002344317
-0.03125	-0.002464198
0.03125	0.002464198
0.09375	0.002344317
0.15625	0.002221972
0.21875	0.002095455
0.28125	0.001963354
0.34375	0.001824628
0.40625	0.001678652
0.46875	0.001525214
0.53125	0.001364478
0.59375	0.001196919
0.65625	0.001023246
0.71875	0.0008443249
0.78125	0.0006611028
0.84375	0.0004745586
0.90625	0.0002856654
0.96875	9.537607e-05
