-0.96875	-9.912662e-05
-0.90625	-0.0002973785
-0.84375	-0.000495627
-0.78125	-0.000693872
-0.71875	-0.0008921161
-0.65625	-0.001090365
-0.59375	-0.00128863
-0.53125	-0.001486921
-0.46875	-0.001685253
-0.40625	-0.001883639
-0.34375	-0.00208209
-0.28125	-0.002280613
-0.21875	-0.002479208
-0.15625	-0.002677867
-0.09375	-0.002876575
-0.03125	-0.003075314
0.03125	0.003075314
0.09375	0.002876575
0.15625	0.002677867
0.21875	0.002479208
0.28125	0.002280613
0.34375	0.00208209
0.40625	0.001883639
0.46875	0.001685253
0.53125	0.001486921
0.59375	0.00128863
0.65625	0.001090365
0.71875	0.0008921161
0.78125	0.000693872
0.84375	0.000495627
0.90625	0.0002973785
0.96875	9.912662e-05
