-0.96875	-8.743363e-05
-0.90625	-0.0002609462
-0.84375	-0.0004303667
-0.78125	-0.0005928843
-0.71875	-0.0007456025
-0.65625	-0.0008855763
-0.59375	-0.00100991
-0.53125	-0.001115919
-0.46875	-0.001201339
-0.40625	-0.001264575
-0.34375	-0.001304944
-0.28125	-0.001322887
-0.21875	-0.001320099
-0.15625	-0.001299561
-0.09375	-0.001265435
-0.03125	-0.001222839
0.03125	0.001222839
0.09375	0.001265435
0.15625	0.001299561
0.21875	0.001320099
0.28125	0.001322887
0.34375	0.001304944
0.40625	0.001264575
0.46875	0.001201339
0.53125	0.001115919
0.59375	0.00100991
0.65625	0.0008855763
0.71875	0.0007456025
0.78125	0.0005928843
0.84375	0.0004303667
0.90625	0.0002609462
0.96875	8.743363e-05
