-0.96875	-8.119015e-05
-0.90625	-0.0002414893
-0.84375	-0.0003954995
-0.78125	-0.0005388951
-0.71875	-0.0006672092
-0.65625	-0.0007758889
-0.59375	-0.000860444
-0.53125	-0.000916693
-0.46875	-0.0009410923
-0.40625	-0.0009311163
-0.34375	-0.0008856416
-0.28125	-0.0008052763
-0.21875	-0.0006925751
-0.15625	-0.0005520887
-0.09375	-0.0003902168
-0.03125	-0.0002148595
0.03125	0.0002148595
0.09375	0.0003902168
0.15625	0.0005520887
0.21875	0.0006925751
0.28125	0.0008052763
0.34375	0.0008856416
0.40625	0.0009311163
0.46875	0.0009410923
0.53125	0.000916693
0.59375	0.000860444
0.65625	0.0007758889
0.71875	0.0006672092
0.78125	0.0005388951
0.84375	0.0003954995
0.90625	0.0002414893
0.96875	8.119015e-05
