-0.96875	-9.59094e-05
-0.90625	-0.0002876737
-0.84375	-0.0004792917
-0.78125	-0.0006707204
-0.71875	-0.0008619935
-0.65625	-0.001053239
-0.59375	-0.001244687
-0.53125	-0.001436654
-0.46875	-0.001629519
-0.40625	-0.001823673
-0.34375	-0.002019463
-0.28125	-0.002217124
-0.21875	-0.002416731
-0.15625	-0.002618156
-0.09375	-0.002821065
-0.03125	-0.003024943
0.03125	0.003024943
0.09375	0.002821065
0.15625	0.002618156
0.21875	0.002416731
0.28125	0.002217124
0.34375	0.002019463
0.40625	0.001823673
0.46875	0.001629519
0.53125	0.001436654
0.59375	0.001244687
0.65625	0.001053239
0.71875	0.0008619935
0.78125	0.0006707204
0.84375	0.0004792917
0.90625	0.0002876737
0.96875	9.590939e-05
