-0.96875	-9.707008e-05
-0.90625	-0.0002911922
-0.84375	-0.0004852666
-0.78125	-0.0006792823
-0.71875	-0.0008732575
-0.65625	-0.001067245
-0.59375	-0.001261335
-0.53125	-0.00145565
-0.46875	-0.00165033
-0.40625	-0.001845519
-0.34375	-0.002041342
-0.28125	-0.002237881
-0.21875	-0.002435155
-0.15625	-0.00263311
-0.09375	-0.002831618
-0.03125	-0.003030484
0.03125	0.003030484
0.09375	0.002831618
0.15625	0.00263311
0.21875	0.002435155
0.28125	0.002237881
0.34375	0.002041342
0.40625	0.001845519
0.46875	0.00165033
0.53125	0.00145565
0.59375	0.001261335
0.65625	0.001067245
0.71875	0.0008732575
0.78125	0.0006792823
0.84375	0.0004852666
0.90625	0.0002911922
0.96875	9.707007e-05
