-0.96875	-9.758837e-05
-0.90625	-0.0002927568
-0.84375	-0.0004879033
-0.78125	-0.0006830238
-0.71875	-0.0008781282
-0.65625	-0.001073243
-0.59375	-0.001268415
-0.53125	-0.001463702
-0.46875	-0.001659175
-0.40625	-0.001854903
-0.34375	-0.002050946
-0.28125	-0.002247342
-0.21875	-0.002444101
-0.15625	-0.002641192
-0.09375	-0.002838553
-0.03125	-0.003036086
0.03125	0.003036086
0.09375	0.002838553
0.15625	0.002641192
0.21875	0.002444101
0.28125	0.002247342
0.34375	0.002050946
0.40625	0.001854903
0.46875	0.001659175
0.53125	0.001463702
0.59375	0.001268415
0.65625	0.001073243
0.71875	0.0008781282
0.78125	0.0006830238
0.84375	0.0004879033
0.90625	0.0002927568
0.96875	9.758837e-05
