-0.96875	-8.227926e-05
-0.90625	-0.0002448832
-0.84375	-0.0004015811
-0.78125	-0.0005483108
-0.71875	-0.0006808784
-0.65625	-0.0007950097
-0.59375	-0.0008864903
-0.53125	-0.0009513966
-0.46875	-0.0009864046
-0.40625	-0.0009891468
-0.34375	-0.0009585724
-0.28125	-0.0008952562
-0.21875	-0.0008016002
-0.15625	-0.0006818795
-0.09375	-0.0005421034
-0.03125	-0.0003896887
0.03125	0.0003896887
0.09375	0.0005421034
0.15625	0.0006818795
0.21875	0.0008016002
0.28125	0.0008952562
0.34375	0.0009585724
0.40625	0.0009891468
0.46875	0.0009864046
0.53125	0.0009513966
0.59375	0.0008864903
0.65625	0.0007950097
0.71875	0.0006808784
0.78125	0.0005483108
0.84375	0.0004015811
0.90625	0.0002448832
0.96875	8.227926e-05
