-0.96875	-0.0001007761
-0.90625	-0.0003023089
-0.84375	-0.0005038431
-0.78125	-0.0007053798
-0.71875	-0.0009069216
-0.65625	-0.001108473
-0.59375	-0.001310039
-0.53125	-0.001511628
-0.46875	-0.001713247
-0.40625	-0.001914902
-0.34375	-0.002116599
-0.28125	-0.00231834
-0.21875	-0.002520122
-0.15625	-0.002721941
-0.09375	-0.002923786
-0.03125	-0.003125
0.03125	0.003125
0.09375	0.002923221
0.15625	0.002721454
0.21875	0.00251971
0.28125	0.002317997
0.34375	0.002116319
0.40625	0.001914677
0.46875	0.00171307
0.53125	0.001511491
0.59375	0.001309936
0.65625	0.001108395
0.71875	0.0009068648
0.78125	0.0007053382
0.84375	0.0005038122
0.90625	0.0003022847
0.96875	0.0001007552
