-0.96875	-8.405878e-05
-0.90625	-0.0002504291
-0.84375	-0.0004115201
-0.78125	-0.0005637018
-0.71875	-0.0007032279
-0.65625	-0.0008262824
-0.59375	-0.000929105
-0.53125	-0.001008198
-0.46875	-0.0010606
-0.40625	-0.001084208
-0.34375	-0.001078095
-0.28125	-0.001042786
-0.21875	-0.0009804368
-0.15625	-0.0008948735
-0.09375	-0.0007914671
-0.03125	-0.000676841
0.03125	0.000676841
0.09375	0.0007914671
0.15625	0.0008948735
0.21875	0.0009804368
0.28125	0.001042786
0.34375	0.001078095
0.40625	0.001084208
0.46875	0.0010606
0.53125	0.001008198
0.59375	0.000929105
0.65625	0.0008262824
0.71875	0.0007032279
0.78125	0.0005637018
0.84375	0.0004115201
0.90625	0.0002504291
0.96875	8.405878e-05
