0.002 3.566451362e-06
0.004 1.205690991e-05
0.006 2.541037578e-05
0.008 4.275906589e-05
0.01 6.410279665e-05
0.012 8.904522376e-05
0.014 0.0001176070532
0.016 0.0001495782694
0.018 0.0001849774373
0.02 0.000223676329
0.022 0.0002656837469
0.024 0.0003109108593
0.026 0.000359355563
0.028 0.0004109493419
0.03 0.0004656802628
0.032 0.0005234906184
0.034 0.0005843601969
0.036 0.0006482369385
0.038 0.0007150937949
0.04 0.0007848813745
0.042 0.0008575669812
0.044 0.0009331021142
0.046 0.001011449374
0.048 0.001092560082
0.05 0.001176392884
0.052 0.001262898303
0.054 0.001352031632
0.056 0.001443742262
0.058 0.001537982634
0.06 0.001634700861
0.062 0.001733846965
0.064 0.001835367767
0.066 0.001939211248
0.068 0.002045323015
0.07 0.002153649352
0.072 0.002264134786
0.074 0.002376724228
0.076 0.002491361297
0.078 0.002607989836
0.08 0.002726552759
0.082 0.002846993128
0.084 0.002969253367
0.086 0.003093276034
0.088 0.003219003287
0.09 0.003346377439
0.092 0.003475340606
0.094 0.003605835107
0.096 0.003737803234
0.098 0.003871187547
0.1 0.004005930726
0.102 0.004141975792
0.104 0.004279266014
0.106 0.004417745111
0.108 0.004557357108
0.11 0.004698046525
0.112 0.00483975835
0.114 0.004982438144
0.116 0.005126032003
0.118 0.005270486652
0.12 0.005415749434
0.122 0.005561768373
0.124 0.005708492179
0.126 0.005855870294
0.128 0.0060038529
0.13 0.006152390956
0.132 0.006301436208
0.134 0.006450941215
0.136 0.006600859363
0.138 0.006751144883
0.14 0.006901752861
0.142 0.007052639256
0.144 0.007203760907
0.146 0.007355075547
0.148 0.007506541808
0.15 0.007658119231
0.152 0.007809768271
0.154 0.007961450305
0.156 0.008113127639
0.158 0.00826476351
0.16 0.008416322087
0.162 0.008567768481
0.164 0.008719068743
0.166 0.008870189868
0.168 0.009021099798
0.17 0.009171767422
0.172 0.009322162579
0.174 0.009472256012
0.176 0.009622019449
0.178 0.009771425604
0.18 0.00992044811
0.182 0.01006906156
0.184 0.01021724154
0.186 0.01036496456
0.188 0.01051220811
0.19 0.01065895063
0.192 0.01080517152
0.194 0.01095085114
0.196 0.01109597081
0.198 0.0112405128
0.2 0.01138446036
0.202 0.01152779767
0.204 0.0116705099
0.206 0.01181258316
0.208 0.0119540045
0.21 0.01209476196
0.212 0.0122348445
0.214 0.01237424204
0.216 0.01251294546
0.218 0.01265094655
0.22 0.01278823807
0.222 0.01292481369
0.224 0.01306066809
0.226 0.01319579683
0.228 0.01333019631
0.23 0.01346386387
0.232 0.01359679775
0.234 0.01372899708
0.236 0.01386046187
0.238 0.01399119301
0.24 0.01412119224
0.242 0.01425046213
0.244 0.01437900606
0.246 0.01450682827
0.248 0.0146339338
0.25 0.0147603285
0.252 0.01488601899
0.254 0.01501101262
0.256 0.0151353175
0.258 0.01525894248
0.26 0.01538189712
0.262 0.01550419162
0.264 0.01562583688
0.266 0.01574684442
0.268 0.01586722643
0.27 0.01598699566
0.272 0.01610616545
0.274 0.01622474973
0.276 0.01634276292
0.278 0.01646022
0.28 0.01657713639
0.282 0.01669352804
0.284 0.01680941128
0.286 0.01692480298
0.288 0.01703972029
0.29 0.01715418081
0.292 0.01726820245
0.294 0.01738180346
0.296 0.01749500238
0.298 0.01760781806
0.3 0.01772026958
0.302 0.01783237643
0.304 0.0179441581
0.306 0.01805563426
0.308 0.01816682492
0.31 0.01827775019
0.312 0.01838843008
0.314 0.0184988848
0.316 0.01860913461
0.318 0.01871919985
0.32 0.01882910083
0.322 0.01893885796
0.324 0.01904849155
0.326 0.01915802196
0.328 0.01926746942
0.33 0.01937685415
0.332 0.01948619625
0.334 0.01959551575
0.336 0.01970483251
0.338 0.0198141663
0.34 0.01992353667
0.342 0.02003296304
0.344 0.02014246454
0.346 0.02025206031
0.348 0.02036176875
0.35 0.02047160853
0.352 0.02058159787
0.354 0.02069175497
0.356 0.02080209751
0.358 0.02091264309
0.36 0.02102340884
0.362 0.02113441173
0.364 0.02124566828
0.366 0.02135719481
0.368 0.0214690072
0.37 0.02158112106
0.372 0.02169355157
0.374 0.02180631358
0.376 0.0219194216
0.378 0.02203288975
0.38 0.02214673198
0.382 0.02226096174
0.384 0.02237559189
0.386 0.022490635
0.388 0.02260610319
0.39 0.02272200828
0.392 0.02283836162
0.394 0.02295517421
0.396 0.02307245664
0.398 0.02319021911
0.4 0.02330847159
0.402 0.0234272236
0.404 0.02354648411
0.406 0.02366626174
0.408 0.02378656466
0.41 0.02390740083
0.412 0.02402877781
0.414 0.02415070283
0.416 0.02427318272
0.418 0.02439622401
0.42 0.02451983293
0.422 0.02464401533
0.424 0.02476877695
0.426 0.02489412267
0.428 0.02502005772
0.43 0.02514658675
0.432 0.02527371448
0.434 0.02540144512
0.436 0.02552978289
0.438 0.02565873165
0.44 0.02578829522
0.442 0.02591847714
0.444 0.02604928092
0.446 0.02618070993
0.448 0.0263127675
0.45 0.02644545688
0.452 0.02657878134
0.454 0.02671274411
0.456 0.02684734843
0.458 0.02698259761
0.46 0.02711849505
0.462 0.02725504422
0.464 0.02739224879
0.466 0.02753011259
0.468 0.02766863965
0.47 0.02780783425
0.472 0.02794770101
0.474 0.02808824478
0.476 0.02822947078
0.478 0.02837138456
0.48 0.02851399216
0.482 0.02865730006
0.484 0.02880131508
0.486 0.02894604475
0.488 0.02909149716
0.49 0.02923768112
0.492 0.029384606
0.494 0.02953228198
0.496 0.0296807199
0.498 0.02982993149
0.5 0.02997992928
0.502 0.03013072672
0.504 0.03028233828
0.506 0.03043477932
0.508 0.03058806613
0.51 0.03074221627
0.512 0.03089724847
0.514 0.03105318268
0.516 0.0312100401
0.518 0.03136784322
0.52 0.03152661636
0.522 0.03168638478
0.524 0.03184717525
0.526 0.03200901606
0.528 0.03217193755
0.53 0.03233597117
0.532 0.03250115096
0.534 0.03266751133
0.536 0.0328350901
0.538 0.03300392578
0.54 0.03317406003
0.542 0.03334553576
0.544 0.03351839872
0.546 0.03369269703
0.548 0.03386848042
0.55 0.03404580106
0.552 0.03422471429
0.554 0.03440527737
0.556 0.03458755115
0.558 0.03477159851
0.56 0.03495748602
0.562 0.03514528261
0.564 0.03533506087
0.566 0.0355268962
0.568 0.03572086778
0.57 0.03591705786
0.572 0.03611554784
0.574 0.0363164284
0.576 0.03651979357
0.578 0.03672574187
0.58 0.03693437504
0.582 0.03714580013
0.584 0.03736012759
0.586 0.03757747229
0.588 0.03779795404
0.59 0.03802169783
0.592 0.03824883406
0.594 0.03847949839
0.596 0.03871383223
0.598 0.03895198167
0.6 0.03919410065
0.602 0.03944034851
0.604 0.03969089199
0.606 0.03994586369
0.608 0.04020544769
0.61 0.04046984815
0.612 0.04073926819
0.614 0.04101391433
0.616 0.04129400309
0.618 0.04157975616
0.62 0.04187140702
0.622 0.04216919576
0.624 0.04247337492
0.626 0.04278420541
0.628 0.04310196125
0.63 0.04342692659
0.632 0.04375939937
0.634 0.04409968944
0.636 0.04444812132
0.638 0.04480503307
0.64 0.04517077901
0.642 0.04554572872
0.644 0.04593026935
0.646 0.0463248055
0.648 0.04672976094
0.65 0.04714557961
0.652 0.04757272663
0.654 0.04801168884
0.656 0.04846297669
0.658 0.04892712565
0.66 0.04940469748
0.662 0.04989628172
0.664 0.05040249759
0.666 0.05092399575
0.668 0.05146146016
0.67 0.05201561
0.672 0.05258720259
0.674 0.05317776678
0.676 0.05378789098
0.678 0.05441845004
0.68 0.0550700491
0.682 0.05574381239
0.684 0.05644058006
0.686 0.05716154652
0.688 0.05790774472
0.69 0.05868047215
0.692 0.05948094518
0.694 0.06031058965
0.696 0.06117081307
0.698 0.06206320133
0.7 0.06298937049
0.702 0.06395110118
0.704 0.06495024381
0.706 0.06598880316
0.708 0.06706890443
0.71 0.06819284191
0.712 0.06937058452
0.714 0.07060735479
0.716 0.07190396483
0.718 0.07326308772
0.72 0.07468826825
0.722 0.07618315471
0.724 0.07775211412
0.726 0.07939962335
0.728 0.08113068167
0.73 0.08295067179
0.732 0.08486579071
0.734 0.08688231001
0.736 0.08900748839
0.738 0.09124897317
0.74 0.0936154124
0.742 0.09611611525
0.744 0.09876150755
0.746 0.1015629628
0.748 0.1045331671
0.75 0.1076861188
0.752 0.1110374718
0.754 0.1146045858
0.756 0.1184069677
0.758 0.1224664885
0.76 0.1268078318
0.762 0.1314588307
0.764 0.1364512251
0.766 0.1418211055
0.768 0.1476109003
0.77 0.1538692625
0.772 0.1606509194
0.774 0.1680250121
0.776 0.1760615507
0.778 0.1848528124
0.78 0.1944978186
0.782 0.2051227175
0.784 0.2168715228
0.786 0.2299223715
0.788 0.2444847289
0.79 0.2608135448
0.792 0.2792096043
0.794 0.3000287086
0.796 0.3236750096
0.798 0.3505829805
0.8 0.3811872702
0.802 0.4158865487
0.804 0.4550168792
0.806 0.4989441051
0.808 0.5483741987
0.81 0.5971866849
0.812 0.577607278
0.814 0.6198514893
0.816 1.691985949
0.818 2.188860541
0.82 2.792904734
0.822 4.504584386
0.824 4.347506353
0.826 3.429660485
0.828 3.51826709
0.83 3.600974514
0.832 3.686661158
0.834 3.766558597
0.836 3.8440974
0.838 3.919706289
0.84 3.996009519
0.842 4.073472067
0.844 4.154512787
0.846 4.240365901
0.848 4.332626656
0.85 4.431557032
0.852 4.54080209
0.854 4.665429327
0.856 4.816668267
0.858 5.01257083
0.86 5.274912854
0.862 5.472113
0.864 5.632791226
0.866 5.84834517
0.868 6.154699892
0.87 6.563609643
0.872 7.052964297
0.874 7.562872446
0.876 8.011236814
0.878 8.334773224
0.88 8.522242479
0.882 8.606815018
0.884 8.635247289
0.886 8.6457922
0.888 8.664604784
0.89 8.705494179
0.892 8.770408738
0.894 8.851637595
0.896 8.935204575
0.898 9.007609434
0.9 9.061445566
0.902 9.093147626
0.904 9.102257797
0.906 9.090010419
0.908 9.058104222
0.91 9.008683664
0.912 8.943822175
0.914 8.866129041
0.916 8.778453051
0.918 8.684634557
0.92 8.589896778
0.922 8.501682758
0.924 8.430337094
0.926 8.38758159
0.928 8.379073166
0.93 8.392379827
0.932 8.399888439
0.934 8.383629409
0.936 8.343505806
0.938 8.288075422
0.94 8.228884076
0.942 8.177909539
0.944 8.145566945
0.946 8.140851833
0.948 8.171785003
0.95 8.24693453
0.952 8.376328483
0.954 8.572576705
0.956 8.851959739
0.958 9.236029344
0.96 9.75353618
0.962 10.44461004
0.964 11.36961202
0.966 12.62696851
0.968 14.39554049
0.97 17.05209449
0.972 18.74495679
0.974 20.85027512
