0.002 -5.513501009e-06
0.004 -1.857948602e-05
0.006 -3.902890944e-05
0.008 -6.548231272e-05
0.01 -9.78852188e-05
0.012 -0.0001355984441
0.014 -0.0001786176683
0.016 -0.0002265924714
0.018 -0.0002795268513
0.02 -0.0003371959388
0.022 -0.0003995950602
0.024 -0.0004665599404
0.026 -0.0005380721868
0.028 -0.0006139993291
0.03 -0.0006943090116
0.032 -0.0007788863126
0.034 -0.0008676862913
0.036 -0.0009606037994
0.038 -0.001057583062
0.04 -0.001158524165
0.042 -0.001263362182
0.044 -0.001371999694
0.046 -0.001484364119
0.048 -0.00160035887
0.05 -0.001719905009
0.052 -0.001842905824
0.054 -0.001969277148
0.056 -0.002098921638
0.058 -0.002231750889
0.06 -0.002367666742
0.062 -0.002506577432
0.064 -0.002648384001
0.066 -0.002792992117
0.068 -0.002940302186
0.07 -0.003090218023
0.072 -0.003242639655
0.074 -0.003397469694
0.076 -0.003554608101
0.078 -0.003713956878
0.08 -0.003875416265
0.082 -0.004038888197
0.084 -0.004204273543
0.086 -0.004371474663
0.088 -0.004540393409
0.09 -0.004710933013
0.092 -0.004882996644
0.094 -0.005056488811
0.096 -0.005231314313
0.098 -0.005407379291
0.1 -0.005584590469
0.102 -0.005762855932
0.104 -0.005942084586
0.106 -0.006122186755
0.108 -0.006303073745
0.11 -0.006484658314
0.112 -0.006666854388
0.114 -0.006849577389
0.116 -0.007032744023
0.118 -0.007216272534
0.12 -0.007400082548
0.122 -0.007584095263
0.124 -0.00776823334
0.126 -0.007952421042
0.128 -0.008136584154
0.13 -0.008320650089
0.132 -0.008504547827
0.134 -0.008688207994
0.136 -0.008871562819
0.138 -0.009054546191
0.14 -0.009237093623
0.142 -0.009419142302
0.144 -0.009600631058
0.146 -0.009781500397
0.148 -0.009961692487
0.15 -0.01014115117
0.152 -0.01031982197
0.154 -0.01049765207
0.156 -0.01067459037
0.158 -0.0108505874
0.16 -0.01102559543
0.162 -0.01119956838
0.164 -0.01137246188
0.166 -0.01154423323
0.168 -0.01171484146
0.17 -0.01188424727
0.172 -0.01205241306
0.174 -0.01221930292
0.176 -0.01238488266
0.178 -0.01254911982
0.18 -0.01271198364
0.182 -0.01287344507
0.184 -0.01303347677
0.186 -0.01319205315
0.188 -0.01334915034
0.19 -0.01350474618
0.192 -0.01365882027
0.194 -0.01381135392
0.196 -0.01396233019
0.198 -0.01411173387
0.2 -0.01425955149
0.202 -0.01440577131
0.204 -0.01455038332
0.206 -0.01469337927
0.208 -0.0148347526
0.21 -0.01497449851
0.212 -0.01511261389
0.214 -0.01524909737
0.216 -0.01538394926
0.218 -0.01551717158
0.22 -0.01564876804
0.222 -0.015778744
0.224 -0.0159071065
0.226 -0.01603386417
0.228 -0.01615902735
0.23 -0.01628260794
0.232 -0.01640461946
0.234 -0.01652507699
0.236 -0.01664399717
0.238 -0.01676139816
0.24 -0.01687729961
0.242 -0.01699172265
0.244 -0.01710468986
0.246 -0.01721622522
0.248 -0.01732635413
0.25 -0.01743510332
0.252 -0.01754250085
0.254 -0.01764857605
0.256 -0.01775335953
0.258 -0.01785688311
0.26 -0.0179591798
0.262 -0.01806028374
0.264 -0.01816023017
0.266 -0.01825905541
0.268 -0.01835679682
0.27 -0.01845349271
0.272 -0.01854918238
0.274 -0.01864390602
0.276 -0.01873770469
0.278 -0.01883062028
0.28 -0.01892269547
0.282 -0.01901397368
0.284 -0.01910449876
0.286 -0.01919431549
0.288 -0.01928346932
0.29 -0.01937200634
0.292 -0.01945997309
0.294 -0.01954741666
0.296 -0.01963438459
0.298 -0.01972092489
0.3 -0.01980708593
0.302 -0.01989291677
0.304 -0.01997846648
0.306 -0.02006378435
0.308 -0.02014892014
0.31 -0.02023392375
0.312 -0.02031884523
0.314 -0.02040373477
0.316 -0.02048864275
0.318 -0.0205736196
0.32 -0.02065871586
0.322 -0.02074398207
0.324 -0.02082946888
0.326 -0.02091522687
0.328 -0.02100130666
0.33 -0.02108775875
0.332 -0.02117463363
0.334 -0.02126198164
0.336 -0.02134985303
0.338 -0.02143829792
0.34 -0.02152736626
0.342 -0.02161710787
0.344 -0.02170757225
0.346 -0.02179880875
0.348 -0.02189086655
0.35 -0.0219837945
0.352 -0.02207764139
0.354 -0.02217245567
0.356 -0.02226828558
0.358 -0.02236517905
0.36 -0.02246318378
0.362 -0.02256234714
0.364 -0.02266271624
0.366 -0.02276433789
0.368 -0.02286725858
0.37 -0.02297152454
0.372 -0.02307718167
0.374 -0.02318427559
0.376 -0.0232928516
0.378 -0.02340295466
0.38 -0.02351462948
0.382 -0.02362792054
0.384 -0.02374287199
0.386 -0.02385952769
0.388 -0.02397793122
0.39 -0.0240981259
0.392 -0.0242201548
0.394 -0.02434406072
0.396 -0.02446988626
0.398 -0.02459767378
0.4 -0.0247274654
0.402 -0.02485930301
0.404 -0.02499322846
0.406 -0.02512928342
0.408 -0.02526750918
0.41 -0.02540794729
0.412 -0.02555063912
0.414 -0.02569562606
0.416 -0.02584294939
0.418 -0.02599265038
0.42 -0.02614477035
0.422 -0.02629935066
0.424 -0.02645643267
0.426 -0.0266160579
0.428 -0.02677826798
0.43 -0.02694310496
0.432 -0.02711061095
0.434 -0.02728082844
0.436 -0.02745380017
0.438 -0.02762956926
0.44 -0.02780817924
0.442 -0.02798967409
0.444 -0.02817409826
0.446 -0.02836149675
0.448 -0.02855191516
0.45 -0.02874539971
0.452 -0.02894199734
0.454 -0.02914175577
0.456 -0.02934472347
0.458 -0.0295509498
0.46 -0.02976048502
0.462 -0.0299733804
0.464 -0.0301896882
0.466 -0.03040946184
0.468 -0.03063275585
0.47 -0.03085962604
0.472 -0.03109012944
0.474 -0.03132432459
0.476 -0.03156227134
0.478 -0.03180403111
0.48 -0.03204966684
0.482 -0.03229924313
0.484 -0.03255282627
0.486 -0.03281048432
0.488 -0.03307228725
0.49 -0.03333830697
0.492 -0.03360861742
0.494 -0.03388329463
0.496 -0.03416241685
0.498 -0.03444606458
0.5 -0.03473432067
0.502 -0.03502727039
0.504 -0.03532500156
0.506 -0.03562760457
0.508 -0.03593517263
0.51 -0.03624780137
0.512 -0.03656558958
0.514 -0.03688863878
0.516 -0.03721705378
0.518 -0.03755094236
0.52 -0.03789041554
0.522 -0.03823558776
0.524 -0.03858657687
0.526 -0.03894350422
0.528 -0.03930649472
0.53 -0.03967567699
0.532 -0.04005118266
0.534 -0.04043314857
0.536 -0.04082171522
0.538 -0.04121702707
0.54 -0.04161923256
0.542 -0.04202848465
0.544 -0.04244494052
0.546 -0.04286875692
0.548 -0.04330010172
0.55 -0.04373914618
0.552 -0.04418606763
0.554 -0.04464104649
0.556 -0.04510426899
0.558 -0.04557592595
0.56 -0.04605621365
0.562 -0.04654533358
0.564 -0.04704349271
0.566 -0.04755090354
0.568 -0.04806778416
0.57 -0.04859435855
0.572 -0.04913086462
0.574 -0.0496775309
0.576 -0.05023460059
0.578 -0.05080231768
0.58 -0.05138093778
0.582 -0.0519707202
0.584 -0.05257193274
0.586 -0.05318484909
0.588 -0.05380975021
0.59 -0.05444692363
0.592 -0.05509666408
0.594 -0.05575927329
0.596 -0.05643506032
0.598 -0.05712434218
0.6 -0.0578274412
0.602 -0.05854468907
0.604 -0.05927642421
0.606 -0.06002294994
0.608 -0.0607846311
0.61 -0.06156182595
0.612 -0.06235492062
0.614 -0.06316428673
0.616 -0.06399031678
0.618 -0.0648334041
0.62 -0.0656939548
0.622 -0.06657238141
0.624 -0.06746910653
0.626 -0.06838456105
0.628 -0.06931918519
0.63 -0.0702734283
0.632 -0.071247749
0.634 -0.0722426153
0.636 -0.07325850445
0.638 -0.07429590349
0.64 -0.07535530938
0.642 -0.07643722893
0.644 -0.07754217904
0.646 -0.07867068659
0.648 -0.07982328914
0.65 -0.08100053489
0.652 -0.08220298299
0.654 -0.08343120358
0.656 -0.084685778
0.658 -0.08596729844
0.66 -0.0872763696
0.662 -0.08861360789
0.664 -0.08997964237
0.666 -0.09137511456
0.668 -0.09280067868
0.67 -0.09425700284
0.672 -0.09574476971
0.674 -0.0972648172
0.676 -0.09881788814
0.678 -0.1004047103
0.68 -0.1020259935
0.682 -0.1036825077
0.684 -0.1053750135
0.686 -0.1071042982
0.688 -0.1088711709
0.69 -0.1106764569
0.692 -0.1125210099
0.694 -0.1144057032
0.696 -0.1163314418
0.698 -0.1182991566
0.7 -0.1203098131
0.702 -0.1223644087
0.704 -0.1244639808
0.706 -0.1266096296
0.708 -0.1288024653
0.71 -0.1310436528
0.712 -0.1333365774
0.714 -0.1356845022
0.716 -0.1380887784
0.718 -0.1405510861
0.72 -0.1430734517
0.722 -0.1456577879
0.724 -0.1483061182
0.726 -0.1510206158
0.728 -0.153803509
0.73 -0.156657339
0.732 -0.1595846372
0.734 -0.1625880139
0.736 -0.1656702279
0.738 -0.1688342532
0.74 -0.1720832341
0.742 -0.175420557
0.744 -0.1788498232
0.746 -0.1823748962
0.748 -0.1859999257
0.75 -0.1897293361
0.752 -0.1935679111
0.754 -0.197520866
0.756 -0.2015937512
0.758 -0.205792533
0.76 -0.2101235672
0.762 -0.2145937554
0.764 -0.2192102705
0.766 -0.2239806467
0.768 -0.228914262
0.77 -0.2340199726
0.772 -0.2393051686
0.774 -0.244775595
0.776 -0.250436522
0.778 -0.2562940479
0.78 -0.2623497713
0.782 -0.2685971285
0.784 -0.2750213671
0.786 -0.2815913357
0.788 -0.2882518574
0.79 -0.2949092507
0.792 -0.3014118194
0.794 -0.3075124743
0.796 -0.3128272689
0.798 -0.3167576602
0.8 -0.3183995922
0.802 -0.3164483841
0.804 -0.3090446985
0.806 -0.2932016615
0.808 -0.2627960393
0.81 -0.1777950163
0.812 -0.03059922049
0.814 -0.1095859382
0.816 -1.989580334
0.818 -2.089791299
0.82 -2.826237271
0.822 -4.738729049
0.824 -3.355720283
0.826 -5.67166809
0.828 -5.424038141
0.83 -5.282158026
0.832 -5.118856205
0.834 -4.953794399
0.836 -4.786709736
0.838 -4.618146881
0.84 -4.447378613
0.842 -4.274131479
0.844 -4.097899626
0.846 -3.91852988
0.848 -3.735689851
0.85 -3.548841029
0.852 -3.35477582
0.854 -3.14950609
0.856 -2.92666211
0.858 -2.68087933
0.86 -2.417628979
0.862 -2.118558974
0.864 -1.717136684
0.866 -1.24981678
0.868 -0.7331897251
0.87 -0.2137249531
0.872 0.2566654159
0.874 0.6314117596
0.876 0.8956942936
0.878 1.077308457
0.88 1.221145855
0.882 1.363190117
0.884 1.521693376
0.886 1.696795106
0.888 1.878870663
0.89 2.054711533
0.892 2.211923654
0.894 2.34132174
0.896 2.437708611
0.898 2.501878383
0.9 2.538955177
0.902 2.554114157
0.904 2.552954123
0.906 2.541294087
0.908 2.524357911
0.91 2.506826194
0.912 2.493415617
0.914 2.489095455
0.916 2.499461943
0.918 2.530405406
0.92 2.589406669
0.922 2.686692675
0.924 2.837103983
0.926 3.061284566
0.928 3.383140209
0.93 3.816445026
0.932 4.349485142
0.934 4.954255469
0.936 5.607911182
0.938 6.296112602
0.94 7.011805748
0.942 7.75203768
0.944 8.51840073
0.946 9.316394132
0.948 10.15290467
0.95 11.03719741
0.952 11.98067201
0.954 12.99709062
0.956 14.10327572
0.958 15.32055304
0.96 16.6774028
0.962 18.21440511
0.964 19.99436345
0.966 22.12309693
0.968 24.80851418
0.97 28.54877505
0.972 30.31027218
0.974 32.33228696
