2.43768e-09
9.77956e-09
2.18454e-08
3.84394e-08
5.93267e-08
8.42464e-08
1.12938e-07
1.45125e-07
1.80542e-07
2.19467e-07
2.71173e-07
3.29533e-07
3.94899e-07
4.67638e-07
5.48128e-07
6.36755e-07
7.33917e-07
8.40021e-07
9.55483e-07
1.08072e-06
1.21618e-06
1.36227e-06
1.51945e-06
1.68817e-06
1.86886e-06
2.062e-06
2.26802e-06
2.4874e-06
2.7206e-06
2.96807e-06
3.23028e-06
3.5077e-06
3.8008e-06
4.11003e-06
4.43588e-06
4.77879e-06
5.13925e-06
5.51772e-06
5.91465e-06
6.33052e-06
6.7658e-06
7.22093e-06
7.6964e-06
8.19266e-06
8.71018e-06
9.24942e-06
9.81083e-06
1.03949e-05
1.10021e-05
1.16328e-05
1.22876e-05
1.29669e-05
1.36712e-05
1.44009e-05
1.51565e-05
1.59386e-05
1.67475e-05
1.75837e-05
1.84478e-05
1.93402e-05
2.02614e-05
2.12119e-05
2.21923e-05
2.32029e-05
2.42443e-05
2.53171e-05
2.64217e-05
2.75587e-05
2.87286e-05
2.99319e-05
3.11692e-05
3.2441e-05
3.37479e-05
3.50904e-05
3.64692e-05
3.78847e-05
3.93376e-05
4.08285e-05
4.23579e-05
4.39265e-05
4.55348e-05
4.71836e-05
4.88734e-05
5.06048e-05
5.23785e-05
5.41952e-05
5.60555e-05
5.79601e-05
5.99096e-05
6.19048e-05
6.39463e-05
6.60349e-05
6.81712e-05
7.0356e-05
7.259e-05
7.48739e-05
7.72085e-05
7.95946e-05
8.20328e-05
8.45241e-05
8.70691e-05
8.96686e-05
9.23235e-05
9.50347e-05
9.78028e-05
0.000100629
0.000103513
0.000106457
0.000109462
0.000112528
0.000115656
0.000118847
0.000122102
0.000125422
0.000128808
0.000132261
0.000135781
0.00013937
0.000143029
0.000146759
0.000150561
0.000154435
0.000158383
0.000162406
0.000166506
0.000170682
0.000174936
0.00017927
0.000183685
0.000188181
0.00019276
0.000197423
0.000202172
0.000207007
0.00021193
0.000216942
0.000222045
0.00022724
0.000232528
0.00023791
0.000243388
0.000248964
0.000254639
0.000260414
0.000266291
0.000272271
0.000278357
0.000284549
0.000290849
0.000297259
0.000303781
0.000310416
0.000317166
0.000324033
0.000331018
0.000338124
0.000345353
0.000352705
0.000360184
0.000367791
0.000375529
0.000383398
0.000391402
0.000399543
0.000407822
0.000416242
0.000424806
0.000433514
0.000442371
0.000451378
0.000460538
0.000469852
0.000479325
0.000488958
0.000498753
0.000508714
0.000518844
0.000529144
0.000539619
0.00055027
0.000561101
0.000572114
0.000583314
0.000594702
0.000606282
0.000618058
0.000630032
0.000642208
0.00065459
0.00066718
0.000679983
0.000693001
0.00070624
0.000719702
0.000733391
0.000747311
0.000761467
0.000775862
0.0007905
0.000805386
0.000820524
0.000835918
0.000851573
0.000867494
0.000883685
0.00090015
0.000916895
0.000933925
0.000951244
0.000968859
0.000986773
0.00100499
0.00102352
0.00104237
0.00106154
0.00108104
0.00110087
0.00112104
0.00114155
0.00116242
0.00118365
0.00120524
0.00122721
0.00124955
0.00127228
0.0012954
0.00131892
0.00134285
0.00136719
0.00139196
0.00141715
0.00144279
0.00146887
0.0014954
0.0015224
0.00154987
0.00157783
0.00160627
0.00163521
0.00166466
0.00169463
0.00172512
0.00175616
0.00178774
0.00181989
0.0018526
0.00188589
0.00191978
0.00195426
0.00198937
0.0020251
0.00206146
0.00209849
0.00213617
0.00217453
0.00221358
0.00225334
0.00229381
0.00233502
0.00237697
0.00241968
0.00246317
0.00250745
0.00255253
0.00259844
0.00264519
0.00269279
0.00274127
0.00279064
0.00284092
0.00289212
0.00294427
0.00299739
0.00305149
0.00310659
0.00316271
0.00321989
0.00327813
0.00333745
0.00339789
0.00345946
0.00352218
0.00358609
0.00365119
0.00371753
0.00378512
0.00385399
0.00392416
0.00399567
0.00406853
0.00414279
0.00421846
0.00429557
0.00437416
0.00445425
0.00453588
0.00461908
0.00470388
0.00479031
0.0048784
0.0049682
0.00505973
0.00515303
0.00524814
0.00534509
0.00544392
0.00554466
0.00564737
0.00575207
0.00585881
0.00596762
0.00607857
0.00619167
0.00630699
0.00642456
0.00654442
0.00666664
0.00679125
0.00691829
0.00704783
0.00717991
0.00731458
0.0074519
0.0075919
0.00773466
0.00788022
0.00802864
0.00817998
0.00833429
0.00849163
0.00865206
0.00881565
0.00898245
0.00915253
0.00932596
0.0095028
0.00968312
0.00986697
0.0100544
0.0102456
0.0104405
0.0106393
0.010842
0.0110487
0.0112596
0.0114746
0.0116938
0.0119175
0.0121457
0.0123784
0.0126158
0.0128581
0.0131053
0.0133575
0.013615
0.0138783
0.0141479
0.014424
0.0147067
0.0149963
0.015293
0.0155972
0.015909
0.0162289
0.0165571
0.0168939
0.0172399
0.0175954
0.0179609
0.0183369
0.0187238
0.0191224
0.0195333
0.0199572
0.0203949
0.0208472
0.0213152
0.0217998
0.0223024
0.0228243
0.0233668
0.0239317
0.0245208
0.0251363
0.0257804
0.0264558
0.0271654
0.0279124
0.0287006
0.029534
0.0304168
0.0313536
0.0323489
0.0334068
0.0345304
0.0357205
0.0369729
0.0382748
0.039599
0.0408946
0.0420734
0.0429897
0.0433795
0.0426573
0.0503053
0.0419597
0.0460208
0.145287
0.172013
0.214845
0.298836
0.258283
0.326201
0.350501
0.37801
0.404926
0.431505
0.457785
0.483708
0.509265
0.534518
0.559449
0.584043
0.608294
0.632284
0.655987
0.679396
0.702468
0.725175
0.74751
0.769753
0.791866
0.813609
0.834939
0.855778
0.876069
0.895773
0.914801
0.93307
0.950578
0.967394
0.983596
0.999275
1.0145
1.02932
1.04379
1.05792
1.07174
1.08525
1.09846
1.1114
1.1241
1.13656
1.14882
1.16089
1.1728
1.18455
1.19619
1.20774
1.21921
1.23061
1.24198
1.25339
1.26493
1.27675
1.28893
1.30141
1.31409
1.32692
1.33982
1.35276
1.36568
1.37854
1.39131
1.40394
1.41638
1.42858
1.44048
1.45202
1.46313
1.47374
1.48377
1.5075
1.62481
1.80197
1.90553
2.02914
