0.002 1.74568634e-09
0.004 6.947586926e-09
0.006 1.54670567e-08
0.008 2.718139498e-08
0.01 4.194014934e-08
0.012 5.960176379e-08
0.014 8.002255723e-08
0.016 1.031172839e-07
0.018 1.321114336e-07
0.02 1.651565973e-07
0.022 2.024283939e-07
0.024 2.441152127e-07
0.026 2.904171893e-07
0.028 3.415457379e-07
0.03 3.97722931e-07
0.032 4.591806681e-07
0.034 5.261601202e-07
0.036 5.989108397e-07
0.038 6.776901958e-07
0.04 7.627625287e-07
0.042 8.543985846e-07
0.044 9.528747506e-07
0.046 1.058472508e-06
0.048 1.171477765e-06
0.05 1.292180347e-06
0.052 1.420873424e-06
0.054 1.557853061e-06
0.056 1.703417733e-06
0.058 1.857867942e-06
0.06 2.021505818e-06
0.062 2.194634809e-06
0.064 2.377559358e-06
0.066 2.570584657e-06
0.068 2.774016407e-06
0.07 2.988160625e-06
0.072 3.213323481e-06
0.074 3.449811164e-06
0.076 3.697929779e-06
0.078 3.957985269e-06
0.08 4.230283362e-06
0.082 4.515129547e-06
0.084 4.81282907e-06
0.086 5.123686947e-06
0.088 5.448008006e-06
0.09 5.786096945e-06
0.092 6.138258392e-06
0.094 6.504796994e-06
0.096 6.886017511e-06
0.098 7.282224931e-06
0.1 7.693724601e-06
0.102 8.120822355e-06
0.104 8.56382466e-06
0.106 9.023038768e-06
0.108 9.498772865e-06
0.11 9.991336234e-06
0.112 1.050103943e-05
0.114 1.102819443e-05
0.116 1.157311482e-05
0.118 1.213611596e-05
0.12 1.271751515e-05
0.122 1.331763182e-05
0.124 1.393678765e-05
0.126 1.457530682e-05
0.128 1.523351608e-05
0.13 1.591174502e-05
0.132 1.661032614e-05
0.134 1.732959507e-05
0.136 1.806989069e-05
0.138 1.883155528e-05
0.14 1.961493468e-05
0.142 2.042037838e-05
0.144 2.124823977e-05
0.146 2.209887616e-05
0.148 2.297264898e-05
0.15 2.386992385e-05
0.152 2.479107071e-05
0.154 2.573646393e-05
0.156 2.670648244e-05
0.158 2.770150981e-05
0.16 2.872193435e-05
0.162 2.976814918e-05
0.164 3.084055233e-05
0.166 3.193954687e-05
0.168 3.306554091e-05
0.17 3.421894776e-05
0.172 3.540018596e-05
0.174 3.660967596e-05
0.176 3.784784402e-05
0.178 3.911512573e-05
0.18 4.041196299e-05
0.182 4.173880301e-05
0.184 4.309609643e-05
0.186 4.448430039e-05
0.188 4.59038778e-05
0.19 4.73552975e-05
0.192 4.883903429e-05
0.194 5.0355569e-05
0.196 5.190538865e-05
0.198 5.348898646e-05
0.2 5.510686198e-05
0.202 5.675952117e-05
0.204 5.844747651e-05
0.206 6.017124706e-05
0.208 6.193135863e-05
0.21 6.372834384e-05
0.212 6.556274231e-05
0.214 6.743510071e-05
0.216 6.934597298e-05
0.218 7.129592037e-05
0.22 7.328551171e-05
0.222 7.531532348e-05
0.224 7.738594483e-05
0.226 7.949797184e-05
0.228 8.165200353e-05
0.23 8.384864901e-05
0.232 8.608852585e-05
0.234 8.837226039e-05
0.236 9.070048796e-05
0.238 9.307385301e-05
0.24 9.549300941e-05
0.242 9.795862067e-05
0.244 0.0001004713601
0.246 0.0001030319113
0.248 0.000105640968
0.25 0.0001082992348
0.252 0.0001110074268
0.254 0.0001137662706
0.256 0.0001165765041
0.258 0.0001194388768
0.26 0.0001223541505
0.262 0.000125323099
0.264 0.0001283465091
0.266 0.0001314251803
0.268 0.0001345599251
0.27 0.00013775157
0.272 0.0001410009549
0.274 0.0001443089341
0.276 0.0001476763764
0.278 0.0001511041654
0.28 0.0001545931999
0.282 0.0001581443944
0.284 0.0001617586792
0.286 0.0001654370009
0.288 0.0001691803229
0.29 0.0001729896255
0.292 0.0001768659064
0.294 0.0001808101811
0.296 0.0001848234833
0.298 0.0001889068654
0.3 0.0001930613985
0.302 0.0001972881733
0.304 0.0002015883002
0.306 0.00020596291
0.308 0.0002104131578
0.31 0.0002149402189
0.312 0.0002195452863
0.314 0.0002242295761
0.316 0.0002289943267
0.318 0.0002338407997
0.32 0.0002387702799
0.322 0.0002437840757
0.324 0.0002488835201
0.326 0.0002540699705
0.328 0.00025934481
0.33 0.0002647094473
0.332 0.0002701653174
0.334 0.0002757138825
0.336 0.0002813566318
0.338 0.0002870950824
0.34 0.0002929307802
0.342 0.0002988653
0.344 0.0003049002578
0.346 0.0003110372995
0.348 0.0003172780852
0.35 0.0003236243124
0.352 0.0003300777125
0.354 0.0003366400492
0.356 0.0003433131193
0.358 0.0003500987542
0.36 0.0003569988199
0.362 0.0003640152179
0.364 0.0003711498863
0.366 0.0003784047999
0.368 0.0003857819715
0.37 0.0003932834522
0.372 0.0004009113328
0.374 0.000408667744
0.376 0.0004165548576
0.378 0.0004245748873
0.38 0.0004327300953
0.382 0.0004410227856
0.384 0.0004494553009
0.386 0.0004580300314
0.388 0.0004667494139
0.39 0.0004756159321
0.392 0.0004846321185
0.394 0.0004938005549
0.396 0.0005031238732
0.398 0.0005126047572
0.4 0.000522245943
0.402 0.0005320502204
0.404 0.0005420204343
0.406 0.0005521594854
0.408 0.0005624703317
0.41 0.0005729559899
0.412 0.0005836195359
0.414 0.0005944641068
0.416 0.0006054929024
0.418 0.0006167091857
0.42 0.0006281162852
0.422 0.0006397175956
0.424 0.0006515165773
0.426 0.0006635167569
0.428 0.0006757217362
0.43 0.0006881351912
0.432 0.0007007608717
0.434 0.0007136026025
0.436 0.0007266642862
0.438 0.0007399499043
0.44 0.0007534635195
0.442 0.0007672092762
0.444 0.0007811914035
0.446 0.0007954142177
0.448 0.0008098821232
0.45 0.0008245996148
0.452 0.0008395712806
0.454 0.0008548018029
0.456 0.0008702959598
0.458 0.0008860586283
0.46 0.0009020947868
0.462 0.0009184095169
0.464 0.0009350080057
0.466 0.0009518955487
0.468 0.0009690775516
0.47 0.0009865595336
0.472 0.001004347125
0.474 0.001022446075
0.476 0.00104086226
0.478 0.001059601676
0.48 0.001078670449
0.482 0.001098074833
0.484 0.001117821214
0.486 0.001137916116
0.488 0.0011583662
0.49 0.001179178269
0.492 0.001200359271
0.494 0.001221916303
0.496 0.001243856616
0.498 0.001266187614
0.5 0.001288916862
0.502 0.001312052088
0.504 0.001335601185
0.506 0.001359572221
0.508 0.001383973444
0.51 0.001408813282
0.512 0.001434100334
0.514 0.00145984339
0.516 0.001486051434
0.518 0.001512733642
0.52 0.001539899395
0.522 0.001567558277
0.524 0.001595720085
0.526 0.001624394828
0.528 0.001653592737
0.53 0.001683324266
0.532 0.001713600078
0.534 0.001744431087
0.536 0.001775828472
0.538 0.001807803636
0.54 0.001840368243
0.542 0.00187353421
0.544 0.001907313722
0.546 0.001941719261
0.548 0.001976763566
0.55 0.00201245965
0.552 0.002048820813
0.554 0.002085860658
0.556 0.002123593088
0.558 0.002162032315
0.56 0.002201192868
0.562 0.002241089599
0.564 0.002281737688
0.566 0.002323152655
0.568 0.002365350362
0.57 0.002408347024
0.572 0.00245215925
0.574 0.002496804049
0.576 0.002542298712
0.578 0.002588660951
0.58 0.002635908847
0.582 0.002684060891
0.584 0.002733135975
0.586 0.002783153407
0.588 0.002834132922
0.59 0.002886094687
0.592 0.002939059311
0.594 0.002993047858
0.596 0.003048081848
0.598 0.003104183346
0.6 0.003161374879
0.602 0.003219679389
0.604 0.00327912034
0.606 0.003339720706
0.608 0.003401503793
0.61 0.003464495072
0.612 0.003528720009
0.614 0.00359420477
0.616 0.003660976038
0.618 0.003729061113
0.62 0.003798487869
0.622 0.00386928479
0.624 0.003941480969
0.626 0.004015106136
0.628 0.004090190661
0.63 0.004166765573
0.632 0.004244862574
0.634 0.004324514057
0.636 0.00440575312
0.638 0.004488613591
0.64 0.00457313005
0.642 0.004659337847
0.644 0.004747273133
0.646 0.004836972879
0.648 0.004928474912
0.65 0.005021817932
0.652 0.005117041557
0.654 0.005214186358
0.656 0.005313293904
0.658 0.005414406819
0.66 0.005517568827
0.662 0.00562282481
0.664 0.00573022087
0.666 0.005839804399
0.668 0.005951624142
0.67 0.0060657303
0.672 0.006182174636
0.674 0.006301006752
0.676 0.006422281832
0.678 0.006546058224
0.68 0.006672395562
0.682 0.006801355241
0.684 0.006933000904
0.686 0.007067398722
0.688 0.007204617574
0.69 0.007344729371
0.692 0.007487809218
0.694 0.007633935825
0.696 0.007783191744
0.698 0.007935663808
0.7 0.008091443465
0.702 0.008250627271
0.704 0.008413317342
0.706 0.008579621673
0.708 0.008749655022
0.71 0.008923539773
0.712 0.009101735023
0.714 0.009284656714
0.716 0.009472376626
0.718 0.009665092221
0.72 0.00986300983
0.722 0.01006635142
0.724 0.01027535201
0.726 0.01049026577
0.728 0.01071136877
0.73 0.01093896128
0.732 0.01117336906
0.734 0.01141494266
0.736 0.01166406471
0.738 0.01192115222
0.74 0.01218666129
0.742 0.01246109208
0.744 0.0127449939
0.746 0.01303897114
0.748 0.01334369123
0.75 0.01365989149
0.752 0.0139883886
0.754 0.01433009287
0.756 0.01468601847
0.758 0.0150572963
0.76 0.01544519299
0.762 0.01585113142
0.764 0.01627671426
0.766 0.01672374868
0.768 0.01719432143
0.77 0.01769078592
0.772 0.01821577577
0.774 0.01877234202
0.776 0.01936397352
0.778 0.01999468841
0.78 0.02066906608
0.782 0.0213923182
0.784 0.0221704316
0.786 0.02301023022
0.788 0.0239194289
0.79 0.02490663336
0.792 0.02598124418
0.794 0.02715297716
0.796 0.02843116152
0.798 0.02982365805
0.8 0.03133605688
0.802 0.03297185061
0.804 0.03473725569
0.806 0.03665280307
0.808 0.03880069823
0.81 0.04112864757
0.812 0.03858860026
0.814 0.0407042757
0.816 0.09847465559
0.818 0.117609363
0.82 0.1496570239
0.822 0.2230008798
0.824 0.1840299149
0.826 0.3010414104
0.828 0.3181075858
0.83 0.3371914699
0.832 0.3559313595
0.834 0.3744637046
0.836 0.3928313278
0.838 0.4110295375
0.84 0.4290682829
0.842 0.4469704476
0.844 0.4647307685
0.846 0.4823449004
0.848 0.4998085911
0.85 0.5171472494
0.852 0.5343458954
0.854 0.5513981773
0.856 0.5682854267
0.858 0.5849895464
0.86 0.6014969372
0.862 0.6179793079
0.864 0.6343789797
0.866 0.6505655514
0.868 0.6665068896
0.87 0.682171126
0.872 0.6975361941
0.874 0.7125752081
0.876 0.727238714
0.878 0.7414697083
0.88 0.7552328036
0.882 0.7685423102
0.884 0.7814334431
0.886 0.793943365
0.888 0.8061072844
0.89 0.8179529702
0.892 0.829498487
0.894 0.840755808
0.896 0.8517352808
0.898 0.8624416641
0.9 0.8728778109
0.902 0.883058888
0.904 0.8929988845
0.906 0.9027058759
0.908 0.9121890403
0.91 0.9214520882
0.912 0.9304956412
0.914 0.9393205361
0.916 0.9479313831
0.918 0.9563242081
0.92 0.964482547
0.922 0.972387018
0.924 0.9800159593
0.926 0.9873529886
0.928 0.994408468
0.93 1.001248844
0.932 1.007989788
0.934 1.014718898
0.936 1.021477198
0.938 1.028284617
0.94 1.035140354
0.942 1.042037787
0.944 1.048969418
0.946 1.055924227
0.948 1.062889635
0.95 1.069850251
0.952 1.076788223
0.954 1.083682701
0.956 1.090509749
0.958 1.09724194
0.96 1.103848625
0.962 1.110296156
0.964 1.116546462
0.966 1.122555847
0.968 1.176556424
0.97 1.304568567
0.972 1.376041542
0.974 1.460329175
