0.002 1.745686181e-06
0.004 3.46128461e-06
0.006 5.105131226e-06
0.008 6.684342367e-06
0.01 8.18794688e-06
0.012 9.636237599e-06
0.014 1.14482059e-05
0.016 1.333260467e-05
0.018 1.529451961e-05
0.02 1.734108758e-05
0.022 1.947817784e-05
0.024 2.171191623e-05
0.026 2.404789611e-05
0.028 2.649140343e-05
0.03 2.904739266e-05
0.032 3.172036637e-05
0.034 3.451454198e-05
0.036 3.743368248e-05
0.038 4.048127798e-05
0.04 4.366040618e-05
0.042 4.697388479e-05
0.044 5.04241729e-05
0.046 5.401348854e-05
0.048 5.774374556e-05
0.05 6.161664232e-05
0.052 6.563362128e-05
0.054 6.979593791e-05
0.056 7.410463935e-05
0.058 7.856061437e-05
0.06 8.316458472e-05
0.062 8.791714285e-05
0.064 9.281875198e-05
0.066 9.786977098e-05
0.068 0.0001030704636
0.07 0.000108421018
0.072 0.000113921555
0.074 0.0001195721456
0.076 0.0001253728186
0.078 0.0001313235758
0.08 0.0001374244002
0.082 0.0001436752708
0.084 0.0001500761628
0.086 0.0001566270673
0.088 0.0001633279957
0.09 0.0001701789837
0.092 0.0001771801009
0.094 0.0001843314537
0.096 0.000191633196
0.098 0.0001990855367
0.1 0.0002066887434
0.102 0.0002144431405
0.104 0.0002223491255
0.106 0.0002304071601
0.108 0.0002386177735
0.11 0.0002469815775
0.112 0.0002554992563
0.114 0.0002641715714
0.116 0.0002729993626
0.118 0.000281983551
0.12 0.0002911251365
0.122 0.0003004251973
0.124 0.0003098848886
0.126 0.0003195054514
0.128 0.0003292882052
0.13 0.0003392345467
0.132 0.0003493459459
0.134 0.0003596239584
0.136 0.000370070198
0.138 0.0003806863612
0.14 0.000391474185
0.142 0.0004024355278
0.144 0.0004135722858
0.146 0.000424886419
0.148 0.0004363799551
0.15 0.0004480549722
0.152 0.0004599136006
0.154 0.0004719580463
0.156 0.0004841905585
0.158 0.0004966134387
0.16 0.0005092290139
0.162 0.0005220396804
0.164 0.0005350478726
0.166 0.0005482560682
0.168 0.0005616667862
0.17 0.0005752825858
0.172 0.0005891060629
0.174 0.0006031364279
0.176 0.00061738052
0.178 0.0006318401787
0.18 0.0006465201434
0.182 0.0006614206325
0.184 0.0006765450433
0.186 0.0006918962613
0.188 0.0007074771484
0.19 0.0007232906402
0.192 0.0007393396932
0.194 0.0007556273128
0.196 0.0007721565531
0.198 0.0007889305014
0.2 0.000805952291
0.202 0.0008232251072
0.204 0.0008407521719
0.206 0.0008585367681
0.208 0.0008765822334
0.21 0.000894891963
0.212 0.0009134694165
0.214 0.0009323181159
0.216 0.0009514416496
0.218 0.0009708436763
0.22 0.0009905279458
0.222 0.001010498267
0.224 0.001030763387
0.226 0.001051321094
0.228 0.001072176855
0.23 0.001093334893
0.232 0.001114799414
0.234 0.001136574802
0.236 0.001158665502
0.238 0.001181076087
0.24 0.001203811227
0.242 0.001226875728
0.244 0.001250274507
0.246 0.001274012598
0.248 0.001298095162
0.25 0.001322527488
0.252 0.001347314993
0.254 0.001372463197
0.256 0.001397977838
0.258 0.001423864756
0.26 0.001450129965
0.262 0.001476779584
0.264 0.001503819895
0.266 0.001531257337
0.268 0.001559098496
0.27 0.001587350109
0.272 0.001616019042
0.274 0.001645112379
0.276 0.001674637355
0.278 0.00170460138
0.28 0.001735012008
0.282 0.001765877029
0.284 0.001797204365
0.286 0.001829002132
0.288 0.001861278622
0.29 0.001894042314
0.292 0.001927301863
0.294 0.001961066139
0.296 0.001995344188
0.298 0.002030145251
0.3 0.002065478783
0.302 0.002101354427
0.304 0.002137782032
0.306 0.002174771692
0.308 0.002212337592
0.31 0.002250485185
0.312 0.002289226453
0.314 0.002328572224
0.316 0.00236853365
0.318 0.002409122344
0.32 0.002450349617
0.322 0.002492227397
0.324 0.002534767775
0.326 0.002577983102
0.328 0.002621885956
0.33 0.002666489185
0.332 0.002711805873
0.334 0.0027578494
0.336 0.002804633392
0.338 0.002852171549
0.34 0.00290047831
0.342 0.00294956809
0.344 0.002999466948
0.346 0.003050176706
0.348 0.003101712436
0.35 0.003154093797
0.352 0.003207335563
0.354 0.003261454226
0.356 0.003316466299
0.358 0.00337238885
0.36 0.00342923915
0.362 0.003487035032
0.364 0.003545794378
0.366 0.003605535667
0.368 0.003666277677
0.37 0.003728039605
0.372 0.003790841021
0.374 0.003854701876
0.376 0.003919642627
0.378 0.003985684066
0.38 0.004052853331
0.382 0.004121164204
0.384 0.004190641082
0.386 0.004261306454
0.388 0.004333183435
0.39 0.004406295567
0.392 0.004480666924
0.394 0.004556322074
0.396 0.00463328611
0.398 0.004711584657
0.4 0.00479124377
0.402 0.004872290364
0.404 0.004954751633
0.406 0.005038655501
0.408 0.005124030455
0.41 0.005210905598
0.412 0.005299310526
0.414 0.005389275768
0.416 0.005480832352
0.418 0.005574011971
0.42 0.00566884704
0.422 0.005765370661
0.424 0.005863614213
0.426 0.005963611817
0.428 0.006065403011
0.43 0.006169022285
0.432 0.00627450684
0.434 0.006381894204
0.436 0.006491223092
0.438 0.00660253285
0.44 0.006715863861
0.442 0.006831256549
0.444 0.006948753976
0.446 0.007068398993
0.448 0.007190235688
0.45 0.007314309103
0.452 0.007440666259
0.454 0.007569353076
0.456 0.007700418059
0.458 0.007833910499
0.46 0.007969880895
0.462 0.008108380718
0.464 0.00824946275
0.466 0.00839318096
0.468 0.008539590555
0.47 0.008688748018
0.472 0.008840706664
0.474 0.008995531229
0.476 0.009153280937
0.478 0.009314017643
0.48 0.009477804725
0.482 0.009644706983
0.484 0.009814791108
0.486 0.009988124404
0.488 0.01016477653
0.49 0.01034481834
0.492 0.01052832257
0.494 0.01071536373
0.496 0.01090601801
0.498 0.01110036344
0.5 0.01129847984
0.502 0.01150044897
0.504 0.01170635447
0.506 0.01191628201
0.508 0.01213032871
0.51 0.01234857244
0.512 0.01257110772
0.514 0.0127980288
0.516 0.01302943178
0.518 0.01326541529
0.52 0.01350608066
0.522 0.01375153124
0.524 0.01400187216
0.526 0.01425721185
0.528 0.01451766113
0.53 0.01478333346
0.532 0.01505432043
0.534 0.01533078323
0.536 0.01561282206
0.538 0.01590056444
0.54 0.01619413799
0.542 0.01649367319
0.544 0.01679930355
0.546 0.01711119563
0.548 0.01742944579
0.55 0.01775421415
0.552 0.01808564396
0.554 0.01842388737
0.556 0.01876909691
0.558 0.01912143018
0.56 0.01948104758
0.562 0.01984811351
0.564 0.02022279604
0.566 0.02060526704
0.568 0.02099570235
0.57 0.02139428169
0.572 0.02180122282
0.574 0.02221669008
0.576 0.02264085888
0.578 0.02307393713
0.58 0.02351611747
0.582 0.02396760913
0.584 0.02442861928
0.586 0.02489936402
0.588 0.02538006214
0.59 0.02587093863
0.592 0.02637222369
0.594 0.0268841516
0.596 0.02740696215
0.598 0.02794097359
0.6 0.02848634498
0.602 0.02904335327
0.604 0.0296122612
0.606 0.03019237546
0.608 0.03078501516
0.61 0.0313904295
0.612 0.0320088077
0.614 0.03264051454
0.616 0.03328582826
0.618 0.03394507671
0.62 0.03461857048
0.622 0.03530663208
0.624 0.03600960178
0.626 0.03672781878
0.628 0.03746163283
0.63 0.03821140534
0.632 0.03897750611
0.634 0.03976031572
0.636 0.04056022377
0.638 0.04137763925
0.64 0.04221298018
0.642 0.04306667985
0.644 0.04393918759
0.646 0.04483096961
0.648 0.04574250829
0.65 0.04667430206
0.652 0.04762687909
0.654 0.04860078519
0.656 0.04959659872
0.658 0.05061493029
0.66 0.05165641267
0.662 0.05272172207
0.664 0.05381156648
0.666 0.05492669814
0.668 0.05606790357
0.67 0.05723604811
0.672 0.05843203276
0.674 0.05965278423
0.676 0.06090599271
0.678 0.06219011801
0.68 0.06350658629
0.682 0.06485650356
0.684 0.06624113963
0.686 0.06766204419
0.688 0.0691207535
0.69 0.07061903401
0.692 0.07215873809
0.694 0.07374194506
0.696 0.07537086738
0.698 0.07704795909
0.7 0.07877586018
0.702 0.08055748426
0.704 0.08239599152
0.706 0.08429459777
0.708 0.08625741536
0.71 0.08828851869
0.712 0.09073914615
0.714 0.09318250756
0.716 0.09572395842
0.718 0.09837256772
0.72 0.1011339773
0.722 0.1040166333
0.724 0.1070279389
0.726 0.1101794916
0.728 0.1134819514
0.73 0.1169512077
0.732 0.1205968426
0.734 0.1244350063
0.736 0.1284827163
0.738 0.1327588679
0.74 0.1372847886
0.742 0.1420846454
0.744 0.1471847648
0.746 0.1526154575
0.748 0.1584110506
0.75 0.1646089819
0.752 0.1712531546
0.754 0.1783951276
0.756 0.1860896866
0.758 0.1944016532
0.76 0.2034050631
0.762 0.2131858171
0.764 0.2238428356
0.766 0.2354882965
0.768 0.2482915769
0.77 0.2623627764
0.772 0.2778941016
0.774 0.2951296985
0.776 0.3142926839
0.778 0.3357188147
0.78 0.3597252866
0.782 0.3867510798
0.784 0.4173151892
0.786 0.4520220596
0.788 0.4916176453
0.79 0.5369943864
0.792 0.5892833487
0.794 0.6497484049
0.796 0.7201858844
0.798 0.8030576839
0.8 0.9033347759
0.802 1.030269412
0.804 1.204526938
0.806 1.47665973
0.808 2.000022712
0.81 3.564925035
0.812 6.482549081
0.814 2.402748973
0.816 38.31735816
0.818 14.52140963
0.82 21.44701086
0.822 53.98634086
0.824 21.03649926
0.826 79.66447096
0.828 8.991266536
0.83 10.05639199
0.832 9.817111281
0.834 9.663622188
0.836 9.537442785
0.838 9.383950878
0.84 9.275709086
0.842 9.169313107
0.844 9.064163825
0.846 8.960330266
0.848 8.858201884
0.85 8.795049866
0.852 8.683911516
0.854 8.616771341
0.856 8.49247653
0.858 8.411358429
0.86 8.283063319
0.862 8.282178875
0.864 9.006732876
0.866 11.28172774
0.868 13.20600048
0.87 14.41538319
0.872 14.84972252
0.874 14.4807633
0.876 13.57836545
0.878 12.76007571
0.88 12.36424739
0.882 12.25610909
0.884 12.24199266
0.886 12.2131807
0.888 12.13486548
0.89 11.98072262
0.892 11.75654714
0.894 11.49914374
0.896 11.25908303
0.898 11.01705315
0.9 10.720075
0.902 10.37700859
0.904 10.19552877
0.906 10.19317629
0.908 10.14019482
0.91 10.05015272
0.912 9.910982324
0.914 9.710081745
0.916 9.428474955
0.918 9.029792204
0.92 8.452658924
0.922 7.87689238
0.924 7.561181306
0.926 7.111412709
0.928 6.530153111
0.93 5.941928829
0.932 6.605877317
0.934 7.415384826
0.936 8.305874349
0.938 9.295906349
0.94 10.42859267
0.942 11.68116827
0.944 13.08874327
0.946 14.60681252
0.948 16.21645954
0.95 17.93512518
0.952 19.78956586
0.954 21.81738862
0.956 24.11372915
0.958 26.81554528
0.96 30.13838478
0.962 34.40959867
0.964 40.1898489
0.966 48.51751122
0.968 61.70228774
0.97 85.79972409
0.972 47.74575141
0.974 56.66390482
