0.002 -4.291918424e-06
0.004 -1.620508627e-05
0.006 -3.558397057e-05
0.008 -6.206039314e-05
0.01 -9.551262413e-05
0.012 -0.0001357710596
0.014 -0.0001827417495
0.016 -0.0002363213865
0.018 -0.0002964301173
0.02 -0.0003629865216
0.022 -0.0004359160442
0.024 -0.0005151434376
0.026 -0.000600594762
0.028 -0.0006921950048
0.03 -0.0007898684645
0.032 -0.0008935379591
0.034 -0.001003124852
0.036 -0.00111854878
0.038 -0.001239727632
0.04 -0.001366577467
0.042 -0.001499012514
0.044 -0.001636945165
0.046 -0.001780286007
0.048 -0.001928943849
0.05 -0.002082825787
0.052 -0.002241837216
0.054 -0.002405881932
0.056 -0.002574862176
0.058 -0.002748678715
0.06 -0.002927230888
0.062 -0.003110416706
0.064 -0.003298132886
0.066 -0.003490274941
0.068 -0.003686737266
0.07 -0.003887413178
0.072 -0.004092194991
0.074 -0.004300974081
0.076 -0.00451364097
0.078 -0.004730085826
0.08 -0.004950198082
0.082 -0.005173865804
0.084 -0.005400976377
0.086 -0.005631415472
0.088 -0.005865068356
0.09 -0.006101821144
0.092 -0.006341559517
0.094 -0.006584168687
0.096 -0.006829533604
0.098 -0.007077539893
0.1 -0.007328073628
0.102 -0.007581019159
0.104 -0.007836260722
0.106 -0.008093682455
0.108 -0.008353168369
0.11 -0.008614602293
0.112 -0.008877867968
0.114 -0.009142849054
0.116 -0.009409429182
0.118 -0.009677491982
0.12 -0.00994692112
0.122 -0.01021760033
0.124 -0.01048941346
0.126 -0.01076224447
0.128 -0.01103597753
0.13 -0.01131049693
0.132 -0.01158568734
0.134 -0.01186143356
0.136 -0.01213762077
0.138 -0.01241413445
0.14 -0.01269086046
0.142 -0.01296768372
0.144 -0.01324449171
0.146 -0.01352117103
0.148 -0.01379760914
0.15 -0.01407369406
0.152 -0.01434931436
0.154 -0.0146243592
0.156 -0.0148987184
0.158 -0.01517228243
0.16 -0.01544494247
0.162 -0.01571659042
0.164 -0.01598711896
0.166 -0.01625642157
0.168 -0.01652439254
0.17 -0.01679092703
0.172 -0.0170559211
0.174 -0.01731927171
0.176 -0.01758087677
0.178 -0.0178406352
0.18 -0.01809844686
0.182 -0.01835421261
0.184 -0.01860783443
0.186 -0.01885921538
0.188 -0.01910825962
0.19 -0.01935487248
0.192 -0.01959896045
0.194 -0.01984043119
0.196 -0.02007919363
0.198 -0.02031515789
0.2 -0.02054823544
0.202 -0.02077833902
0.204 -0.02100538266
0.206 -0.02122928179
0.208 -0.02144995314
0.21 -0.02166731479
0.212 -0.02188128635
0.214 -0.02209178876
0.216 -0.02229874444
0.218 -0.02250207726
0.22 -0.02270171255
0.222 -0.02289757717
0.224 -0.02308959948
0.226 -0.02327770934
0.228 -0.02346183822
0.23 -0.02364191913
0.232 -0.02381788666
0.234 -0.02398967701
0.236 -0.02415722797
0.238 -0.024320479
0.24 -0.02447937118
0.242 -0.02463384723
0.244 -0.02478385157
0.246 -0.0249293303
0.248 -0.02507023122
0.25 -0.02520650383
0.252 -0.02533809938
0.254 -0.02546497084
0.256 -0.02558707293
0.258 -0.02570436213
0.26 -0.02581679673
0.262 -0.02592433674
0.264 -0.026026944
0.266 -0.02612458214
0.268 -0.02621721661
0.27 -0.02630481469
0.272 -0.02638734548
0.274 -0.02646478138
0.276 -0.02653709677
0.278 -0.02660426686
0.28 -0.02666626864
0.282 -0.02672308101
0.284 -0.0267746847
0.286 -0.02682106227
0.288 -0.02686219818
0.29 -0.02689807872
0.292 -0.02692869205
0.294 -0.02695402819
0.296 -0.026974079
0.298 -0.02698883824
0.3 -0.02699830154
0.302 -0.02700246636
0.304 -0.02700133205
0.306 -0.02699489981
0.308 -0.02698317271
0.31 -0.02696615567
0.312 -0.02694385548
0.314 -0.02691628078
0.316 -0.02688344207
0.318 -0.02684535168
0.32 -0.02680202378
0.322 -0.02675347441
0.324 -0.02669972142
0.326 -0.02664078451
0.328 -0.0265766852
0.33 -0.02650745641
0.332 -0.02643311327
0.334 -0.02635368314
0.336 -0.02626919472
0.338 -0.02617967611
0.34 -0.02608514368
0.342 -0.02598562709
0.344 -0.02588115997
0.346 -0.02577177847
0.348 -0.02565751911
0.35 -0.025538433
0.352 -0.02541457191
0.354 -0.02528597714
0.356 -0.02515269202
0.358 -0.02501476188
0.36 -0.02487222823
0.362 -0.02472513461
0.364 -0.02457353425
0.366 -0.02441748251
0.368 -0.02425703385
0.37 -0.02409224446
0.372 -0.02392317238
0.374 -0.02374987732
0.376 -0.0235724207
0.378 -0.02339086549
0.38 -0.02320527657
0.382 -0.02301572007
0.384 -0.02282226384
0.386 -0.02262497711
0.388 -0.02242393063
0.39 -0.02221919654
0.392 -0.02201084835
0.394 -0.02179896091
0.396 -0.02158361036
0.398 -0.02136426557
0.4 -0.02114159175
0.402 -0.02091668943
0.404 -0.02068868462
0.406 -0.02045762438
0.408 -0.02022358999
0.41 -0.0199866874
0.412 -0.0197470089
0.414 -0.01950463294
0.416 -0.01925963666
0.418 -0.01901210171
0.42 -0.01876195765
0.422 -0.01850941619
0.424 -0.01825458325
0.426 -0.01799754792
0.428 -0.01773840096
0.43 -0.0174772339
0.432 -0.01721413872
0.434 -0.01695234841
0.436 -0.01668773547
0.438 -0.01642135462
0.44 -0.01615306639
0.442 -0.01588023091
0.444 -0.01560938299
0.446 -0.01533725067
0.448 -0.01506384922
0.45 -0.01478918282
0.452 -0.01451345079
0.454 -0.01423674314
0.456 -0.01395917796
0.458 -0.01368083176
0.46 -0.01340179963
0.462 -0.01312217842
0.464 -0.01284207395
0.466 -0.0125615841
0.468 -0.01228080942
0.47 -0.0119998471
0.472 -0.01171879605
0.474 -0.01143775576
0.476 -0.01115682527
0.478 -0.01087610336
0.48 -0.01059568887
0.482 -0.01031568053
0.484 -0.01003617688
0.486 -0.009757276163
0.488 -0.009479076447
0.49 -0.009201675794
0.492 -0.008925170781
0.494 -0.008649658533
0.496 -0.008375239658
0.498 -0.008101997355
0.5 -0.007830034727
0.502 -0.007559456192
0.504 -0.007290348035
0.506 -0.007022804714
0.508 -0.00675692044
0.51 -0.006492788465
0.512 -0.006230500859
0.514 -0.005970148605
0.516 -0.00571182158
0.518 -0.00545560857
0.52 -0.005201597251
0.522 -0.004949874186
0.524 -0.004700524805
0.526 -0.004453633396
0.528 -0.004209283091
0.53 -0.003967555842
0.532 -0.003728532407
0.534 -0.003492292341
0.536 -0.003258913977
0.538 -0.003028474411
0.54 -0.002801049401
0.542 -0.002576713616
0.544 -0.002355540357
0.546 -0.002137601633
0.548 -0.001922968146
0.55 -0.001712067596
0.552 -0.001504473216
0.554 -0.001300320874
0.556 -0.00109968317
0.558 -0.000902641036
0.56 -0.0007092581037
0.562 -0.0005196023968
0.564 -0.0003337419318
0.566 -0.0001517336059
0.568 2.63517015e-05
0.57 0.0002004533884
0.572 0.0003705117583
0.574 0.0005364715426
0.576 0.0006982765368
0.578 0.0008558759545
0.58 0.001009219295
0.582 0.001158258079
0.584 0.001302945373
0.586 0.001443236736
0.588 0.001579088787
0.59 0.001710460391
0.592 0.00183731217
0.594 0.001959606659
0.596 0.002077308117
0.598 0.002190382566
0.6 0.002298797699
0.602 0.002402523105
0.604 0.002501530037
0.606 0.002595791441
0.608 0.00268528196
0.61 0.002769977947
0.612 0.00284985743
0.614 0.002924900131
0.616 0.00299508745
0.618 0.003060402466
0.62 0.003120829936
0.622 0.003176356304
0.624 0.003226969663
0.626 0.003272659797
0.628 0.003313418163
0.63 0.003349237832
0.632 0.003380113579
0.634 0.003406041948
0.636 0.003427021118
0.638 0.003443050979
0.64 0.003454133108
0.642 0.003460270581
0.644 0.003461468781
0.646 0.00345773416
0.648 0.003449075224
0.65 0.003435502001
0.652 0.003417026334
0.654 0.003393661729
0.656 0.003365423432
0.658 0.003332328388
0.66 0.003294395265
0.662 0.003251644435
0.664 0.003204097915
0.666 0.003151779501
0.668 0.003094714664
0.67 0.003032930532
0.672 0.002966456019
0.674 0.002895321697
0.676 0.002819559817
0.678 0.002739204302
0.68 0.002654290736
0.682 0.00256485633
0.684 0.002470939978
0.686 0.002372582181
0.688 0.002269825051
0.69 0.002162712307
0.692 0.002051289243
0.694 0.001935602715
0.696 0.001815701114
0.698 0.001691634394
0.7 0.001563453999
0.702 0.001431212871
0.704 0.001294965423
0.706 0.001154767675
0.708 0.00101067678
0.71 0.0008627514162
0.712 0.0007110516574
0.714 0.0005556389384
0.716 0.0003965761212
0.718 0.0002339271849
0.72 6.775748162e-05
0.722 -0.0001018670431
0.724 -0.0002748779133
0.726 -0.0004512060973
0.728 -0.0006307813935
0.73 -0.0008135329123
0.732 -0.000999387752
0.734 -0.001188272252
0.736 -0.001380109171
0.738 -0.001574825556
0.74 -0.00177234287
0.742 -0.001972585846
0.744 -0.002175475531
0.746 -0.002380945426
0.748 -0.002588902626
0.75 -0.002799265978
0.752 -0.003011955366
0.754 -0.003226886283
0.756 -0.003443963566
0.758 -0.003663114451
0.76 -0.003884254065
0.762 -0.004107296966
0.764 -0.004332156938
0.766 -0.004558747267
0.768 -0.004786980663
0.77 -0.005012341149
0.772 -0.005239216187
0.774 -0.005467489453
0.776 -0.005697080412
0.778 -0.005927897806
0.78 -0.006159853047
0.782 -0.006392857282
0.784 -0.006626821737
0.786 -0.006861648171
0.788 -0.007097257035
0.79 -0.007333560357
0.792 -0.007570477411
0.794 -0.007807906937
0.796 -0.008045756667
0.798 -0.008283937332
0.8 -0.008522355303
0.802 -0.008760921406
0.804 -0.008999544155
0.806 -0.00923813114
0.808 -0.009476590716
0.81 -0.009714829945
0.812 -0.009952756359
0.814 -0.01019027768
0.816 -0.01042730151
0.818 -0.01066373583
0.82 -0.01089948869
0.822 -0.01113446841
0.824 -0.0113685837
0.826 -0.01160174361
0.828 -0.01183385764
0.83 -0.01206483578
0.832 -0.01229458863
0.834 -0.01252302738
0.836 -0.01275006404
0.838 -0.01297561095
0.84 -0.01319958161
0.842 -0.01342151904
0.844 -0.01364186057
0.846 -0.01386043465
0.848 -0.01407715291
0.85 -0.01429192282
0.852 -0.01450465465
0.854 -0.01471526042
0.856 -0.01492365426
0.858 -0.01512975213
0.86 -0.01533347211
0.862 -0.01553473355
0.864 -0.01573345784
0.866 -0.01592956832
0.868 -0.01612298971
0.87 -0.01631364857
0.872 -0.01650147291
0.874 -0.01668639202
0.876 -0.01686833815
0.878 -0.01704724435
0.88 -0.01722304449
0.882 -0.01739567549
0.884 -0.01756507513
0.886 -0.01773118269
0.888 -0.01789393898
0.89 -0.01805329051
0.892 -0.01820917694
0.894 -0.01836154358
0.896 -0.01851033723
0.898 -0.01865550916
0.9 -0.01879700624
0.902 -0.01893477971
0.904 -0.01906878233
0.906 -0.01919896838
0.908 -0.0193252757
0.91 -0.01944767924
0.912 -0.01956613778
0.914 -0.01968061163
0.916 -0.01979106259
0.918 -0.01989745432
0.92 -0.0199997394
0.922 -0.02009789726
0.924 -0.0201918962
0.926 -0.02028170608
0.928 -0.0203672983
0.93 -0.0204486458
0.932 -0.02052572307
0.934 -0.02059850621
0.936 -0.02066705597
0.938 -0.02073126931
0.94 -0.020791127
0.942 -0.02084661156
0.944 -0.02089770715
0.946 -0.02094439914
0.948 -0.02098667549
0.95 -0.02102452539
0.952 -0.02105793956
0.954 -0.02108691023
0.956 -0.02111143134
0.958 -0.02113151054
0.96 -0.02114713352
0.962 -0.02115834444
0.964 -0.0211650996
0.966 -0.02116740159
0.968 -0.02116525482
0.97 -0.02115866545
0.972 -0.02114764135
0.974 -0.02113219184
0.976 -0.02111232795
0.978 -0.0210880627
0.98 -0.0210594108
0.982 -0.02102638867
0.984 -0.0209890144
0.986 -0.02094730773
0.988 -0.02090129009
0.99 -0.02085098452
0.992 -0.02079641573
0.994 -0.02073761002
0.996 -0.02067459528
0.998 -0.02060740102
1 -0.02053605831
1.002 -0.02046059974
1.004 -0.02038105948
1.006 -0.02029747319
1.008 -0.02020987804
1.01 -0.02011831298
1.012 -0.02002281843
1.014 -0.01992343593
1.016 -0.01982020844
1.018 -0.01971318031
1.02 -0.01960239726
1.022 -0.01948790636
1.024 -0.01936970421
1.026 -0.01924787808
1.028 -0.01912249302
1.03 -0.01899360146
1.032 -0.01886125691
1.034 -0.01872551408
1.036 -0.01858642886
1.038 -0.01844405828
1.04 -0.01829846048
1.042 -0.01814969468
1.044 -0.01799782117
1.046 -0.01784281477
1.048 -0.01768480271
1.05 -0.01752387012
1.052 -0.01736008137
1.054 -0.0171935017
1.056 -0.01702419721
1.058 -0.01685223495
1.06 -0.01667770076
1.062 -0.01650064531
1.064 -0.01632113807
1.066 -0.01613924922
1.068 -0.01595504971
1.07 -0.01576863249
1.072 -0.01558005422
1.074 -0.01538938204
1.076 -0.01519668948
1.078 -0.01500205079
1.08 -0.01480553645
1.082 -0.01460722714
1.084 -0.01440719913
1.086 -0.01420552898
1.088 -0.01400228646
1.09 -0.01379755598
1.092 -0.01359141509
1.094 -0.01338394163
1.096 -0.01317521492
1.098 -0.01296531202
1.1 -0.01275431145
1.102 -0.01254229381
1.104 -0.01232933606
1.106 -0.01211551721
1.108 -0.01190091583
1.11 -0.01168561168
1.112 -0.01146968389
1.114 -0.01125321132
1.116 -0.01103627365
1.118 -0.01081895013
1.12 -0.01060132002
1.122 -0.01038346231
1.124 -0.01016545597
1.126 -0.009947379994
1.128 -0.009729312915
1.13 -0.009511333294
1.132 -0.009293535465
1.134 -0.009075980978
1.136 -0.008858744987
1.138 -0.00864190759
1.14 -0.008425545947
1.142 -0.00820971815
1.144 -0.007994519678
1.146 -0.00778002951
1.148 -0.007566320247
1.15 -0.007353471672
1.152 -0.007141553382
1.154 -0.00693063918
1.156 -0.006720803401
1.158 -0.006512117992
1.16 -0.006304656605
1.162 -0.006098491415
1.164 -0.005893693552
1.166 -0.005690333429
1.168 -0.005488481448
1.17 -0.005288206332
1.172 -0.005089575222
1.174 -0.004892657183
1.176 -0.00469751918
1.178 -0.004504226471
1.18 -0.004312845314
1.182 -0.004123445309
1.184 -0.003936085109
1.186 -0.003750827476
1.188 -0.003567737741
1.19 -0.003386873425
1.192 -0.003208290198
1.194 -0.003032033847
1.196 -0.002858179483
1.198 -0.002686781409
1.2 -0.002517898596
1.202 -0.002351585896
1.204 -0.002187897121
1.206 -0.002026903888
1.208 -0.00186863894
1.21 -0.001713153281
1.212 -0.001560495728
1.214 -0.001410714594
1.216 -0.001263857147
1.218 -0.001119969404
1.22 -0.0009790962007
1.222 -0.0008412811917
1.224 -0.0007065668974
1.226 -0.0005749945742
1.228 -0.000446604252
1.23 -0.0003214347176
1.232 -0.0001995237523
1.234 -8.090737396e-05
1.236 3.437937423e-05
1.238 0.0001463028121
1.24 0.0002548305824
1.242 0.0003599315433
1.244 0.0004615758869
1.246 0.0005597350053
1.248 0.000653822001
1.25 0.0007451705587
1.252 0.0008322478739
1.254 0.0009165434214
1.256 0.000996494954
1.258 0.001073618017
1.26 0.001146338403
1.262 0.001215576204
1.264 0.00128182109
1.266 0.001342475451
1.268 0.001400926643
1.27 0.00145450031
1.272 0.001504542498
1.274 0.001552119374
1.276 0.001595434759
1.278 0.001634266892
1.28 0.001669550779
1.282 0.001701162845
1.284 0.001729093191
1.286 0.001753328806
1.288 0.001773859766
1.29 0.001790678317
1.292 0.001803779118
1.294 0.001813159003
1.296 0.001818816996
1.298 0.001820754191
1.3 0.001818973721
1.302 0.001813480686
1.304 0.001804282086
1.306 0.00179138676
1.308 0.001774805322
1.31 0.001754550118
1.312 0.001730635175
1.314 0.001703076121
1.316 0.001671890135
1.318 0.001637095909
1.32 0.001598713757
1.322 0.001556765131
1.324 0.00151127303
1.326 0.001462263213
1.328 0.001409758597
1.33 0.001353787887
1.332 0.001294378588
1.334 0.001231560639
1.336 0.001165364496
1.338 0.001095822052
1.34 0.001022966089
1.342 0.0009468307903
1.344 0.0008674184987
1.346 0.0007848198344
1.348 0.0006990465919
1.35 0.0006101485246
1.352 0.0005181578878
1.354 0.0004231182567
1.356 0.0003250689798
1.358 0.0002240532675
1.36 0.0001201138506
1.362 1.329515135e-05
1.364 -9.635797352e-05
1.366 -0.000208799703
1.368 -0.0003239832834
1.37 -0.0004418610111
1.372 -0.0005623844635
1.374 -0.0006855044282
1.376 -0.0008111709436
1.378 -0.0009393332656
1.38 -0.001069939972
1.382 -0.001202938753
1.384 -0.001338276645
1.386 -0.001475899973
1.388 -0.001615754367
1.39 -0.001757784773
1.392 -0.001901935587
1.394 -0.002048150324
1.396 -0.00219637198
1.398 -0.002346542925
1.4 -0.002498604956
1.402 -0.002652476753
1.404 -0.002808121675
1.406 -0.00296547987
1.408 -0.003124490949
1.41 -0.003285097494
1.412 -0.00344723444
1.414 -0.003610839845
1.416 -0.003775851316
1.418 -0.003942232742
1.42 -0.004109893962
1.422 -0.004278771356
1.424 -0.004448800931
1.426 -0.004619914111
1.428 -0.004792050523
1.43 -0.004965145279
1.432 -0.005139126923
1.434 -0.005313936273
1.436 -0.005488860169
1.438 -0.005665363371
1.44 -0.005841741133
1.442 -0.006019537403
1.444 -0.006197068887
1.446 -0.006375862712
1.448 -0.006554250835
1.45 -0.006733750046
1.452 -0.006912700791
1.454 -0.007092025278
1.456 -0.007272093452
1.458 -0.007451409021
1.46 -0.007630876219
1.462 -0.007810283301
1.464 -0.00798956296
1.466 -0.008168637862
1.468 -0.008347435521
1.47 -0.008525880847
1.472 -0.008703902045
1.474 -0.008881429778
1.476 -0.009058393501
1.478 -0.009234725044
1.48 -0.009410357079
1.482 -0.009585215934
1.484 -0.009759243582
1.486 -0.009932375531
1.488 -0.01010454315
1.49 -0.01027568839
1.492 -0.01044574935
1.494 -0.01061469642
1.496 -0.01078239339
1.498 -0.01094884881
1.5 -0.01111397516
1.502 -0.01127772876
1.504 -0.01144003926
1.506 -0.0116008517
1.508 -0.01176010663
1.51 -0.01191772089
1.512 -0.0120736653
1.514 -0.01222788499
1.516 -0.01238032544
1.518 -0.01253093298
1.52 -0.01267965458
1.522 -0.01282643809
1.524 -0.01297123183
1.526 -0.01311398496
1.528 -0.01325464725
1.53 -0.01339317031
1.532 -0.01352950395
1.534 -0.01366360136
1.536 -0.01379541506
1.538 -0.01392489914
1.54 -0.0140520081
1.542 -0.01417669747
1.544 -0.01429892362
1.546 -0.01441864367
1.548 -0.01453581569
1.55 -0.01465039869
1.552 -0.01476235258
1.554 -0.01487163824
1.556 -0.01497821749
1.558 -0.01508205314
1.56 -0.01518310897
1.562 -0.0152813498
1.564 -0.01537674194
1.566 -0.01546925173
1.568 -0.01555884722
1.57 -0.01564549743
1.572 -0.01572917249
1.574 -0.01580984363
1.576 -0.0158874832
1.578 -0.01596206468
1.58 -0.0160335627
1.582 -0.01610195305
1.584 -0.01616721268
1.586 -0.01622931972
1.588 -0.0162882535
1.59 -0.01634399451
1.592 -0.01639652448
1.594 -0.01644582632
1.596 -0.01649188416
1.598 -0.01653468337
1.6 -0.01657421053
1.602 -0.01661045344
1.604 -0.01664340116
1.606 -0.01667304395
1.608 -0.01669937334
1.61 -0.01672238209
1.612 -0.01674206417
1.614 -0.01675841481
1.616 -0.01677143051
1.618 -0.01678110898
1.62 -0.01678744916
1.622 -0.01679045125
1.624 -0.01679011667
1.626 -0.01678644807
1.628 -0.01677944933
1.63 -0.01676912554
1.632 -0.01675548303
1.634 -0.01673852932
1.636 -0.01671827316
1.638 -0.01669472445
1.64 -0.01666789437
1.642 -0.01663779523
1.644 -0.01660444054
1.646 -0.016567845
1.648 -0.01652802444
1.65 -0.01648499588
1.652 -0.01643877749
1.654 -0.01638938857
1.656 -0.01633684958
1.658 -0.01628118209
1.66 -0.01622240878
1.662 -0.0161605528
1.664 -0.01609563969
1.666 -0.01602769543
1.668 -0.01595674708
1.67 -0.01588282269
1.672 -0.0158059515
1.674 -0.01572616371
1.676 -0.01564349058
1.678 -0.01555796436
1.68 -0.01546961814
1.682 -0.01537848634
1.684 -0.01528460433
1.686 -0.01518800817
1.688 -0.01508873502
1.69 -0.01498682295
1.692 -0.01488231098
1.694 -0.01477523902
1.696 -0.01466564787
1.698 -0.01455357921
1.7 -0.01443907576
1.702 -0.01432218072
1.704 -0.0142029383
1.706 -0.01408139352
1.708 -0.01395759218
1.71 -0.01383158087
1.712 -0.01370340693
1.714 -0.0135731184
1.716 -0.0134407641
1.718 -0.01330639357
1.72 -0.01317005697
1.722 -0.01303180519
1.724 -0.01289168969
1.726 -0.01274976255
1.728 -0.01260610967
1.73 -0.01246075098
1.732 -0.0123137403
1.734 -0.01216513193
1.736 -0.01201498081
1.738 -0.01186334238
1.74 -0.01171026726
1.742 -0.01155581717
1.744 -0.01140004891
1.746 -0.01124301971
1.748 -0.01108478718
1.75 -0.01092540937
1.752 -0.01076490501
1.754 -0.01060337254
1.756 -0.01044087096
1.758 -0.01027745953
1.76 -0.01011319765
1.762 -0.00994815138
1.764 -0.009782374389
1.766 -0.009615926796
1.768 -0.009448869042
1.77 -0.009281261295
1.772 -0.009113173593
1.774 -0.008944657126
1.776 -0.0087757726
1.778 -0.008606580782
1.78 -0.008437142465
1.782 -0.008267519034
1.784 -0.00809776911
1.786 -0.007927955012
1.788 -0.007758137415
1.79 -0.007588376908
1.792 -0.007418734381
1.794 -0.007249269779
1.796 -0.007080040844
1.798 -0.006911110063
1.8 -0.006742537259
1.802 -0.006574382037
1.804 -0.006406701158
1.806 -0.006239556402
1.808 -0.006073006817
1.81 -0.005907110614
1.812 -0.005741925992
1.814 -0.005577510797
1.816 -0.0054139208
1.818 -0.005251214798
1.82 -0.005089450107
1.822 -0.004928682341
1.824 -0.004768967299
1.826 -0.004610360308
1.828 -0.004453816376
1.83 -0.004297208542
1.832 -0.004142090227
1.834 -0.003989231342
1.836 -0.00383646096
1.838 -0.003686301797
1.84 -0.003536322114
1.842 -0.00338910043
1.844 -0.003242163961
1.846 -0.003098106793
1.848 -0.002955437754
1.85 -0.002813375309
1.852 -0.002674386089
1.854 -0.002536949581
1.856 -0.002401303276
1.858 -0.002266518403
1.86 -0.002135001793
1.862 -0.002005212144
1.864 -0.001877395849
1.866 -0.001751612198
1.868 -0.001627908274
1.87 -0.001506337737
1.872 -0.001386947152
1.874 -0.001269783699
1.876 -0.00115489143
1.878 -0.001042313183
1.88 -0.0009320894899
1.882 -0.0008242594464
1.884 -0.0007188541279
1.886 -0.000615915646
1.888 -0.0005154782416
1.89 -0.0004175746898
1.892 -0.000322236342
1.894 -0.000229493092
1.896 -0.0001393734877
1.898 -5.190468656e-05
1.9 3.288734003e-05
1.902 0.0001149779792
1.904 0.000194343814
1.906 0.0002709625561
1.908 0.0003448130799
1.91 0.0004158754142
1.912 0.0004841307043
1.914 0.0005495611691
1.916 0.0006121501028
1.918 0.0006718818535
1.92 0.0007287418103
1.922 0.000782716391
1.924 0.0008337930888
1.926 0.0008819603645
1.928 0.0009272076341
1.93 0.0009695253272
1.932 0.001008904865
1.934 0.001045338659
1.936 0.001078820103
1.938 0.001109343585
1.94 0.001136904477
1.942 0.001161499139
1.944 0.001183124923
1.946 0.001201780175
1.948 0.001217464236
1.95 0.001230177451
1.952 0.001239921169
1.954 0.001246697751
1.956 0.001250510569
1.958 0.001251364015
1.96 0.001249263507
1.962 0.001244215485
1.964 0.001236227423
1.966 0.001225307831
1.968 0.001211466182
1.97 0.001194713011
1.972 0.001175059962
1.974 0.001152519715
1.976 0.001127105982
1.978 0.001098833516
1.98 0.001067718108
1.982 0.001033776583
1.984 0.0009970267973
1.986 0.0009574876375
1.988 0.0009151721215
1.99 0.0008701081629
1.992 0.0008223178159
1.994 0.0007718241719
1.996 0.0007186512771
1.998 0.000662824188
2 0.0006043689213
2.002 0.0005433124269
2.004 0.0004796826644
2.006 0.000413508503
2.008 0.0003448197309
2.01 0.0002736470374
2.012 0.0002000220064
2.014 0.0001239771499
2.016 4.550432784e-05
2.018 -3.533182783e-05
2.02 -0.0001184851515
2.022 -0.0002039197574
2.024 -0.0002915990059
2.026 -0.0003814854783
2.028 -0.0004735410094
2.03 -0.0005677266472
2.032 -0.0006640027128
2.034 -0.0007623288129
2.036 -0.0008626553718
2.038 -0.0009649491373
2.04 -0.001069167709
2.042 -0.001175268024
2.044 -0.001283206373
2.046 -0.001392938516
2.048 -0.001504419598
2.05 -0.001617604194
2.052 -0.001732446338
2.054 -0.001848886816
2.056 -0.001966891386
2.058 -0.002086412575
2.06 -0.002207402431
2.062 -0.002329812552
2.064 -0.002453594105
2.066 -0.002578697854
2.068 -0.002705074172
2.07 -0.00283267542
2.072 -0.002961448867
2.074 -0.003091343818
2.076 -0.003222309266
2.078 -0.003354293908
2.08 -0.00348724616
2.082 -0.003621114185
2.084 -0.00375584601
2.086 -0.003891392649
2.088 -0.004027698169
2.09 -0.004164709874
2.092 -0.004302375052
2.094 -0.004440640573
2.096 -0.004579453323
2.098 -0.004718760085
2.1 -0.004858507559
2.102 -0.004998641823
2.104 -0.005139110021
2.106 -0.005279858711
2.108 -0.005420834445
2.11 -0.005561983705
2.112 -0.005702070084
2.114 -0.005843839152
2.116 -0.005985396848
2.118 -0.006125723471
2.12 -0.006267526039
2.122 -0.00640893416
2.124 -0.006548928721
2.126 -0.006690218543
2.128 -0.006829776969
2.13 -0.006970501861
2.132 -0.007109375781
2.134 -0.007249289039
2.136 -0.007387230946
2.138 -0.007524993359
2.14 -0.007663337129
2.142 -0.007799553187
2.144 -0.00793539893
2.146 -0.008070557267
2.148 -0.008206058495
2.15 -0.008339198245
2.152 -0.008471731471
2.154 -0.00860334921
2.156 -0.008734007622
2.158 -0.008863643005
2.16 -0.008992299981
2.162 -0.009119820412
2.164 -0.009246148247
2.166 -0.009371230803
2.168 -0.009495017837
2.17 -0.009617460588
2.172 -0.009738511917
2.174 -0.009858126129
2.176 -0.009976258918
2.178 -0.01009286728
2.18 -0.01020790938
2.182 -0.01032134466
2.184 -0.01043313359
2.186 -0.01054323772
2.188 -0.01065161955
2.19 -0.01075824256
2.192 -0.01086307111
2.194 -0.01096607302
2.196 -0.01106721183
2.198 -0.01116645442
2.2 -0.01126376852
2.202 -0.01135912259
2.204 -0.01145248586
2.206 -0.01154382829
2.208 -0.01163312057
2.21 -0.01172033406
2.212 -0.01180544095
2.214 -0.0118884141
2.216 -0.01196922706
2.218 -0.01204785414
2.22 -0.01212427035
2.222 -0.01219845143
2.224 -0.01227037386
2.226 -0.01234001488
2.228 -0.01240735246
2.23 -0.01247236534
2.232 -0.01253503304
2.234 -0.01259533586
2.236 -0.0126532549
2.238 -0.01270877206
2.24 -0.01276187009
2.242 -0.01281253255
2.244 -0.01286074385
2.246 -0.01290648925
2.248 -0.01294975488
2.25 -0.01299052775
2.252 -0.01302879577
2.254 -0.01306454774
2.256 -0.01309777338
2.258 -0.01312846334
2.26 -0.01315660919
2.262 -0.01318220343
2.264 -0.01320523954
2.266 -0.0132257119
2.268 -0.01324361588
2.27 -0.01325894779
2.272 -0.01327170493
2.274 -0.01328188554
2.276 -0.01328948885
2.278 -0.01329451506
2.28 -0.01329696533
2.282 -0.01329684179
2.284 -0.01329414756
2.286 -0.0132888867
2.288 -0.01328106426
2.29 -0.01327068624
2.292 -0.01325775959
2.294 -0.01324229212
2.296 -0.01322429268
2.298 -0.01320377103
2.3 -0.01318073788
2.302 -0.01315520489
2.304 -0.01312718455
2.306 -0.01309669032
2.308 -0.01306373665
2.31 -0.01302833881
2.312 -0.01299051298
2.314 -0.01295027621
2.316 -0.01290764638
2.318 -0.01286264225
2.32 -0.0128152834
2.322 -0.01276559025
2.324 -0.01271358402
2.326 -0.01265928675
2.328 -0.01260272128
2.33 -0.01254391127
2.332 -0.0124828811
2.334 -0.012419653
2.336 -0.01235425577
2.338 -0.01228671603
2.34 -0.01221706116
2.342 -0.0121453192
2.344 -0.01207151893
2.346 -0.0119956898
2.348 -0.01191786193
2.35 -0.01183806612
2.352 -0.01175633378
2.354 -0.01167269698
2.356 -0.01158718844
2.358 -0.01149984148
2.36 -0.01141069002
2.362 -0.01131976858
2.364 -0.01122711233
2.366 -0.0111327531
2.368 -0.01103672984
2.37 -0.01093908032
2.372 -0.0108398418
2.374 -0.01073905207
2.376 -0.01063683696
2.378 -0.01053316571
2.38 -0.01042806044
2.382 -0.01032156422
2.384 -0.01021371405
2.386 -0.01010455028
2.388 -0.009994112767
2.39 -0.009882442403
2.392 -0.009769580354
2.394 -0.009655568359
2.396 -0.009540449293
2.398 -0.009424264939
2.4 -0.009307058204
2.402 -0.009188872405
2.404 -0.009069751065
2.406 -0.008949738108
2.408 -0.008828877747
2.41 -0.008707214472
2.412 -0.008584793034
2.414 -0.008461658429
2.416 -0.008337855879
2.418 -0.008213430817
2.42 -0.008088428868
2.422 -0.007962895834
2.424 -0.007836878909
2.426 -0.007710422959
2.428 -0.00758357421
2.43 -0.007456378994
2.432 -0.007328883735
2.434 -0.007201134618
2.436 -0.007073178503
2.438 -0.006945061975
2.44 -0.006816831638
2.442 -0.006688534099
2.444 -0.006560215942
2.446 -0.006431923718
2.448 -0.00630370392
2.45 -0.00617560297
2.452 -0.006047666995
2.454 -0.005919942415
2.456 -0.005792475194
2.458 -0.00566531139
2.46 -0.005538496793
2.462 -0.005412077001
2.464 -0.005286097197
2.466 -0.00516060277
2.468 -0.00503563866
2.47 -0.004911249555
2.472 -0.004787479873
2.474 -0.004664373743
2.476 -0.004541974948
2.478 -0.00442032698
2.48 -0.004299473029
2.482 -0.004179455919
2.484 -0.004060317788
2.486 -0.003942101056
2.488 -0.003824847395
2.49 -0.003708598044
2.492 -0.003593393823
2.494 -0.00347927511
2.496 -0.003366281831
2.498 -0.003254454714
2.5 -0.003143831459
2.502 -0.003034450538
2.504 -0.002926349913
2.506 -0.002819567027
2.508 -0.002714138786
2.51 -0.002610101555
2.512 -0.002507491142
2.514 -0.002406342775
2.516 -0.002306691104
2.518 -0.002208570185
2.52 -0.002112013478
2.522 -0.002017053825
2.524 -0.001923723439
2.526 -0.001832053967
2.528 -0.001742076268
2.53 -0.001653820616
2.532 -0.001567317072
2.534 -0.00148259364
2.536 -0.001399679063
2.538 -0.001318600633
2.54 -0.001239385343
2.542 -0.001162059965
2.544 -0.001086649457
2.546 -0.001014846537
2.548 -0.0009426086504
2.55 -0.0008727691751
2.552 -0.0008049686309
2.554 -0.0007392524997
2.556 -0.0006756324617
2.558 -0.00061582469
2.56 -0.0005556982641
2.562 -0.0004981325793
2.564 -0.0004427519022
2.566 -0.0003913214368
2.568 -0.0003396328124
2.57 -0.0002906051606
2.572 -0.0002438493345
2.574 -0.0002027602365
2.576 -0.0001592457224
2.578 -0.0001187746221
2.58 -8.243015738e-05
2.582 -4.595246912e-05
2.584 -1.392055406e-05
2.586 1.614261164e-05
2.588 4.601691418e-05
2.59 7.300687648e-05
2.592 9.411183197e-05
2.594 0.0001175183218
2.596 0.000137708628
2.598 0.0001536039892
2.6 0.0001679021302
2.602 0.0001796991746
2.604 0.0001912737928
2.606 0.0001982240871
2.608 0.0002030654523
2.61 0.0002076422725
2.612 0.0002057678467
2.614 0.000206215172
2.616 0.000201523181
2.618 0.0001952439853
2.62 0.0001882221913
2.622 0.0001748626235
2.624 0.0001638231252
2.626 0.0001476578484
2.628 0.0001299102902
2.63 0.0001096235162
2.632 8.748266101e-05
2.634 6.280088027e-05
2.636 3.794999718e-05
2.638 6.564119622e-06
2.64 -2.231971027e-05
2.642 -5.802621625e-05
2.644 -9.119353169e-05
2.646 -0.0001311754839
2.648 -0.0001685890174
2.65 -0.0002110999492
2.652 -0.000255076777
2.654 -0.0003014237046
2.656 -0.0003495017259
2.658 -0.0003999063072
2.66 -0.0004520086785
2.662 -0.0005064037646
2.664 -0.0005624593709
2.666 -0.0006207672959
2.668 -0.0006789468042
2.67 -0.0007435141523
2.672 -0.0008051256833
2.674 -0.0008733949264
2.676 -0.0009386382027
2.678 -0.001010502394
2.68 -0.00107928251
2.682 -0.001154645735
2.684 -0.001226861539
2.686 -0.001303824492
2.688 -0.001381864481
2.69 -0.001461752663
2.692 -0.001542971103
2.694 -0.001625973041
2.696 -0.001710243931
2.698 -0.001796247903
2.7 -0.001881623043
2.702 -0.001973057966
2.704 -0.002060884854
2.706 -0.002155040276
2.708 -0.002245503188
2.71 -0.002342243728
2.712 -0.002435220779
2.714 -0.002532559995
2.716 -0.002630509616
2.718 -0.002729811997
2.72 -0.002829971416
2.722 -0.002931418249
2.724 -0.003031755027
2.726 -0.003135850513
2.728 -0.003240581163
2.73 -0.00334410287
2.732 -0.003453215117
2.734 -0.003557976451
2.736 -0.003668617783
2.738 -0.003774821705
2.74 -0.003882926987
2.742 -0.003995981313
2.744 -0.004104478265
2.746 -0.004214718925
2.748 -0.004329776655
2.75 -0.004440106714
2.752 -0.00455203944
2.754 -0.004666683654
2.756 -0.004781163493
2.758 -0.004893976821
2.76 -0.005009727109
2.762 -0.005125150536
2.764 -0.005238781997
2.766 -0.005355239604
2.768 -0.005469212893
2.77 -0.005586069325
2.772 -0.00570043479
2.774 -0.005817464705
2.776 -0.005931803006
2.778 -0.006046794348
2.78 -0.006163971182
2.782 -0.006278374857
2.784 -0.006395189392
2.786 -0.00650905391
2.788 -0.006623326368
2.79 -0.00673747185
2.792 -0.006851455086
2.794 -0.006967324552
2.796 -0.007079982831
2.798 -0.007194722695
2.8 -0.007306147156
2.802 -0.007417651139
2.804 -0.007528705537
2.806 -0.007639284278
2.808 -0.007749322083
2.81 -0.007858762695
2.812 -0.007967550336
2.814 -0.008075632697
2.816 -0.008182959212
2.818 -0.008289481736
2.82 -0.008395153985
2.822 -0.008499931619
2.824 -0.008603772013
2.826 -0.008706634195
2.828 -0.008808478712
2.83 -0.008909267994
2.832 -0.009008964889
2.834 -0.009107533941
2.836 -0.00920494085
2.838 -0.009301152399
2.84 -0.009396136383
2.842 -0.009489861543
2.844 -0.009582295687
2.846 -0.009673411085
2.848 -0.009763178973
2.85 -0.009851571348
2.852 -0.009938560901
2.854 -0.01002412099
2.856 -0.01010822563
2.858 -0.01019084942
2.86 -0.01027196758
2.862 -0.01035155589
2.864 -0.01042959067
2.866 -0.0105060488
2.868 -0.01058090766
2.87 -0.01065414523
2.872 -0.01072573989
2.874 -0.01079567061
2.876 -0.01086391687
2.878 -0.01093045868
2.88 -0.01099527659
2.882 -0.01105835166
2.884 -0.01111966551
2.886 -0.01117920028
2.888 -0.01123693871
2.89 -0.01129286408
2.892 -0.01134696027
2.894 -0.01139921175
2.896 -0.01144960359
2.898 -0.01149812149
2.9 -0.01154475177
2.902 -0.01158948143
2.904 -0.0116322981
2.906 -0.01167319011
2.908 -0.01171214644
2.91 -0.0117491568
2.912 -0.01178421159
2.914 -0.01181730196
2.916 -0.01184841976
2.918 -0.01187755762
2.92 -0.01190470892
2.922 -0.01192986777
2.924 -0.01195302907
2.926 -0.01197418847
2.928 -0.01199334244
2.93 -0.01201048819
2.932 -0.01202562377
2.934 -0.012038748
2.936 -0.01204986047
2.938 -0.01205896161
2.94 -0.01206605261
2.942 -0.01207113549
2.944 -0.01207421305
2.946 -0.01207528893
2.948 -0.01207436752
2.95 -0.01207145402
2.952 -0.01206655442
2.954 -0.01205967548
2.956 -0.01205082474
2.958 -0.01204001053
2.96 -0.01202724193
2.962 -0.01201252878
2.964 -0.01199588167
2.966 -0.01197731196
2.968 -0.01195683171
2.97 -0.01193445373
2.972 -0.01191019155
2.974 -0.01188405939
2.976 -0.01185607221
2.978 -0.01182624562
2.98 -0.01179459594
2.982 -0.01176114017
2.984 -0.01172589595
2.986 -0.01168888158
2.988 -0.01165011599
2.99 -0.01160961875
2.992 -0.01156741005
2.994 -0.01152351068
2.996 -0.01147794203
2.998 -0.01143072607
3 -0.01138188537
3.002 -0.01133144304
3.004 -0.01127942281
3.006 -0.01122584891
3.008 -0.01117074608
3.01 -0.0111141396
3.012 -0.01105605526
3.014 -0.01099651934
3.016 -0.01093555862
3.018 -0.01087320038
3.02 -0.01080926484
3.022 -0.0107439914
3.024 -0.0106774073
3.026 -0.01060954188
3.028 -0.01054042474
3.03 -0.01047008583
3.032 -0.01039855797
3.034 -0.0103258697
3.036 -0.01025205229
3.038 -0.01017713739
3.04 -0.01010115702
3.042 -0.01002414356
3.044 -0.009946129499
3.046 -0.009867148071
3.048 -0.009787232624
3.05 -0.009706416774
3.052 -0.009624733836
3.054 -0.009542218536
3.056 -0.009458905277
3.058 -0.009374828689
3.06 -0.009290023623
3.062 -0.00920452513
3.064 -0.009118368441
3.066 -0.009031588978
3.068 -0.008944222329
3.07 -0.008856304225
3.072 -0.00876787053
3.074 -0.008678957227
3.076 -0.008589600402
3.078 -0.008499836234
3.08 -0.008409700982
3.082 -0.008319230968
3.084 -0.008228462571
3.086 -0.008137432208
3.088 -0.008046176324
3.09 -0.00795473138
3.092 -0.007863133838
3.094 -0.007771420148
3.096 -0.00767962674
3.098 -0.007587790008
3.1 -0.007495945919
3.102 -0.007404131151
3.104 -0.007312381913
3.106 -0.007220734334
3.108 -0.007129224452
3.11 -0.007037888199
3.112 -0.006946761387
3.114 -0.006855879704
3.116 -0.006765278693
3.118 -0.006674993747
3.12 -0.006585060095
3.122 -0.006495512791
3.124 -0.006406386702
3.126 -0.006317716085
3.128 -0.00622953581
3.13 -0.006141880115
3.132 -0.006054783007
3.134 -0.00597119328
3.136 -0.005884219326
3.138 -0.005798471653
3.14 -0.005713470537
3.142 -0.005629268857
3.144 -0.005545889878
3.146 -0.005463361234
3.148 -0.005384643955
3.15 -0.005302791422
3.152 -0.0052224379
3.154 -0.005143092935
3.156 -0.005064802949
3.158 -0.004990532144
3.16 -0.004913299275
3.162 -0.004837751035
3.164 -0.004763388972
3.166 -0.004693208495
3.168 -0.004620201008
3.17 -0.004549021196
3.172 -0.004479163608
3.174 -0.004413644625
3.176 -0.004345389458
3.178 -0.004279087727
3.18 -0.004217203083
3.182 -0.004152689311
3.184 -0.004090226142
3.186 -0.004032287457
3.188 -0.003971792071
3.19 -0.00391343556
3.192 -0.003859706675
3.194 -0.003803469643
3.196 -0.003752444032
3.198 -0.003698981237
3.2 -0.003647805657
3.202 -0.003604476622
3.204 -0.003554318099
3.206 -0.003510296166
3.208 -0.003463965778
3.21 -0.003420138614
3.212 -0.003381327308
3.214 -0.003340221086
3.216 -0.003304699251
3.218 -0.003266890065
3.22 -0.003237827798
3.222 -0.003201988822
3.224 -0.003172589859
3.226 -0.003141005241
3.228 -0.00311521623
3.23 -0.003087276594
3.232 -0.003065145401
3.234 -0.003044017664
3.236 -0.003024135648
3.238 -0.003002858452
3.24 -0.0029874924
3.242 -0.002970013977
3.244 -0.002958499273
3.246 -0.00294802957
3.248 -0.002938891759
3.25 -0.002928347021
3.252 -0.002923843069
3.254 -0.002920252917
3.256 -0.002915284575
3.258 -0.002919568964
3.26 -0.002917027284
3.262 -0.00292136123
3.264 -0.002926613974
3.266 -0.002930522108
3.268 -0.002943801815
3.27 -0.002950196418
3.272 -0.002963549982
3.274 -0.002977830596
3.276 -0.002990734664
3.278 -0.00301310024
3.28 -0.003031616622
3.282 -0.003049511509
3.284 -0.003073588298
3.286 -0.003098641614
3.288 -0.003125592828
3.29 -0.003153907522
3.292 -0.00318394337
3.294 -0.003212509662
3.296 -0.003247318152
3.298 -0.003286378607
3.3 -0.003319043098
3.302 -0.003358724597
3.304 -0.003399265658
3.306 -0.003438252039
3.308 -0.003486837217
3.31 -0.003531321955
3.312 -0.003578186972
3.314 -0.003623390869
3.316 -0.0036748315
3.318 -0.003727049075
3.32 -0.003780933346
3.322 -0.003836051145
3.324 -0.003892667781
3.326 -0.003950740233
3.328 -0.004007007222
3.33 -0.004069427153
3.332 -0.0041358877
3.334 -0.004198745668
3.336 -0.004260485017
3.338 -0.004328333246
3.34 -0.00439676064
3.342 -0.004466505712
3.344 -0.004537663733
3.346 -0.00460983612
3.348 -0.004683282192
3.35 -0.004757951221
3.352 -0.004830490723
3.354 -0.004909053396
3.356 -0.004987948711
3.358 -0.00506793553
3.36 -0.005149078114
3.362 -0.005231049791
3.364 -0.005314060871
3.366 -0.00539806726
3.368 -0.005479651935
3.37 -0.00556712474
3.372 -0.00565468515
3.374 -0.005743106934
3.376 -0.005828886265
3.378 -0.00592042357
3.38 -0.006011869773
3.382 -0.006104011802
3.384 -0.006193319824
3.386 -0.006288274119
3.388 -0.006382976632
3.39 -0.006478227038
3.392 -0.006570468689
3.394 -0.006668257612
3.396 -0.006765647787
3.398 -0.006863448231
3.4 -0.006958076281
3.402 -0.007058160264
3.404 -0.007157706626
3.406 -0.007257533119
3.408 -0.007354030496
3.41 -0.007455896514
3.412 -0.007557090659
3.414 -0.007654835954
3.416 -0.007757888744
3.418 -0.007860136178
3.42 -0.007962415956
3.422 -0.008061059681
3.424 -0.00816492478
3.426 -0.008267865709
3.428 -0.008367067287
3.43 -0.008471426615
3.432 -0.008574736199
3.434 -0.008677850036
3.436 -0.008777051811
3.438 -0.00888132261
3.44 -0.008984432895
3.442 -0.009083535136
3.444 -0.009187641773
3.446 -0.009290465861
3.448 -0.009389136562
3.45 -0.009492749884
3.452 -0.009594964852
3.454 -0.009692893719
3.456 -0.009795700909
3.458 -0.009897000815
3.46 -0.009993890854
3.462 -0.01009559442
3.464 -0.01019568725
3.466 -0.01029125362
3.468 -0.01039156928
3.47 -0.01049017549
3.472 -0.01058414431
3.474 -0.01068279971
3.476 -0.01077965135
3.478 -0.01087175951
3.48 -0.01096849359
3.482 -0.01106333331
3.484 -0.01115332742
3.486 -0.01124788945
3.488 -0.01134047002
3.49 -0.01142810641
3.492 -0.01152025583
3.494 -0.01161034011
3.496 -0.01169538587
3.498 -0.01178489329
3.5 -0.01187225535
3.502 -0.01195448601
3.504 -0.01204113041
3.506 -0.01212158484
3.508 -0.01220649616
3.51 -0.01228907175
3.512 -0.01236629684
3.514 -0.01244787187
3.516 -0.0125270639
3.518 -0.01260084528
3.52 -0.01267893618
3.522 -0.01275056052
3.524 -0.01282654493
3.526 -0.01289999295
3.528 -0.01296785477
3.53 -0.0130399792
3.532 -0.01310546285
3.534 -0.01317526442
3.536 -0.01324241261
3.538 -0.01330383358
3.54 -0.01336948089
3.542 -0.01342834761
3.544 -0.01349150176
3.546 -0.01355190967
3.548 -0.01360647613
3.55 -0.01366524619
3.552 -0.01371712083
3.554 -0.0137732668
3.556 -0.01382659356
3.558 -0.01387398496
3.56 -0.01392557268
3.562 -0.01397016899
3.564 -0.01401903637
3.566 -0.0140650286
3.568 -0.01410500788
3.57 -0.01414919249
3.572 -0.01418630489
3.574 -0.0142277045
3.576 -0.01426618796
3.578 -0.0142985945
3.58 -0.01433523175
3.582 -0.01436472881
3.584 -0.01439854562
3.586 -0.0144294192
3.588 -0.01445416441
3.59 -0.01448318208
3.592 -0.01450500343
3.594 -0.01453119344
3.596 -0.01455442638
3.598 -0.01457149131
3.6 -0.01459288671
3.602 -0.01460704098
3.604 -0.01462562903
3.606 -0.01464125926
3.608 -0.01465069346
3.61 -0.01466453224
3.612 -0.01467109631
3.614 -0.01468217536
3.616 -0.01469030874
3.618 -0.01469222961
3.62 -0.01469864509
3.622 -0.01469776345
3.624 -0.01470149382
3.626 -0.0147023035
3.628 -0.01469689577
3.63 -0.01469608838
3.632 -0.01469243153
3.634 -0.01468261424
3.636 -0.01467746217
3.638 -0.01466504879
3.64 -0.01465743167
3.642 -0.01464698464
3.644 -0.01463036501
3.646 -0.01461854634
3.648 -0.01460397334
3.65 -0.01458328486
3.652 -0.0145674787
3.654 -0.01454898048
3.656 -0.01452441482
3.658 -0.01450482009
3.66 -0.01448259197
3.662 -0.01445433656
3.664 -0.01443114757
3.666 -0.01440538146
3.668 -0.01437362321
3.67 -0.01434703202
3.672 -0.01431791869
3.674 -0.01428284584
3.676 -0.01425304601
3.678 -0.01422077949
3.68 -0.0141825852
3.682 -0.01414977404
3.684 -0.01411455325
3.686 -0.01407343696
3.688 -0.01403781756
3.69 -0.01399984705
3.692 -0.01396069264
3.694 -0.01391571795
3.696 -0.01387639023
3.698 -0.01383485117
3.7 -0.01379226667
3.702 -0.01374397668
3.704 -0.01370149299
3.706 -0.01365692
3.708 -0.01361142583
3.71 -0.0135603142
3.712 -0.01351517815
3.714 -0.01346806249
3.716 -0.01342014023
3.718 -0.01336667191
3.72 -0.01331935478
3.722 -0.01327016031
3.724 -0.01322027228
3.726 -0.01316968306
3.728 -0.01311371444
3.73 -0.01306411038
3.732 -0.01301279563
3.734 -0.01296095503
3.736 -0.0129085771
3.738 -0.01285093007
3.74 -0.01279988008
3.742 -0.01274726024
3.744 -0.01269426859
3.746 -0.01264088887
3.748 -0.01258719789
3.75 -0.01252840037
3.752 -0.01247647468
3.754 -0.01242316734
3.756 -0.01236968432
3.758 -0.01231600432
3.76 -0.01226220125
3.762 -0.01220833003
3.764 -0.01215445241
3.766 -0.0120957069
3.768 -0.01204420225
3.77 -0.01199157784
3.772 -0.01193904545
3.774 -0.01188657662
3.776 -0.01183423639
3.778 -0.01178208067
3.78 -0.01173015908
3.782 -0.01167852046
3.784 -0.01162720995
3.786 -0.01157627092
3.788 -0.01152574422
3.79 -0.0114756688
3.792 -0.01142608168
3.794 -0.01137701817
3.796 -0.01132851196
3.798 -0.0112805953
3.8 -0.01123329912
3.802 -0.0111866536
3.804 -0.01114068685
3.806 -0.01109542588
3.808 -0.0110508978
3.81 -0.01100712839
3.812 -0.01096414259
3.814 -0.01092196466
3.816 -0.01088061818
3.818 -0.01084012487
3.82 -0.01080050839
3.822 -0.01076179064
3.824 -0.01072399304
3.826 -0.01068713654
3.828 -0.01065124171
3.83 -0.01061632871
3.832 -0.01058241786
3.834 -0.01054952811
3.836 -0.01051767793
3.838 -0.01048688666
3.84 -0.01045717274
3.842 -0.01042855433
3.844 -0.01040104924
3.846 -0.010374675
3.848 -0.01034944883
3.85 -0.01032538762
3.852 -0.01030250798
3.854 -0.01028082619
3.856 -0.01026035821
3.858 -0.01024111965
3.86 -0.01022312581
3.862 -0.01020639164
3.864 -0.01019093172
3.866 -0.01017676028
3.868 -0.01016389116
3.87 -0.01015233782
3.872 -0.01014211334
3.874 -0.01013323036
3.876 -0.01012570112
3.878 -0.01011953744
3.88 -0.01011475068
3.882 -0.01011135176
3.884 -0.01010935115
3.886 -0.01010875882
3.888 -0.0101095843
3.89 -0.01011183662
3.892 -0.0101155243
3.894 -0.01012065538
3.896 -0.01012723737
3.898 -0.01013527955
3.9 -0.01014478369
3.902 -0.01015575832
3.904 -0.01016820752
3.906 -0.01018213688
3.908 -0.01019755027
3.91 -0.01021445167
3.912 -0.01023284415
3.914 -0.01025273042
3.916 -0.01027411251
3.918 -0.01029699199
3.92 -0.01032136984
3.922 -0.01034724651
3.924 -0.01037462189
3.926 -0.01040349533
3.928 -0.01043386563
3.93 -0.01046573107
3.932 -0.01049908938
3.934 -0.01053393772
3.936 -0.01057027279
3.938 -0.01060809074
3.94 -0.01064738718
3.942 -0.01068815722
3.944 -0.01073039547
3.946 -0.01077409597
3.948 -0.01081925233
3.95 -0.01086585765
3.952 -0.01091390456
3.954 -0.01096338517
3.956 -0.01101429113
3.958 -0.01106661361
3.96 -0.0111203433
3.962 -0.01117547046
3.964 -0.01123198487
3.966 -0.01128987586
3.968 -0.01134913234
3.97 -0.01140974276
3.972 -0.01147167401
3.974 -0.01153490377
3.976 -0.01159941906
3.978 -0.01166520645
3.98 -0.01173225207
3.982 -0.01180054167
3.984 -0.01187006057
3.986 -0.0119407937
3.988 -0.01201272562
3.99 -0.01208584052
3.992 -0.01216012221
3.994 -0.01223555417
3.996 -0.01231211951
3.998 -0.012389801
4 -0.01246858107
4.002 -0.01254844181
4.004 -0.01262936502
4.006 -0.01271133214
4.008 -0.01279432433
4.01 -0.0128783224
4.012 -0.0129633069
4.014 -0.01304925805
4.016 -0.01313615581
4.018 -0.01322397984
4.02 -0.01331270952
4.022 -0.01340232395
4.024 -0.01349280199
4.026 -0.01358412223
4.028 -0.013676263
4.03 -0.01376920239
4.032 -0.01386291827
4.034 -0.01395738902
4.036 -0.01405259228
4.038 -0.01414850543
4.04 -0.0142451056
4.042 -0.01434236969
4.044 -0.01444027434
4.046 -0.014538796
4.048 -0.01463791093
4.05 -0.01473759674
4.052 -0.01483782779
4.054 -0.01493857981
4.056 -0.01503982839
4.058 -0.015141549
4.06 -0.015243717
4.062 -0.0153463076
4.064 -0.01544929595
4.066 -0.01555265709
4.068 -0.01565636599
4.07 -0.01576039755
4.072 -0.01586472663
4.074 -0.01596932803
4.076 -0.0160741765
4.078 -0.01617924679
4.08 -0.01628451364
4.082 -0.01638995176
4.084 -0.01649553588
4.086 -0.01660124075
4.088 -0.01670704114
4.09 -0.01681291186
4.092 -0.01691882776
4.094 -0.01702476374
4.096 -0.01713069479
4.098 -0.01723659594
4.1 -0.01734244234
4.102 -0.0174482092
4.104 -0.01755387186
4.106 -0.01765940577
4.108 -0.01776478647
4.11 -0.01786998967
4.112 -0.01797499117
4.114 -0.01807976697
4.116 -0.01818429318
4.118 -0.01828854609
4.12 -0.01839250218
4.122 -0.01849613808
4.124 -0.01859943062
4.126 -0.01870235682
4.128 -0.01880489392
4.13 -0.01890701934
4.132 -0.01900871075
4.134 -0.01910994603
4.136 -0.01921070329
4.138 -0.01931096089
4.14 -0.01941069912
4.142 -0.01950989515
4.144 -0.01960852808
4.146 -0.01970657729
4.148 -0.01980402247
4.15 -0.01990084357
4.152 -0.01999702081
4.154 -0.0200925347
4.156 -0.02018736606
4.158 -0.02028149602
4.16 -0.02037490601
4.162 -0.02046757778
4.164 -0.02055949341
4.166 -0.02065063529
4.168 -0.02074098618
4.17 -0.02083052914
4.172 -0.02091924761
4.174 -0.02100712535
4.176 -0.02109414652
4.178 -0.0211802956
4.18 -0.02126555745
4.182 -0.02134991732
4.184 -0.02143336082
4.186 -0.02151587393
4.188 -0.02159744305
4.19 -0.02167805492
4.192 -0.02175769671
4.194 -0.02183635598
4.196 -0.0219140207
4.198 -0.02199067924
4.2 -0.0220663204
4.202 -0.02214093338
4.204 -0.0222145078
4.206 -0.02228703369
4.208 -0.02235850154
4.21 -0.02242890224
4.212 -0.0224982271
4.214 -0.02256646789
4.216 -0.02263361681
4.218 -0.0226996665
4.22 -0.02276461001
4.222 -0.02282844089
4.224 -0.02289115309
4.226 -0.02295274101
4.228 -0.02301319953
4.23 -0.02307252402
4.232 -0.02313071019
4.234 -0.02318775423
4.236 -0.02324365277
4.238 -0.02329840293
4.24 -0.02335200226
4.242 -0.02340444879
4.244 -0.02345574098
4.246 -0.02350587778
4.248 -0.02355485858
4.25 -0.02360268324
4.252 -0.02364935201
4.254 -0.02369486564
4.256 -0.02373922532
4.258 -0.02378243271
4.26 -0.02382448991
4.262 -0.02386539947
4.264 -0.0239051644
4.266 -0.02394378815
4.268 -0.02398127462
4.27 -0.0240176282
4.272 -0.02405285361
4.274 -0.02408695607
4.276 -0.02411994121
4.278 -0.02415181513
4.28 -0.02418258433
4.282 -0.02421225577
4.284 -0.02424083682
4.286 -0.02426833536
4.288 -0.02429475955
4.29 -0.02432011801
4.292 -0.02434441975
4.294 -0.02436767422
4.296 -0.02438989126
4.298 -0.02441108112
4.3 -0.02443125445
4.302 -0.0244504223
4.304 -0.02446859609
4.306 -0.02448578765
4.308 -0.02450200916
4.31 -0.02451727319
4.312 -0.02453159268
4.314 -0.02454498093
4.316 -0.0245574516
4.318 -0.02456901995
4.32 -0.02457969916
4.322 -0.02458950261
4.324 -0.02459844654
4.326 -0.02460654637
4.328 -0.02461381779
4.33 -0.02462027679
4.332 -0.0246259397
4.334 -0.02463082388
4.336 -0.02463494545
4.338 -0.02463832078
4.34 -0.02464096829
4.342 -0.02464290577
4.344 -0.0246441513
4.346 -0.02464472319
4.348 -0.02464464003
4.35 -0.02464392066
4.352 -0.02464258417
4.354 -0.02464064987
4.356 -0.02463813732
4.358 -0.0246350663
4.36 -0.02463145679
4.362 -0.02462732901
4.364 -0.02462270335
4.366 -0.0246176004
4.368 -0.02461204096
4.37 -0.02460604597
4.372 -0.02459963657
4.374 -0.02459283404
4.376 -0.02458565984
4.378 -0.02457813553
4.38 -0.02457028285
4.382 -0.02456212363
4.384 -0.02455367987
4.386 -0.02454497366
4.388 -0.02453602718
4.39 -0.02452686272
4.392 -0.02451750264
4.394 -0.02450796941
4.396 -0.02449828555
4.398 -0.02448847366
4.4 -0.02447855639
4.402 -0.02446855643
4.404 -0.02445849653
4.406 -0.02444839944
4.408 -0.02443828796
4.41 -0.02442818489
4.412 -0.02441811304
4.414 -0.02440809522
4.416 -0.02439815421
4.418 -0.02438831055
4.42 -0.02437858921
4.422 -0.02436901295
4.424 -0.02435960438
4.426 -0.02435038611
4.428 -0.02434138069
4.43 -0.02433261064
4.432 -0.02432409834
4.434 -0.02431586611
4.436 -0.02430793617
4.438 -0.02430033063
4.44 -0.02429307149
4.442 -0.02428618063
4.444 -0.02427967981
4.446 -0.02427359066
4.448 -0.02426793464
4.45 -0.02426273309
4.452 -0.02425800719
4.454 -0.02425377796
4.456 -0.02425006627
4.458 -0.02424689274
4.46 -0.02424427786
4.462 -0.0242422419
4.464 -0.02424080493
4.466 -0.02423998633
4.468 -0.02423980438
4.47 -0.02424028037
4.472 -0.02424143351
4.474 -0.02424328277
4.476 -0.02424584688
4.478 -0.02424914432
4.48 -0.0242531933
4.482 -0.02425801179
4.484 -0.02426361749
4.486 -0.02427002784
4.488 -0.02427725997
4.49 -0.02428533075
4.492 -0.02429425674
4.494 -0.02430405423
4.496 -0.02431473918
4.498 -0.02432632726
4.5 -0.02433883522
4.502 -0.02435227675
4.504 -0.02436666276
4.506 -0.0243820117
4.508 -0.02439833927
4.51 -0.02441565736
4.512 -0.02443397913
4.514 -0.02445331778
4.516 -0.02447368593
4.518 -0.02449509597
4.52 -0.02451755987
4.522 -0.02454108928
4.524 -0.02456569546
4.526 -0.02459138933
4.528 -0.02461818142
4.53 -0.02464608188
4.532 -0.02467510051
4.534 -0.02470524673
4.536 -0.02473652957
4.538 -0.02476895767
4.54 -0.02480253918
4.542 -0.02483728202
4.544 -0.02487319374
4.546 -0.02491028147
4.548 -0.02494855193
4.55 -0.02498801143
4.552 -0.02502866589
4.554 -0.02507052082
4.556 -0.02511358135
4.558 -0.02515785218
4.56 -0.02520333763
4.562 -0.02525004161
4.564 -0.02529796755
4.566 -0.02534711862
4.568 -0.02539749757
4.57 -0.0254491067
4.572 -0.02550194793
4.574 -0.02555602275
4.576 -0.02561133226
4.578 -0.02566787716
4.58 -0.02572565777
4.582 -0.02578467395
4.584 -0.02584492522
4.586 -0.02590641066
4.588 -0.02596912897
4.59 -0.02603307846
4.592 -0.02609825695
4.594 -0.02616466204
4.596 -0.02623229089
4.598 -0.02630114026
4.6 -0.02637120651
4.602 -0.02644248558
4.604 -0.02651497655
4.606 -0.02658867306
4.608 -0.02666356651
4.61 -0.02673965128
4.612 -0.02681692289
4.614 -0.02689537506
4.616 -0.02697045654
4.618 -0.02704557523
4.62 -0.02712065746
4.622 -0.02719612377
4.624 -0.02727223423
4.626 -0.02734920914
4.628 -0.0274272215
4.63 -0.02750640733
4.632 -0.02758687129
4.634 -0.02766869201
4.636 -0.0277519263
4.638 -0.02783661272
4.64 -0.02792277456
4.642 -0.02801042323
4.644 -0.0280995589
4.646 -0.02819017162
4.648 -0.02828224407
4.65 -0.02837575246
4.652 -0.02847066752
4.654 -0.02856695546
4.656 -0.02866457867
4.658 -0.02876349646
4.66 -0.02886366563
4.662 -0.02896504105
4.664 -0.02906757607
4.666 -0.02917122305
4.668 -0.02927593367
4.67 -0.02938165936
4.672 -0.02948835156
4.674 -0.02959596209
4.676 -0.02970444338
4.678 -0.02981374872
4.68 -0.02992383252
4.682 -0.03003465038
4.684 -0.0301461594
4.686 -0.03025831822
4.688 -0.03037108721
4.69 -0.03048443012
4.692 -0.03059831066
4.694 -0.03071269185
4.696 -0.03082754188
4.698 -0.0309428322
4.7 -0.03105853516
4.702 -0.03117462448
4.704 -0.03129107587
4.706 -0.03140786682
4.708 -0.03152497674
4.71 -0.03164238667
4.712 -0.03176007933
4.714 -0.03187803892
4.716 -0.03199625101
4.718 -0.03211470246
4.72 -0.03223338122
4.722 -0.0323522762
4.724 -0.03247137735
4.726 -0.03259067523
4.728 -0.03271016107
4.73 -0.03282982653
4.732 -0.0329496636
4.734 -0.0330696645
4.736 -0.03318982154
4.738 -0.03331012698
4.74 -0.033430573
4.742 -0.03355115153
4.744 -0.0336718542
4.746 -0.03379267222
4.748 -0.03391359637
4.75 -0.03403461688
4.752 -0.03415572341
4.754 -0.03427690498
4.756 -0.03439814998
4.758 -0.0345194461
4.76 -0.03464078035
4.762 -0.03476213904
4.764 -0.03488350778
4.766 -0.03500487153
4.768 -0.03512621457
4.77 -0.03524752056
4.772 -0.03536877254
4.774 -0.03548995302
4.776 -0.03561104399
4.778 -0.03573202698
4.78 -0.03585288311
4.782 -0.03597359315
4.784 -0.03609413759
4.786 -0.03621449666
4.788 -0.03633465048
4.79 -0.03645457902
4.792 -0.03657426223
4.794 -0.03669368007
4.796 -0.03681281259
4.798 -0.03693163998
4.8 -0.0370501426
4.802 -0.03716830109
4.804 -0.03728609636
4.806 -0.03740350969
4.808 -0.03752052272
4.81 -0.03763711753
4.812 -0.03775327665
4.814 -0.03786898311
4.816 -0.03798422046
4.818 -0.03809897276
4.82 -0.03821322467
4.822 -0.03832696139
4.824 -0.03844016871
4.826 -0.03855283301
4.828 -0.03866494124
4.83 -0.03877648095
4.832 -0.03888744028
4.834 -0.03899780794
4.836 -0.03910757319
4.838 -0.03921672589
4.84 -0.03932525638
4.842 -0.03943315554
4.844 -0.03954041473
4.846 -0.03964702582
4.848 -0.03975298113
4.85 -0.0398582734
4.852 -0.03996289583
4.854 -0.04006684199
4.856 -0.04017010606
4.858 -0.04027268224
4.86 -0.04037456517
4.862 -0.04047574961
4.864 -0.0405762308
4.866 -0.04067600418
4.868 -0.04077506564
4.87 -0.04087341107
4.872 -0.04097103668
4.874 -0.0410679389
4.876 -0.04116411443
4.878 -0.04125956017
4.88 -0.04135427325
4.882 -0.04144825097
4.884 -0.04154149088
4.886 -0.04163399067
4.888 -0.04172574827
4.89 -0.04181676176
4.892 -0.04190702947
4.894 -0.0419965499
4.896 -0.04208532175
4.898 -0.04217334398
4.9 -0.04226061573
4.902 -0.04234713642
4.904 -0.04243290567
4.906 -0.0425179232
4.908 -0.04260218868
4.91 -0.04268570242
4.912 -0.04276846504
4.914 -0.04285047734
4.916 -0.04293174079
4.918 -0.04301225671
4.92 -0.0430920274
4.922 -0.04317105453
4.924 -0.04324934103
4.926 -0.04332688997
4.928 -0.04340370493
4.93 -0.04347978963
4.932 -0.04355514827
4.934 -0.04362978538
4.936 -0.04370370588
4.938 -0.04377691507
4.94 -0.04384941866
4.942 -0.04392122272
4.944 -0.04399233372
4.946 -0.04406275855
4.948 -0.0441325045
4.95 -0.0442015778
4.952 -0.04426998637
4.954 -0.04433773941
4.956 -0.04440484605
4.958 -0.04447131571
4.96 -0.04453715817
4.962 -0.04460238351
4.964 -0.04466700216
4.966 -0.04473102488
4.968 -0.04479446276
4.97 -0.04485732719
4.972 -0.0449196299
4.974 -0.04498138291
4.976 -0.04504259866
4.978 -0.04510328957
4.98 -0.04516346859
4.982 -0.04522314879
4.984 -0.04528225287
4.986 -0.04534066718
4.988 -0.04539840584
4.99 -0.04545548277
4.992 -0.04551191224
4.994 -0.04556770871
4.996 -0.0456228868
4.998 -0.04567746143
5 -0.04573144754
5.002 -0.04578486047
5.004 -0.04583771597
5.006 -0.04589002992
5.008 -0.04594181843
5.01 -0.04599309779
5.012 -0.04604388449
5.014 -0.04609419521
5.016 -0.04614404705
5.018 -0.04619345719
5.02 -0.04624244256
5.022 -0.04629102031
5.024 -0.04633920768
5.026 -0.04638702198
5.028 -0.04643448055
5.03 -0.0464816008
5.032 -0.04652840016
5.034 -0.04657489606
5.036 -0.04662110696
5.038 -0.04666704969
5.04 -0.04671274146
5.042 -0.04675819931
5.044 -0.04680344062
5.046 -0.04684848263
5.048 -0.04689334266
5.05 -0.04693803798
5.052 -0.04698258585
5.054 -0.04702700351
5.056 -0.04707130816
5.058 -0.04711551697
5.06 -0.04715964709
5.062 -0.04720371563
5.064 -0.04724773968
5.066 -0.04729173628
5.068 -0.04733572245
5.07 -0.0473797152
5.072 -0.04742373148
5.074 -0.04746778826
5.076 -0.04751190244
5.078 -0.04755609092
5.08 -0.04760037059
5.082 -0.0476447583
5.084 -0.0476892709
5.086 -0.04773392521
5.088 -0.04777873801
5.09 -0.0478237262
5.092 -0.04788163701
5.094 -0.04793973106
5.096 -0.04799812669
5.098 -0.04805683544
5.1 -0.04811588621
5.102 -0.04817530163
5.104 -0.04823510282
5.106 -0.04829530847
5.108 -0.04835593674
5.11 -0.04841700514
5.112 -0.04847852967
5.114 -0.04854052556
5.116 -0.04860300787
5.118 -0.0486659911
5.12 -0.04872948939
5.122 -0.04879351661
5.124 -0.04885808638
5.126 -0.04892321213
5.128 -0.04898890713
5.13 -0.04905518453
5.132 -0.04912205737
5.134 -0.04918953858
5.136 -0.04925764074
5.138 -0.04932637642
5.14 -0.04939575815
5.142 -0.04946579839
5.144 -0.04953650973
5.146 -0.04960790474
5.148 -0.04967999559
5.15 -0.0497527944
5.152 -0.04982631315
5.154 -0.04990056372
5.156 -0.04997555786
5.158 -0.05005130722
5.16 -0.05012782328
5.162 -0.05020511738
5.164 -0.05028320072
5.166 -0.05036208433
5.168 -0.05044177906
5.17 -0.05052229557
5.172 -0.05060364435
5.174 -0.05068583564
5.176 -0.05076888047
5.178 -0.05085278859
5.18 -0.0509375693
5.182 -0.0510232317
5.184 -0.05110978497
5.186 -0.05119723789
5.188 -0.051285599
5.19 -0.05137487657
5.192 -0.05146507857
5.194 -0.05155621268
5.196 -0.0516482863
5.198 -0.05174130648
5.2 -0.05183527999
5.202 -0.05193021327
5.204 -0.05202608035
5.206 -0.05212292921
5.208 -0.05222076
5.21 -0.05231957694
5.212 -0.05241938462
5.214 -0.05252018667
5.216 -0.05262198637
5.218 -0.05272478687
5.22 -0.05282859109
5.222 -0.05293340171
5.224 -0.05303922112
5.226 -0.05314605145
5.228 -0.05325389452
5.23 -0.05336275184
5.232 -0.05347262463
5.234 -0.05358351388
5.236 -0.05369542017
5.238 -0.05380834414
5.24 -0.0539222858
5.242 -0.05403724405
5.244 -0.0541532182
5.246 -0.05427020718
5.248 -0.05438820962
5.25 -0.0545072238
5.252 -0.0546272477
5.254 -0.05474827895
5.256 -0.05487031487
5.258 -0.05499335248
5.26 -0.05511738849
5.262 -0.05524241929
5.264 -0.05536844098
5.266 -0.05549544938
5.268 -0.05562343999
5.27 -0.05575240804
5.272 -0.05588234846
5.274 -0.05601325591
5.276 -0.05614512474
5.278 -0.05627794899
5.28 -0.05641172241
5.282 -0.05654643859
5.284 -0.0566820908
5.286 -0.05681867209
5.288 -0.0569561752
5.29 -0.05709459266
5.292 -0.05723391672
5.294 -0.05737413938
5.296 -0.05751525241
5.298 -0.0576572248
5.3 -0.05780002517
5.302 -0.05794365114
5.304 -0.05808809316
5.306 -0.05823334273
5.308 -0.05837939211
5.31 -0.05852623365
5.312 -0.05867386041
5.314 -0.05882226673
5.316 -0.05897144643
5.318 -0.05912139344
5.32 -0.05927210169
5.322 -0.05942356507
5.324 -0.05957577723
5.326 -0.05972873161
5.328 -0.05988242139
5.33 -0.06003683954
5.332 -0.06019197861
5.334 -0.06034783076
5.336 -0.0605043877
5.338 -0.06066164068
5.34 -0.06081958045
5.342 -0.06097819727
5.344 -0.06113748087
5.346 -0.06129742047
5.348 -0.06145800426
5.35 -0.06161922051
5.352 -0.06178105714
5.354 -0.06194350139
5.356 -0.06210653997
5.358 -0.06227015912
5.36 -0.06243434461
5.362 -0.06259908176
5.364 -0.06276435546
5.366 -0.06293015022
5.368 -0.06309645028
5.37 -0.06326323958
5.372 -0.06343050176
5.374 -0.06359822012
5.376 -0.06376637781
5.378 -0.06393495768
5.38 -0.06410394244
5.382 -0.06427331464
5.384 -0.06444305669
5.386 -0.06461315092
5.388 -0.06478357958
5.39 -0.06495432484
5.392 -0.06512536891
5.394 -0.06529669405
5.396 -0.06546828239
5.398 -0.06562684851
5.4 -0.06578193309
5.402 -0.06593365751
5.404 -0.06608321822
5.406 -0.0662314924
5.408 -0.06637919976
5.41 -0.06652693423
5.412 -0.06667516346
5.414 -0.06682426341
5.416 -0.06697452633
5.418 -0.0671261721
5.42 -0.06727935615
5.422 -0.06743418158
5.424 -0.0675907055
5.426 -0.0677489466
5.428 -0.06790889059
5.43 -0.06807049549
5.432 -0.06823369589
5.434 -0.06839840685
5.436 -0.06856452728
5.438 -0.06873194288
5.44 -0.06890052884
5.442 -0.06907015221
5.444 -0.06924067382
5.446 -0.06941195954
5.448 -0.06958386332
5.45 -0.06975623704
5.452 -0.06992893282
5.454 -0.07010180689
5.456 -0.07027471766
5.458 -0.07044752827
5.46 -0.07062010685
5.462 -0.07079232742
5.464 -0.07096407074
5.466 -0.07113522459
5.468 -0.07130568443
5.47 -0.07147535369
5.472 -0.07164414434
5.474 -0.0718119769
5.476 -0.07197878073
5.478 -0.07214449397
5.48 -0.07230906359
5.482 -0.07247244524
5.484 -0.07263460311
5.486 -0.0727955098
5.488 -0.07295514615
5.49 -0.07311349962
5.492 -0.07327056567
5.494 -0.07342634617
5.496 -0.07358084958
5.498 -0.07373409
5.5 -0.07388608681
5.502 -0.07403686399
5.504 -0.07418644948
5.506 -0.07433487547
5.508 -0.07448217622
5.51 -0.07462838865
5.512 -0.07477355116
5.514 -0.0749177034
5.516 -0.07506088563
5.518 -0.07520312944
5.52 -0.07534447219
5.522 -0.07548495111
5.524 -0.07562460258
5.526 -0.07576346196
5.528 -0.0759015633
5.53 -0.07603893804
5.532 -0.07617561583
5.534 -0.07631162402
5.536 -0.07644698734
5.538 -0.07658172722
5.54 -0.07671586225
5.542 -0.07684940838
5.544 -0.07698237842
5.546 -0.07711478219
5.548 -0.07724662645
5.55 -0.07737791496
5.552 -0.07750864868
5.554 -0.07763882611
5.556 -0.07776844326
5.558 -0.07789749374
5.56 -0.07802596925
5.562 -0.07815385967
5.564 -0.0782811555
5.566 -0.07840784296
5.568 -0.07853390745
5.57 -0.07865933313
5.572 -0.07878410425
5.574 -0.0789082044
5.576 -0.07903161718
5.578 -0.07915432394
5.58 -0.07927630932
5.582 -0.07939745414
5.584 -0.07951800443
5.586 -0.07963784249
5.588 -0.07975695561
5.59 -0.07987531961
5.592 -0.07999291489
5.594 -0.08010972496
5.596 -0.08022573588
5.598 -0.08034093651
5.6 -0.08045531826
5.602 -0.0805688751
5.604 -0.08068160334
5.606 -0.08079350162
5.608 -0.08090457081
5.61 -0.08101481388
5.612 -0.08112423574
5.614 -0.08123284318
5.616 -0.08134064469
5.618 -0.08144764922
5.62 -0.0815538692
5.622 -0.08165931756
5.624 -0.08176400895
5.626 -0.08186795853
5.628 -0.08197118267
5.63 -0.08207369837
5.632 -0.08217552341
5.634 -0.0822766761
5.636 -0.08237717522
5.638 -0.08247703997
5.64 -0.08257628984
5.642 -0.08267494422
5.644 -0.08277302256
5.646 -0.08287054419
5.648 -0.08296752825
5.65 -0.08306399475
5.652 -0.08315996109
5.654 -0.08325544548
5.656 -0.08335046512
5.658 -0.08344503745
5.66 -0.08353917538
5.662 -0.08363288665
5.664 -0.08372618698
5.666 -0.08381909025
5.668 -0.08391161041
5.67 -0.08400376131
5.672 -0.08409555665
5.674 -0.08418700995
5.676 -0.08427813444
5.678 -0.08436894307
5.68 -0.08445944844
5.682 -0.08454966281
5.684 -0.08463959818
5.686 -0.08472926634
5.688 -0.08481867881
5.69 -0.08490784693
5.692 -0.08499678184
5.694 -0.0850854946
5.696 -0.08517399616
5.698 -0.08526229736
5.7 -0.08535040906
5.702 -0.08543834271
5.704 -0.08552610927
5.706 -0.08561371956
5.708 -0.08570118471
5.71 -0.08578851601
5.712 -0.08587572489
5.714 -0.08596282309
5.716 -0.08604982243
5.718 -0.08613673224
5.72 -0.08622356696
5.722 -0.08631033911
5.724 -0.08639706158
5.726 -0.08648374763
5.728 -0.08657041089
5.73 -0.08665706526
5.732 -0.08674372722
5.734 -0.08683040896
5.736 -0.08691712524
5.738 -0.08700389108
5.74 -0.0870907217
5.742 -0.08717763255
5.744 -0.08726463932
5.746 -0.08735175788
5.748 -0.08743900426
5.75 -0.08752639464
5.752 -0.08761394538
5.754 -0.08770167468
5.756 -0.0877896017
5.758 -0.08787774293
5.76 -0.0879661152
5.762 -0.08805474219
5.764 -0.0881436417
5.766 -0.08823282623
5.768 -0.08832231041
5.77 -0.08841210921
5.772 -0.08850223742
5.774 -0.08859270968
5.776 -0.08868354037
5.778 -0.08877474367
5.78 -0.08886633347
5.782 -0.08895832359
5.784 -0.08905072727
5.786 -0.08914355747
5.788 -0.08923682697
5.79 -0.08933054825
5.792 -0.08942473353
5.794 -0.08951939484
5.796 -0.08961454391
5.798 -0.08971019224
5.8 -0.08980635101
5.802 -0.08990303122
5.804 -0.09000024353
5.806 -0.09009799837
5.808 -0.09019630596
5.81 -0.09029517633
5.812 -0.09039461988
5.814 -0.09049464697
5.816 -0.09059526669
5.818 -0.0906964882
5.82 -0.09079832042
5.822 -0.09090077222
5.824 -0.09100391074
5.826 -0.09110759291
5.828 -0.09121276434
5.83 -0.09131857014
5.832 -0.09142503492
5.834 -0.09153216204
5.836 -0.09163996184
5.838 -0.09174844136
5.84 -0.09185760857
5.842 -0.09196747072
5.844 -0.09207803473
5.846 -0.09218930733
5.848 -0.09230129546
5.85 -0.09241400586
5.852 -0.09252744501
5.854 -0.09264161919
5.856 -0.09275653443
5.858 -0.09287219661
5.86 -0.09298861124
5.862 -0.09310577811
5.864 -0.09322370566
5.866 -0.09334239919
5.868 -0.09346186396
5.87 -0.09358210498
5.872 -0.09370312708
5.874 -0.09382493479
5.876 -0.09394753166
5.878 -0.09407092221
5.88 -0.09419511051
5.882 -0.09432009985
5.884 -0.09444589467
5.886 -0.09457249892
5.888 -0.09469991504
5.89 -0.09482814558
5.892 -0.09495719279
5.894 -0.09508705873
5.896 -0.09521774525
5.898 -0.0953492539
5.9 -0.09548158611
5.902 -0.0956147431
5.904 -0.09574872583
5.906 -0.09588353521
5.908 -0.09601917187
5.91 -0.09615563627
5.912 -0.09629292873
5.914 -0.09643104926
5.916 -0.09656999769
5.918 -0.09670977376
5.92 -0.09685037854
5.922 -0.09699180984
5.924 -0.09713406821
5.926 -0.09727715328
5.928 -0.09742106292
5.93 -0.09756579541
5.932 -0.09771134867
5.934 -0.09785772096
5.936 -0.09800491
5.938 -0.09815291319
5.94 -0.09830172779
5.942 -0.0984513509
5.944 -0.09860177943
5.946 -0.0987530235
5.948 -0.09890507863
5.95 -0.09905793793
5.952 -0.09921159409
5.954 -0.09936604292
5.956 -0.09952126495
5.958 -0.09967725619
5.96 -0.09983401427
5.962 -0.09999153708
5.964 -0.1001498189
5.966 -0.1003088555
5.968 -0.100468641
5.97 -0.1006291702
5.972 -0.1007904369
5.974 -0.1009524348
5.976 -0.101115157
5.978 -0.1012785972
5.98 -0.1014427487
5.982 -0.1016076052
5.984 -0.1017731594
5.986 -0.1019394036
5.988 -0.1021063318
5.99 -0.1022739334
5.992 -0.1024422007
5.994 -0.1026111256
5.996 -0.1027806998
5.998 -0.1029509145
6 -0.1031217611
6.002 -0.1032932304
6.004 -0.1034653116
6.006 -0.1036379971
6.008 -0.1038112775
6.01 -0.1039851432
6.012 -0.1041595843
6.014 -0.1043346044
6.016 -0.1045102053
6.018 -0.1046863719
6.02 -0.1048630937
6.022 -0.1050403601
6.024 -0.1052181572
6.026 -0.1053964691
6.028 -0.1055752877
6.03 -0.1057546019
6.032 -0.1059344045
6.034 -0.1061146811
6.036 -0.1062954178
6.038 -0.1064766023
6.04 -0.1066582218
6.042 -0.1068402628
6.044 -0.1070227123
6.046 -0.1072055569
6.048 -0.1073887833
6.05 -0.1075723791
6.052 -0.107756331
6.054 -0.1079403171
6.056 -0.1081240889
6.058 -0.1083076417
6.06 -0.1084909689
6.062 -0.1086740649
6.064 -0.108856924
6.066 -0.1090395414
6.068 -0.1092219123
6.07 -0.1094040325
6.072 -0.1095858982
6.074 -0.109767506
6.076 -0.1099488527
6.078 -0.1101299372
6.08 -0.1103107582
6.082 -0.1104913091
6.084 -0.1106715874
6.086 -0.11085159
6.088 -0.1110313136
6.09 -0.1112107557
6.092 -0.1113899131
6.094 -0.1115687821
6.096 -0.1117473588
6.098 -0.1119256388
6.1 -0.1121036169
6.102 -0.1122812884
6.104 -0.1124586474
6.106 -0.1126356865
6.108 -0.1128123979
6.11 -0.1129887749
6.112 -0.1131648096
6.114 -0.1133404937
6.116 -0.1135158182
6.118 -0.1136907737
6.12 -0.1138653505
6.122 -0.1140395382
6.124 -0.1142133262
6.126 -0.1143867034
6.128 -0.1145596585
6.13 -0.1147321796
6.132 -0.1149042517
6.134 -0.1150758604
6.136 -0.1152469989
6.138 -0.1154176543
6.14 -0.1155878115
6.142 -0.1157574571
6.144 -0.1159265775
6.146 -0.1160951601
6.148 -0.1162631918
6.15 -0.11643066
6.152 -0.1165975524
6.154 -0.1167638572
6.156 -0.1169295629
6.158 -0.1170946581
6.16 -0.1172591319
6.162 -0.1174229738
6.164 -0.1175858556
6.166 -0.1177480537
6.168 -0.1179099249
6.17 -0.1180711679
6.172 -0.1182317427
6.174 -0.1183916245
6.176 -0.1185508032
6.178 -0.1187092746
6.18 -0.1188670345
6.182 -0.1190240779
6.184 -0.1191803928
6.186 -0.1193359676
6.188 -0.1194907995
6.19 -0.1196448862
6.192 -0.1197982236
6.194 -0.1199508052
6.196 -0.1201026213
6.198 -0.1202536663
6.2 -0.1204039358
6.202 -0.1205534264
6.204 -0.1207021358
6.206 -0.1208500621
6.208 -0.1209972043
6.21 -0.121143562
6.212 -0.1212891353
6.214 -0.1214339246
6.216 -0.1215779306
6.218 -0.1217211543
6.22 -0.1218635968
6.222 -0.1220052582
6.224 -0.1221461494
6.226 -0.1222862623
6.228 -0.1224255988
6.23 -0.1225641604
6.232 -0.1227019521
6.234 -0.1228389721
6.236 -0.1229752215
6.238 -0.1231107018
6.24 -0.1232454147
6.242 -0.1233793582
6.244 -0.1235125372
6.246 -0.1236449528
6.248 -0.123776606
6.25 -0.123907498
6.252 -0.1240376298
6.254 -0.1241670026
6.256 -0.1242956175
6.258 -0.1244234759
6.26 -0.1245505786
6.262 -0.1246769259
6.264 -0.1248025188
6.266 -0.1249273586
6.268 -0.1250514466
6.27 -0.1251747847
6.272 -0.1252973746
6.274 -0.1254192185
6.276 -0.125540319
6.278 -0.1256606781
6.28 -0.1257803004
6.282 -0.125899188
6.284 -0.1260173445
6.286 -0.1261347731
6.288 -0.1262514779
6.29 -0.126367462
6.292 -0.1264827316
6.294 -0.1265972917
6.296 -0.126711148
6.298 -0.1268243059
6.3 -0.1269367707
6.302 -0.1270485483
6.304 -0.1271596448
6.306 -0.1272700667
6.308 -0.1273798206
6.31 -0.1274889134
6.312 -0.1275973518
6.314 -0.1277051426
6.316 -0.1278122917
6.318 -0.1279188258
6.32 -0.1280247429
6.322 -0.1281300559
6.324 -0.1282347688
6.326 -0.1283388921
6.328 -0.1284424095
6.33 -0.1285453522
6.332 -0.1286477127
6.334 -0.1287495035
6.336 -0.128850733
6.338 -0.1289514123
6.34 -0.1290515513
6.342 -0.1291511607
6.344 -0.129250251
6.346 -0.1293488328
6.348 -0.1294469358
6.35 -0.1295445567
6.352 -0.1296417003
6.354 -0.129738374
6.356 -0.1298345942
6.358 -0.129930371
6.36 -0.1300256956
6.362 -0.1301205983
6.364 -0.1302150899
6.366 -0.1303091818
6.368 -0.1304028848
6.37 -0.1304962102
6.372 -0.1305891695
6.374 -0.1306817743
6.376 -0.1307740356
6.378 -0.1308659654
6.38 -0.1309575752
6.382 -0.1310488762
6.384 -0.1311398803
6.386 -0.1312305996
6.388 -0.1313210431
6.39 -0.1314112259
6.392 -0.1315011602
6.394 -0.1315908598
6.396 -0.1316803541
6.398 -0.1317696553
6.4 -0.131858779
6.402 -0.1319477344
6.404 -0.1320365339
6.406 -0.13212519
6.408 -0.1322137152
6.41 -0.1323021222
6.412 -0.1323904236
6.414 -0.1324786394
6.416 -0.1325667732
6.418 -0.1326548254
6.42 -0.1327428144
6.422 -0.1328307528
6.424 -0.1329186534
6.426 -0.1330065293
6.428 -0.1330943921
6.43 -0.1331822544
6.432 -0.1332701292
6.434 -0.1333580296
6.436 -0.1334459685
6.438 -0.1335339484
6.44 -0.1336219929
6.442 -0.1337101149
6.444 -0.1337983272
6.446 -0.1338866423
6.448 -0.1339750728
6.45 -0.1340636422
6.452 -0.134152352
6.454 -0.1342412149
6.456 -0.1343302441
6.458 -0.1344194516
6.46 -0.1345088576
6.462 -0.134598465
6.464 -0.1346882766
6.466 -0.1347783507
6.468 -0.1348687016
6.47 -0.1349593194
6.472 -0.1350502089
6.474 -0.1351413791
6.476 -0.1352328379
6.478 -0.1353245962
6.48 -0.1354166655
6.482 -0.1355090568
6.484 -0.1356017815
6.486 -0.1356948496
6.488 -0.1357882714
6.49 -0.135882057
6.492 -0.1359762155
6.494 -0.1360707553
6.496 -0.1361656847
6.498 -0.1362610117
6.5 -0.1363567442
6.502 -0.1364528989
6.504 -0.1365494825
6.506 -0.1366464957
6.508 -0.1367439427
6.51 -0.136841826
6.512 -0.1369401482
6.514 -0.1370389126
6.516 -0.1371381223
6.518 -0.1372377785
6.52 -0.1373378769
6.522 -0.1374384222
6.524 -0.1375394169
6.526 -0.1376408642
6.528 -0.1377427672
6.53 -0.137845129
6.532 -0.1379479529
6.534 -0.1380512419
6.536 -0.1381549992
6.538 -0.1382592281
6.54 -0.1383639317
6.542 -0.1384691132
6.544 -0.1385747743
6.546 -0.1386809169
6.548 -0.1387875442
6.55 -0.1388946591
6.552 -0.1390022644
6.554 -0.1391103631
6.556 -0.1392189411
6.558 -0.139327997
6.56 -0.1394375491
6.562 -0.1395476021
6.564 -0.1396581443
6.566 -0.1397691798
6.568 -0.1398807202
6.57 -0.1399927687
6.572 -0.1401053278
6.574 -0.1402184028
6.576 -0.1403320042
6.578 -0.140446121
6.58 -0.1405607538
6.582 -0.1406759097
6.584 -0.1407915797
6.586 -0.1409077705
6.588 -0.1410244789
6.59 -0.1411417038
6.592 -0.1412594444
6.594 -0.1413776988
6.596 -0.141496465
6.598 -0.1416157461
6.6 -0.1417355428
6.602 -0.1418558485
6.604 -0.1419766586
6.606 -0.1420979687
6.608 -0.142219776
6.61 -0.1423420769
6.612 -0.142464807
6.614 -0.1425879607
6.616 -0.1427115331
6.618 -0.1428355236
6.62 -0.1429599677
6.622 -0.1430848583
6.624 -0.1432101894
6.626 -0.143335954
6.628 -0.143462145
6.63 -0.1436031031
6.632 -0.143746972
6.634 -0.1438918405
6.636 -0.1440376321
6.638 -0.144184029
6.64 -0.1443307931
6.642 -0.1444777147
6.644 -0.1446246129
6.646 -0.1447713332
6.648 -0.1449177455
6.65 -0.145063741
6.652 -0.1452092254
6.654 -0.1453538819
6.656 -0.1454978225
6.658 -0.1456410687
6.66 -0.1457835923
6.662 -0.145925391
6.664 -0.1460664685
6.666 -0.1462068404
6.668 -0.1463465282
6.67 -0.1464855627
6.672 -0.1466239833
6.674 -0.1467618347
6.676 -0.1468991666
6.678 -0.1470360334
6.68 -0.1471724925
6.682 -0.1473086042
6.684 -0.1474444302
6.686 -0.147580033
6.688 -0.1477154757
6.69 -0.1478508202
6.692 -0.1479861274
6.694 -0.1481214566
6.696 -0.1482568641
6.698 -0.1483924035
6.7 -0.1485281248
6.702 -0.1486640739
6.704 -0.1488002928
6.706 -0.1489368184
6.708 -0.149073683
6.71 -0.1492109137
6.712 -0.1493484445
6.714 -0.1494864383
6.716 -0.1496248698
6.718 -0.1497637246
6.72 -0.1499030037
6.722 -0.1500427038
6.724 -0.1501828166
6.726 -0.1503235905
6.728 -0.1504648452
6.73 -0.1506064882
6.732 -0.1507485014
6.734 -0.1508908457
6.736 -0.1510334674
6.738 -0.151176351
6.74 -0.1513194393
6.742 -0.151462709
6.744 -0.151606109
6.746 -0.1517495957
6.748 -0.151893125
6.75 -0.1520366549
6.752 -0.1521800752
6.754 -0.1523234086
6.756 -0.1524666115
6.758 -0.1526096424
6.76 -0.15275246
6.762 -0.1528950248
6.764 -0.1530372987
6.766 -0.1531792452
6.768 -0.1533208309
6.77 -0.1534620227
6.772 -0.1536027895
6.774 -0.1537431122
6.776 -0.153882964
6.778 -0.1540223022
6.78 -0.1541611058
6.782 -0.154299365
6.784 -0.1544370621
6.786 -0.1545741821
6.788 -0.1547107032
6.79 -0.1548466161
6.792 -0.1549819169
6.794 -0.1551165987
6.796 -0.1552506547
6.798 -0.1553840793
6.8 -0.1555168673
6.802 -0.1556490142
6.804 -0.1557805151
6.806 -0.1559113739
6.808 -0.1560415848
6.81 -0.1561711409
6.812 -0.1563000369
6.814 -0.1564282682
6.816 -0.1565558306
6.818 -0.1566827198
6.82 -0.156808932
6.822 -0.1569345246
6.824 -0.1570593868
6.826 -0.1571835866
6.828 -0.1573068105
6.83 -0.1574296009
6.832 -0.1575516914
6.834 -0.1576730513
6.836 -0.1577936866
6.838 -0.1579135832
6.84 -0.157890026
6.842 -0.1578710028
6.844 -0.1578537191
6.846 -0.1578390966
6.848 -0.1578267476
6.85 -0.1578168295
6.852 -0.1578094796
6.854 -0.1578044124
6.856 -0.1578017513
6.858 -0.1578015458
6.86 -0.1578037969
6.862 -0.1578085163
6.864 -0.1578157173
6.866 -0.1578253973
6.868 -0.157837433
6.87 -0.1578519299
6.872 -0.1578688772
6.874 -0.1578883803
6.876 -0.1579103039
6.878 -0.1579346256
6.88 -0.1579613207
6.882 -0.1579903602
6.884 -0.1580217113
6.886 -0.158055338
6.888 -0.158091199
6.89 -0.1581292477
6.892 -0.1581694331
6.894 -0.1582117074
6.896 -0.1582560047
6.898 -0.158302247
6.9 -0.1583503516
6.902 -0.1584002378
6.904 -0.1584518184
6.906 -0.1585049993
6.908 -0.1585596785
6.91 -0.1586157483
6.912 -0.1586730963
6.914 -0.158791536
6.916 -0.1589250689
6.918 -0.1590740968
6.92 -0.1592323315
6.922 -0.1593955983
6.924 -0.1595602631
6.926 -0.1597233389
6.928 -0.1598823638
6.93 -0.160035323
6.932 -0.1601805831
6.934 -0.1603168418
6.936 -0.1604430783
6.938 -0.1605585123
6.94 -0.1606625715
6.942 -0.1607548638
6.944 -0.1608351567
6.946 -0.1609033492
6.948 -0.1609594572
6.95 -0.1610036081
6.952 -0.1610360098
6.954 -0.1610569488
6.956 -0.161066805
6.958 -0.1610657594
6.96 -0.1610540713
6.962 -0.1610322562
6.964 -0.1610008528
6.966 -0.1609604203
6.968 -0.160911529
6.97 -0.1608547541
6.972 -0.1607905323
6.974 -0.1607193569
6.976 -0.1606417968
6.978 -0.1605583959
6.98 -0.1604697189
6.982 -0.1603762948
6.984 -0.1602786417
6.986 -0.1601772309
6.988 -0.160072499
6.99 -0.1599648763
6.992 -0.1598526784
6.994 -0.1597399545
6.996 -0.1596253134
6.998 -0.1595093277
7 -0.1593921516
7.002 -0.1592739856
7.004 -0.1591549813
7.006 -0.1590352622
7.008 -0.1589151971
7.01 -0.1587944933
7.012 -0.1586732479
7.014 -0.1585514231
7.016 -0.1584290791
7.018 -0.1583064389
7.02 -0.1581817955
7.022 -0.1580558468
7.024 -0.1579289139
7.026 -0.1578008854
7.028 -0.1576716323
7.03 -0.1575410151
7.032 -0.1574089731
7.034 -0.1572750683
7.036 -0.1571392358
7.038 -0.1570012789
7.04 -0.156861013
7.042 -0.1567182406
7.044 -0.1565727623
7.046 -0.1564243799
7.048 -0.1562728971
7.05 -0.1561181219
7.052 -0.1559598488
7.054 -0.1557978962
7.056 -0.1556320005
7.058 -0.1554622201
7.06 -0.1552882818
7.062 -0.1551100573
7.064 -0.1549274093
7.066 -0.154740218
7.068 -0.1545484011
7.07 -0.154351883
7.072 -0.1541505794
7.074 -0.1539444289
7.076 -0.1535724048
7.078 -0.1531998025
7.08 -0.1528247984
7.082 -0.1524479486
7.084 -0.1520694805
7.086 -0.1516910887
7.088 -0.151311725
7.09 -0.1509316804
7.092 -0.1505512484
7.094 -0.150171319
7.096 -0.1497922417
7.098 -0.1494142007
7.1 -0.1504248447
7.102 -0.1485963921
7.104 -0.1482346483
7.106 -0.1478641304
7.108 -0.1474920024
7.11 -0.1471239112
7.112 -0.1467560667
7.114 -0.1463904897
7.116 -0.1460267493
7.118 -0.1456638407
7.12 -0.1453021093
7.122 -0.1449413909
7.124 -0.1445813744
7.126 -0.1442219636
7.128 -0.1438679969
7.13 -0.143514022
7.132 -0.1431598796
7.134 -0.1428052465
7.136 -0.1424495006
7.138 -0.1420924163
7.14 -0.141733877
7.142 -0.1413746236
7.144 -0.1410131061
7.146 -0.1420929088
7.148 -0.14021182
7.15 -0.1398538559
7.152 -0.1394821893
7.154 -0.1405580446
7.156 -0.1386544566
7.158 -0.1382804022
7.16 -0.1378924223
7.162 -0.1375006769
7.164 -0.1371012851
7.166 -0.1366950136
7.168 -0.137755651
7.17 -0.1357973184
7.172 -0.1353872744
7.174 -0.1364393873
7.176 -0.1344571565
7.178 -0.1340281015
7.18 -0.1350679654
7.182 -0.133057499
7.184 -0.1326098625
7.186 -0.1336413656
7.188 -0.1316031268
7.19 -0.1326325262
7.192 -0.1305885833
7.194 -0.1301106961
7.196 -0.131129629
7.198 -0.1290567798
7.2 -0.1300808448
7.202 -0.1280069216
7.204 -0.1275161342
7.206 -0.1285421017
7.208 -0.1265295026
7.21 -0.1276313223
7.212 -0.1255882988
7.214 -0.1266630428
7.216 -0.1245941896
7.218 -0.1256475858
7.22 -0.1235522842
7.222 -0.1245881262
7.224 -0.1224667058
7.226 -0.1234880106
7.228 -0.1213413329
7.23 -0.1223507715
7.232 -0.1201799441
7.234 -0.1211799885
7.236 -0.1189864271
7.238 -0.1199797436
7.24 -0.1192921794
7.242 -0.1186478044
7.244 -0.1180003083
7.246 -0.1158245184
7.248 -0.1168264404
7.25 -0.116141091
7.252 -0.115572368
7.254 -0.1149374066
7.256 -0.1127627006
7.258 -0.1137975127
7.26 -0.1131316903
7.262 -0.1125812172
7.264 -0.1119669357
7.266 -0.1113544614
7.268 -0.1108171
7.27 -0.1102206946
7.272 -0.1096285064
7.274 -0.110670615
7.276 -0.1084753892
7.278 -0.107938562
7.28 -0.1088647478
7.282 -0.1066621204
7.284 -0.1061354303
7.286 -0.1055668209
7.288 -0.1065739429
7.29 -0.1043732075
7.292 -0.1038527866
7.294 -0.1032232235
7.296 -0.1042486958
7.298 -0.1036381296
7.3 -0.1014809911
7.302 -0.1009770469
7.304 -0.1019592004
7.306 -0.1014289632
7.308 -0.10093778
7.31 -0.100446872
7.312 -0.09827866339
7.314 -0.09938825321
7.316 -0.09885963129
7.318 -0.09837629155
7.32 -0.09782889271
7.322 -0.09727059503
7.324 -0.09671872339
7.326 -0.09617078338
7.328 -0.09725814207
7.33 -0.09504137532
7.332 -0.09456854028
7.334 -0.0941391796
7.336 -0.09364641496
7.338 -0.09317133555
7.34 -0.09270882316
7.342 -0.09226290605
7.344 -0.09183272454
7.346 -0.09141984934
7.348 -0.09102452493
7.35 -0.09230598922
7.352 -0.09189146511
7.354 -0.09154345059
7.356 -0.09114626297
7.358 -0.0907719456
7.36 -0.09042409109
7.362 -0.09010054093
7.364 -0.08980230903
7.366 -0.08967997264
7.368 -0.08961841575
7.37 -0.08961183997
7.372 -0.0896469302
7.374 -0.08971230333
7.376 -0.08980019916
7.378 -0.08990423753
7.38 -0.09001894345
7.382 -0.0901404284
7.384 -0.09026693817
7.386 -0.09039372741
7.388 -0.09051852675
7.39 -0.0906414475
7.392 -0.0907631429
7.394 -0.09088467763
7.396 -0.09100737428
7.398 -0.09113296317
7.4 -0.09126342802
7.402 -0.09140077636
7.404 -0.09154714024
7.406 -0.09170467544
7.408 -0.09187542225
7.41 -0.0920226172
7.412 -0.09218925025
7.414 -0.09225809134
7.416 -0.09235095
7.418 -0.09246871818
7.42 -0.09261328586
7.422 -0.09280619062
7.424 -0.09302996123
7.426 -0.09328661031
7.428 -0.09357797397
7.43 -0.0939058083
7.432 -0.09427176608
7.434 -0.09467728455
7.436 -0.09512373314
7.438 -0.09561261304
7.44 -0.0961453152
7.442 -0.09684964478
7.444 -0.09757329608
7.446 -0.09845429488
7.448 -0.09936831505
7.45 -0.1003176752
7.452 -0.1013029175
7.454 -0.1023242395
7.456 -0.1033683338
7.458 -0.1044491544
7.46 -0.1055656812
7.462 -0.1066770956
7.464 -0.1078131376
7.466 -0.1089819433
7.468 -0.1101841544
7.47 -0.1118193047
7.472 -0.1136767042
7.474 -0.1157594305
7.476 -0.1179123131
7.478 -0.1202403968
7.48 -0.1227445262
7.482 -0.1254209109
7.484 -0.1282561728
7.486 -0.1310915573
7.488 -0.1341125199
7.49 -0.1374012072
7.492 -0.1406855016
7.494 -0.144091097
7.496 -0.1477425486
7.498 -0.1515136548
7.5 -0.1556855363
7.502 -0.1599967006
7.504 -0.1647110292
7.506 -0.1696944572
7.508 -0.1748184327
7.51 -0.1803449372
7.512 -0.1860063116
7.514 -0.1918329089
7.516 -0.1979010916
7.518 -0.204064838
7.52 -0.2105856532
7.522 -0.2173407447
7.524 -0.2241498784
7.526 -0.2312808007
7.528 -0.2384617203
7.53 -0.2459569227
7.532 -0.2536114715
7.534 -0.2612709629
7.536 -0.2692469309
7.538 -0.2773180927
7.54 -0.2853321933
7.542 -0.2934832154
7.544 -0.3014713725
7.546 -0.3098172804
7.548 -0.3180976217
7.55 -0.3260424504
7.552 -0.3337884156
7.554 -0.3409134567
7.556 -0.3476963923
7.558 -0.3542600077
7.56 -0.3605701324
7.562 -0.3668156634
7.564 -0.3727241829
7.566 -0.3784480443
7.568 -0.3839986174
7.57 -0.3893920536
7.572 -0.3946285426
7.574 -0.3997173964
7.576 -0.4046666361
7.578 -0.4094937799
7.58 -0.4141669212
7.582 -0.4187280845
7.584 -0.4233208278
7.586 -0.4278380636
7.588 -0.4322946235
7.59 -0.4365916675
7.592 -0.4402786759
7.594 -0.4438998789
7.596 -0.4474046195
7.598 -0.4508573677
7.6 -0.4542839564
7.602 -0.457666958
7.604 -0.4616463323
7.606 -0.4650431772
7.608 -0.4690381105
7.61 -0.4724479642
7.612 -0.4764619511
7.614 -0.4810856371
7.616 -0.4851860001
7.618 -0.4892804334
7.62 -0.4939939643
7.622 -0.4981014168
7.624 -0.5028088874
7.626 -0.5068912089
7.628 -0.510970172
7.63 -0.5143902493
7.632 -0.5177417632
7.634 -0.5216776777
7.636 -0.5249593833
7.638 -0.528127987
7.64 -0.5312347289
7.642 -0.5349186568
7.644 -0.5378061028
7.646 -0.5407311592
7.648 -0.5436031651
7.65 -0.5470534422
7.652 -0.5498285481
7.654 -0.5525356118
7.656 -0.5551789503
7.658 -0.5577873428
7.66 -0.5603515755
7.662 -0.5621964727
7.664 -0.5645870969
7.666 -0.5662899271
7.668 -0.5679027455
7.67 -0.5700898551
7.672 -0.5722496598
7.674 -0.5743490575
7.676 -0.5757498805
7.678 -0.5777317036
7.68 -0.5790324166
7.682 -0.580892741
7.684 -0.5820693127
7.686 -0.5838455222
7.688 -0.5856061527
7.69 -0.5873453582
7.692 -0.5883814002
7.694 -0.5900325612
7.696 -0.5916720551
7.698 -0.5926230787
7.7 -0.5941933844
7.702 -0.5957579092
7.704 -0.5973029559
7.706 -0.5988244538
7.708 -0.599643742
7.71 -0.6010814525
7.712 -0.6025035238
7.714 -0.6031645569
7.716 -0.6051770835
7.718 -0.6065379157
7.72 -0.6071890544
7.722 -0.6084708271
7.724 -0.6090623503
7.726 -0.6109743007
7.728 -0.6122076195
7.73 -0.612703522
7.732 -0.6138142615
7.734 -0.6148936637
7.736 -0.6159224826
7.738 -0.6168941267
7.74 -0.6178058999
7.742 -0.6179581269
7.744 -0.6187128028
7.746 -0.620110056
7.748 -0.6200687815
7.75 -0.620610342
7.752 -0.6203865282
7.754 -0.6214684951
7.756 -0.6218089763
7.758 -0.62135564
7.76 -0.6215015719
7.762 -0.6215852576
7.764 -0.6215931532
7.766 -0.6208097147
7.768 -0.6206323504
7.77 -0.6211007739
7.772 -0.6200933022
7.774 -0.6196763939
7.776 -0.6190885552
7.778 -0.6184298517
7.78 -0.6169546158
7.782 -0.6168184758
7.784 -0.6152096308
7.786 -0.6142223256
7.788 -0.6124591255
7.79 -0.6120673239
7.792 -0.6102091971
7.794 -0.6082565151
7.796 -0.6077004183
7.798 -0.6056833143
7.8 -0.6043084276
7.802 -0.6028869288
7.804 -0.6014222654
7.806 -0.5991611416
7.808 -0.5975430932
7.81 -0.5958883163
7.812 -0.5941689537
7.814 -0.5916418049
7.816 -0.5897693497
7.818 -0.5878350551
7.82 -0.5850907772
7.822 -0.5829980916
7.824 -0.5808412641
7.826 -0.5778677042
7.828 -0.5762914523
7.83 -0.5731852705
7.832 -0.5699592364
7.834 -0.5673837473
7.836 -0.5647673336
7.838 -0.5620657739
7.84 -0.5585336598
7.842 -0.5556483325
7.844 -0.5527157586
7.846 -0.5489470792
7.848 -0.5458237656
7.85 -0.5418848624
7.852 -0.5386032838
7.854 -0.5352787862
7.856 -0.5318764467
7.858 -0.5276354411
7.86 -0.5240569194
7.862 -0.5196569186
7.864 -0.5159245933
7.866 -0.5113659821
7.868 -0.5082618062
7.87 -0.5035767218
7.872 -0.4995434662
7.874 -0.494669171
7.876 -0.4904647611
7.878 -0.4854215512
7.88 -0.4810589413
7.882 -0.4757306613
7.884 -0.471118118
7.886 -0.4656978195
7.888 -0.4609914704
7.89 -0.4562638559
7.892 -0.4507190843
7.894 -0.4458843871
7.896 -0.4402624113
7.898 -0.4353602038
7.9 -0.4296478017
7.902 -0.4246570471
7.904 -0.4196418567
7.906 -0.4137965118
7.908 -0.4073434209
7.91 -0.4001573189
7.912 -0.3955067876
7.914 -0.389855463
7.916 -0.3853403967
7.918 -0.3803690128
7.92 -0.3774661213
7.922 -0.372353086
7.924 -0.3678527906
7.926 -0.3656062278
7.928 -0.3609477098
7.93 -0.3569074453
7.932 -0.3526325664
7.934 -0.3473592589
7.936 -0.3473478266
7.938 -0.3453878216
7.94 -0.3425508736
7.942 -0.3402780806
7.944 -0.3378799339
7.946 -0.3353869241
7.948 -0.3320046689
7.95 -0.3293721777
7.952 -0.3267447839
7.954 -0.324131099
7.956 -0.3207160485
7.958 -0.3181340553
7.96 -0.315624638
7.962 -0.3131869314
7.964 -0.3099921969
7.966 -0.3076746434
7.968 -0.3054312592
7.97 -0.3033592983
7.972 -0.3014251361
7.974 -0.2990899258
7.976 -0.2976575364
7.978 -0.2963649933
7.98 -0.2951909896
7.982 -0.2941228031
7.984 -0.2931542857
7.986 -0.2914274996
7.988 -0.2905832371
7.99 -0.28981593
7.992 -0.2890994891
7.994 -0.2884123736
7.996 -0.2877424383
7.998 -0.2870711767
8 -0.2863833948
8.002 -0.2856627633
8.004 -0.2848945506
8.006 -0.2832071767
8.008 -0.282271096
8.01 -0.2812736602
8.012 -0.2801948937
8.014 -0.279022491
8.016 -0.277755997
8.018 -0.2763911661
8.02 -0.2749289037
8.022 -0.2733701745
8.024 -0.2717184116
8.026 -0.26997911
8.028 -0.2681592474
8.03 -0.2662674142
8.032 -0.2643136537
8.034 -0.2623091698
8.036 -0.2602660738
8.038 -0.258197001
8.04 -0.2561150854
8.042 -0.2540337695
8.044 -0.2519663378
8.046 -0.2499262458
8.048 -0.2479268654
8.05 -0.2459814193
8.052 -0.2440844647
8.054 -0.2422708582
8.056 -0.2405512812
8.058 -0.2389381348
8.06 -0.237443692
8.062 -0.2360811528
8.064 -0.2348635311
8.066 -0.2338042984
8.068 -0.2329175953
8.07 -0.2322205979
8.072 -0.2317305858
8.074 -0.2314628624
8.076 -0.2314351366
8.078 -0.2316667504
8.08 -0.2321790017
8.082 -0.232992095
8.084 -0.2341180768
8.086 -0.2355973856
8.088 -0.2374582627
8.09 -0.2397470452
8.092 -0.2425277843
8.094 -0.246134399
8.096 -0.2504445325
8.098 -0.2555219886
8.1 -0.2614051125
8.102 -0.2681427413
8.104 -0.275775
8.106 -0.28383287
8.108 -0.2931237592
8.11 -0.3030459784
8.112 -0.3124656424
8.114 -0.3190295416
8.116 -0.3166221951
8.118 -0.3288672236
8.12 -0.1370109729
8.122 -0.1563497711
8.124 -0.1491617396
8.126 -0.09188748519
8.128 -0.08447152761
8.13 -0.02833054856
8.132 0.0009106525243
8.134 0.7609144051
8.136 1.106544028
8.138 1.495979386
8.14 1.821047647
8.142 2.076814623
8.144 2.262958492
8.146 2.457991586
8.148 2.627073916
8.15 2.764648805
8.152 2.87922475
8.154 2.975106226
8.156 3.061295533
8.158 3.140915024
8.16 3.222590701
8.162 3.316952903
8.164 3.406017886
8.166 3.492516992
8.168 3.576565572
8.17 3.6600283
8.172 3.74284324
8.174 3.841199031
8.176 3.927193563
8.178 4.005269825
8.18 4.079087451
8.182 4.149541981
8.184 4.217734722
8.186 4.283996385
8.188 4.348146216
8.19 4.409950666
8.192 4.467714284
8.194 4.519548217
8.196 4.569536774
8.198 4.617942352
8.2 4.666544829
8.202 4.719523372
8.204 4.77229708
8.206 4.826107802
8.208 4.88030194
8.21 4.933325882
8.212 4.987889779
8.214 5.04388896
8.216 5.104515795
8.218 5.167083765
8.22 5.233005991
8.222 5.301117013
8.224 5.371473326
8.226 5.449431205
8.228 5.529541857
8.23 5.613391254
8.232 5.68210859
8.234 5.709118734
8.236 5.682235151
8.238 5.651282411
8.24 5.637254026
8.242 5.625085666
8.244 5.584893944
8.246 5.923446174
8.248 5.81461735
8.25 5.278744526
8.252 5.124920778
8.254 4.772431929
8.256 4.507702251
8.258 4.388276407
8.26 4.469523695
8.262 4.605284447
8.264 4.66883619
8.266 4.63608833
8.268 4.678703328
8.27 4.256439012
8.272 4.366856845
8.274 4.551765201
8.276 4.134958454
8.278 4.497926889
8.28 4.554604469
8.282 4.782680381
8.284 5.018745424
