0.002 2.349029453e-06
0.004 7.468649005e-06
0.006 1.490702019e-05
0.008 2.395031684e-05
0.01 3.429615448e-05
0.012 4.563090097e-05
0.014 5.777776543e-05
0.016 7.058296357e-05
0.018 8.394645497e-05
0.02 9.778841708e-05
0.022 0.0001120538921
0.024 0.000126701632
0.026 0.0001417034535
0.028 0.000157039841
0.03 0.0001726986235
0.032 0.0001886728781
0.034 0.0002049598281
0.036 0.0002215596694
0.038 0.0002384747763
0.04 0.000255708978
0.042 0.0002732670131
0.044 0.0002911540636
0.046 0.0003093753932
0.048 0.0003279360479
0.05 0.0003468406247
0.052 0.000366093086
0.054 0.000385696624
0.056 0.0004056535554
0.058 0.0004259652521
0.06 0.0004466320941
0.062 0.0004676534489
0.064 0.0004890276631
0.066 0.0005107520768
0.068 0.0005328230489
0.07 0.0005552359855
0.072 0.0005779853924
0.074 0.0006010649147
0.076 0.0006243959592
0.078 0.0006480354872
0.08 0.0006720281692
0.082 0.0006963187319
0.084 0.0007208961775
0.086 0.0007457480206
0.088 0.0007708626214
0.09 0.0007962293676
0.092 0.00082183763
0.094 0.0008476762088
0.096 0.0008733367733
0.098 0.0008992444514
0.1 0.0009253801274
0.102 0.0009517195229
0.104 0.0009782449476
0.106 0.001004943091
0.108 0.001031800665
0.11 0.001058804897
0.112 0.001085943403
0.114 0.001113204203
0.116 0.001140575694
0.118 0.001168046649
0.12 0.001195606199
0.122 0.001223243834
0.124 0.001250949393
0.126 0.001278713056
0.128 0.001306525344
0.13 0.001334377042
0.132 0.001362259389
0.134 0.001390163876
0.136 0.001418082304
0.138 0.001446006773
0.14 0.001473929676
0.142 0.001501982447
0.144 0.001530024762
0.146 0.001558047025
0.148 0.001586042286
0.15 0.001614003757
0.152 0.001641924882
0.154 0.001669799385
0.156 0.001697621219
0.158 0.001725384572
0.16 0.001753083848
0.162 0.001780713659
0.164 0.001808268814
0.166 0.001835744308
0.168 0.001863135314
0.17 0.001890437174
0.172 0.001917645392
0.174 0.001944755627
0.176 0.001971763686
0.178 0.001998720499
0.18 0.002025566948
0.182 0.00205229984
0.184 0.002078915503
0.186 0.002105410438
0.188 0.00213178125
0.19 0.002158024662
0.192 0.002184137506
0.194 0.002210116729
0.196 0.002235959391
0.198 0.00226159736
0.2 0.002287159948
0.202 0.002312509626
0.204 0.002337712542
0.206 0.002362835353
0.208 0.002387734784
0.21 0.002412480845
0.212 0.002437070786
0.214 0.002461502881
0.216 0.002485775467
0.218 0.002509887039
0.22 0.002533836249
0.222 0.002557621899
0.224 0.00258124295
0.226 0.002604698519
0.228 0.002627987866
0.23 0.00265111042
0.232 0.002674065751
0.234 0.00269685359
0.236 0.002719473816
0.238 0.002741926511
0.24 0.002764211802
0.242 0.00278632999
0.244 0.002808281532
0.246 0.002830067037
0.248 0.002851687245
0.25 0.002873143027
0.252 0.002894435383
0.254 0.002915565436
0.256 0.00293653443
0.258 0.002957343725
0.26 0.002977994807
0.262 0.002998489212
0.264 0.003018828637
0.266 0.00303901484
0.268 0.003059049683
0.27 0.003078935108
0.272 0.003098267433
0.274 0.003117438386
0.276 0.003136459258
0.278 0.003155333413
0.28 0.003174064754
0.282 0.003192657096
0.284 0.003211114163
0.286 0.003229439629
0.288 0.003247637092
0.29 0.003265710089
0.292 0.003283662091
0.294 0.0033014965
0.296 0.003319216605
0.298 0.003336825713
0.3 0.003354327034
0.302 0.003371723696
0.304 0.003389018738
0.306 0.003406215134
0.308 0.00342331579
0.31 0.003440323514
0.312 0.003457241041
0.314 0.003474071058
0.316 0.00349081613
0.318 0.003507478754
0.32 0.003524061356
0.322 0.003540566293
0.324 0.003556995839
0.326 0.003573352195
0.328 0.003589637486
0.33 0.00360585613
0.332 0.003622005404
0.334 0.00363808903
0.336 0.003656670192
0.338 0.003675003642
0.34 0.00369319068
0.342 0.003711100364
0.344 0.003728847619
0.346 0.003746456488
0.348 0.00376393532
0.35 0.003781314033
0.352 0.003798609186
0.354 0.003815823117
0.356 0.003832955429
0.358 0.003850851122
0.36 0.003868718268
0.362 0.00388596772
0.364 0.003903127959
0.366 0.003920213911
0.368 0.003937224472
0.37 0.003954159625
0.372 0.003971019569
0.374 0.003987804611
0.376 0.004004515262
0.378 0.004021151679
0.38 0.004037715172
0.382 0.004054206707
0.384 0.004070627398
0.386 0.004086978491
0.388 0.004103261359
0.39 0.004119477492
0.392 0.004135628464
0.394 0.004151715949
0.396 0.004167741707
0.398 0.004183707555
0.4 0.004199619431
0.402 0.004215483497
0.404 0.004231296121
0.406 0.004247053404
0.408 0.004262756383
0.41 0.004278420314
0.412 0.004294058954
0.414 0.004309671245
0.416 0.004325256316
0.418 0.00434081328
0.42 0.004356341335
0.422 0.004371842662
0.424 0.004387319257
0.426 0.00440277099
0.428 0.004418197545
0.43 0.004433598591
0.432 0.004448973664
0.434 0.004464322217
0.436 0.00447963586
0.438 0.00449490327
0.44 0.004510121248
0.442 0.004525283653
0.444 0.004540395065
0.446 0.004555457949
0.448 0.004570459223
0.45 0.004585395848
0.452 0.004600263728
0.454 0.004615060231
0.456 0.004629782463
0.458 0.004644428177
0.46 0.004658995302
0.462 0.004673482188
0.464 0.004687887461
0.466 0.004702210081
0.468 0.004716449289
0.47 0.004730604618
0.472 0.004744675859
0.474 0.004758663056
0.476 0.004772566483
0.478 0.004786386635
0.48 0.0048001242
0.482 0.004813780043
0.484 0.004827355193
0.486 0.004840850814
0.488 0.004854268192
0.49 0.004867608774
0.492 0.004880873912
0.494 0.004894065212
0.496 0.004907184229
0.498 0.004920232548
0.5 0.004933211687
0.502 0.004946123052
0.504 0.004958969779
0.506 0.004971751874
0.508 0.004984472856
0.51 0.004997134372
0.512 0.00500973883
0.514 0.005022287985
0.516 0.00503478367
0.518 0.005047227419
0.52 0.005059620665
0.522 0.005071964642
0.524 0.00508426044
0.526 0.00509650898
0.528 0.005108711034
0.53 0.005120867226
0.532 0.00513297804
0.534 0.005145043823
0.536 0.005157064795
0.538 0.005169041058
0.54 0.005180972584
0.542 0.005192859304
0.544 0.005204700993
0.546 0.005216497383
0.548 0.005228248116
0.55 0.005239952783
0.552 0.005251619335
0.554 0.005263252124
0.556 0.005274851359
0.558 0.005286415428
0.56 0.00529794473
0.562 0.005309438178
0.564 0.00532089549
0.566 0.005332315206
0.568 0.005343696695
0.57 0.005355038539
0.572 0.00536633975
0.574 0.005377599414
0.576 0.005388815799
0.578 0.005399988104
0.58 0.00541111504
0.582 0.005422195627
0.584 0.005433228794
0.586 0.005444213602
0.588 0.005455149142
0.59 0.005466034607
0.592 0.005476869265
0.594 0.005487652491
0.596 0.005498383751
0.598 0.005509062618
0.6 0.005519688775
0.602 0.005530262018
0.604 0.00554078226
0.606 0.005551249521
0.608 0.005561663944
0.61 0.00557202579
0.612 0.005582335425
0.614 0.005592593335
0.616 0.00560280012
0.618 0.00561295649
0.62 0.005623063258
0.622 0.005633121336
0.624 0.005643131738
0.626 0.005653095569
0.628 0.005663014022
0.63 0.005672888608
0.632 0.005682720691
0.634 0.005692511558
0.636 0.00570226263
0.638 0.005711975406
0.64 0.005721651439
0.642 0.005731300739
0.644 0.005740916613
0.646 0.005750500685
0.648 0.005760054637
0.65 0.005769580161
0.652 0.005779078954
0.654 0.005788552716
0.656 0.005798003141
0.658 0.005807431907
0.66 0.005816840672
0.662 0.005826231066
0.664 0.005835604672
0.666 0.005844963072
0.668 0.005854307512
0.67 0.00586363947
0.672 0.005872960501
0.674 0.005882272031
0.676 0.005891575407
0.678 0.005900871912
0.68 0.005910162756
0.682 0.005919449084
0.684 0.005928731967
0.686 0.005938012406
0.688 0.00594729133
0.69 0.005956569603
0.692 0.005965848011
0.694 0.005975127271
0.696 0.005984408034
0.698 0.005993690884
0.7 0.00600297634
0.702 0.006012264856
0.704 0.006021556822
0.706 0.006030852577
0.708 0.006040152382
0.71 0.006049456447
0.712 0.00605876493
0.714 0.00606807794
0.716 0.006077395536
0.718 0.006086717732
0.72 0.006096044493
0.722 0.006105375743
0.724 0.006114711364
0.726 0.006124051209
0.728 0.006133395091
0.73 0.006142742796
0.732 0.006152094076
0.734 0.006161446117
0.736 0.006170801175
0.738 0.006180158911
0.74 0.006189519023
0.742 0.006198881139
0.744 0.006208244921
0.746 0.006217609701
0.748 0.006226975396
0.75 0.006236341539
0.752 0.006245707806
0.754 0.006255073214
0.756 0.006264437971
0.758 0.00627380235
0.76 0.006283165029
0.762 0.006292527068
0.764 0.006301885711
0.766 0.006311241955
0.768 0.006320594757
0.77 0.006329944105
0.772 0.006339415866
0.774 0.00634889435
0.776 0.006358388225
0.778 0.006367886053
0.78 0.006377383241
0.782 0.006386875485
0.784 0.006396360046
0.786 0.006405833951
0.788 0.006415297254
0.79 0.006424748981
0.792 0.006434189656
0.794 0.006443619331
0.796 0.006453037898
0.798 0.00646244631
0.8 0.006471845052
0.802 0.006481235028
0.804 0.006490616984
0.806 0.006499991791
0.808 0.006509360258
0.81 0.00651872322
0.812 0.006528081466
0.814 0.006537435763
0.816 0.00654678684
0.818 0.006556135395
0.82 0.006565482086
0.822 0.006574816778
0.824 0.006584150781
0.826 0.006593484705
0.828 0.006602819087
0.83 0.006612154439
0.832 0.006621491248
0.834 0.006630829993
0.836 0.0066401739
0.838 0.006649520626
0.84 0.006658870586
0.842 0.006668224188
0.844 0.006677573145
0.846 0.006686913121
0.848 0.006696243886
0.85 0.006705566179
0.852 0.006714880171
0.854 0.006724186474
0.856 0.006733485599
0.858 0.006742778242
0.86 0.006752065126
0.862 0.006761347076
0.864 0.006770624967
0.866 0.006779899734
0.868 0.00678917237
0.87 0.006798443918
0.872 0.006807715551
0.874 0.006816988421
0.876 0.006826263682
0.878 0.006835542542
0.88 0.006844826269
0.882 0.006854116143
0.884 0.006863413491
0.886 0.006872719678
0.888 0.006882036102
0.89 0.006891364184
0.892 0.006900705363
0.894 0.006910061096
0.896 0.006919432852
0.898 0.006928822112
0.9 0.006938230357
0.902 0.006947659066
0.904 0.006957109711
0.906 0.006966583762
0.908 0.006976082678
0.91 0.006985607913
0.912 0.006995160905
0.914 0.007004743056
0.916 0.007014355746
0.918 0.007024000456
0.92 0.007033678768
0.922 0.007043392232
0.924 0.007053142353
0.926 0.007062930596
0.928 0.007072758394
0.93 0.007082627071
0.932 0.007092537897
0.934 0.007102492094
0.936 0.007112490807
0.938 0.007122535054
0.94 0.007132625763
0.942 0.007142763871
0.944 0.007152950252
0.946 0.007163185686
0.948 0.007173471012
0.95 0.007183806911
0.952 0.007194194007
0.954 0.007204632706
0.956 0.007215123351
0.958 0.007225666249
0.96 0.007236261655
0.962 0.007246909794
0.964 0.007257610844
0.966 0.00726836494
0.968 0.007279172244
0.97 0.007290032898
0.972 0.007300947026
0.974 0.007311914526
0.976 0.007322935236
0.978 0.007334009235
0.98 0.007345136588
0.982 0.007356317365
0.984 0.007367551626
0.986 0.007378839436
0.988 0.007390180858
0.99 0.007401575954
0.992 0.007413024788
0.994 0.007424527428
0.996 0.007436083948
0.998 0.007447694421
1 0.007459358931
1.002 0.007471077566
1.004 0.007482850421
1.006 0.0074946776
1.008 0.007506559212
1.01 0.007518495608
1.012 0.007530487199
1.014 0.00754253413
1.016 0.007554636558
1.018 0.007566794639
1.02 0.007579008535
1.022 0.007591278422
1.024 0.007603604467
1.026 0.007615987
1.028 0.007628426238
1.03 0.00764092241
1.032 0.007653475735
1.034 0.007666086465
1.036 0.007678754835
1.038 0.007691481046
1.04 0.007704265369
1.042 0.007717108051
1.044 0.007730009336
1.046 0.007742969444
1.048 0.007755988678
1.05 0.007769067389
1.052 0.007782205861
1.054 0.007795404322
1.056 0.00780866298
1.058 0.007821982096
1.06 0.007835361918
1.062 0.007848802676
1.064 0.007862304583
1.066 0.00787586786
1.068 0.007889492719
1.07 0.007903179372
1.072 0.007916928
1.074 0.007930738775
1.076 0.007944611873
1.078 0.007958547541
1.08 0.007972546269
1.082 0.007986608696
1.084 0.008000735412
1.086 0.008014926964
1.088 0.008029183889
1.09 0.008043506621
1.092 0.00805789557
1.094 0.008072351118
1.096 0.008086873616
1.098 0.008101463373
1.1 0.008116120666
1.102 0.008130845732
1.104 0.008145638771
1.106 0.008160499951
1.108 0.008175425321
1.11 0.008190418986
1.112 0.008205481211
1.114 0.008220611929
1.116 0.008235811214
1.118 0.008251079027
1.12 0.008266415355
1.122 0.008281820124
1.124 0.008297293265
1.126 0.008312834684
1.128 0.008328444273
1.13 0.008344120125
1.132 0.008359865599
1.134 0.008375676906
1.136 0.008391556403
1.138 0.008407503435
1.14 0.008423517656
1.142 0.008439598944
1.144 0.008455747439
1.146 0.008471962557
1.148 0.008488244369
1.15 0.008504592436
1.152 0.008521007236
1.154 0.008537487234
1.156 0.008554032941
1.158 0.008570643874
1.16 0.008587320058
1.162 0.008604061212
1.164 0.008620867214
1.166 0.008637737855
1.168 0.008654672973
1.17 0.008671672384
1.172 0.008688735923
1.174 0.008705863423
1.176 0.008723054731
1.178 0.008740309695
1.18 0.008757628168
1.182 0.008775010026
1.184 0.008792455125
1.186 0.008809963383
1.188 0.008827534689
1.19 0.008845168868
1.192 0.00886286597
1.194 0.008880625965
1.196 0.008898447687
1.198 0.008916332616
1.2 0.008934278958
1.202 0.008952288335
1.204 0.008970359703
1.206 0.008988493446
1.208 0.00900669079
1.21 0.00902495004
1.212 0.009043271723
1.214 0.009061657097
1.216 0.009080102813
1.218 0.009098610866
1.22 0.009117180391
1.222 0.009135811813
1.224 0.009154504981
1.226 0.009173260037
1.228 0.00919207698
1.23 0.009210955888
1.232 0.009229896818
1.234 0.009248899858
1.236 0.009267964977
1.238 0.009287092377
1.24 0.009306282147
1.242 0.009325534587
1.244 0.009344849719
1.246 0.00936422774
1.248 0.009383668785
1.25 0.009403186722
1.252 0.00942277556
1.254 0.009442442796
1.256 0.009462180819
1.258 0.009481998035
1.26 0.00950188603
1.262 0.009521853383
1.264 0.009541906322
1.266 0.009562032368
1.268 0.009582233679
1.27 0.009602522559
1.272 0.009622897273
1.274 0.009643358906
1.276 0.009663910685
1.278 0.009684533806
1.28 0.009705234679
1.282 0.009726020515
1.284 0.00974689405
1.286 0.009767854171
1.288 0.009788901599
1.29 0.009810035738
1.292 0.009831256367
1.294 0.009852562772
1.296 0.009873954241
1.298 0.00989542984
1.3 0.009916988565
1.302 0.009938629294
1.304 0.009960350841
1.306 0.009982151964
1.308 0.01000403138
1.31 0.01002598779
1.312 0.01004801992
1.314 0.01007012659
1.316 0.01009230666
1.318 0.01011455902
1.32 0.01013688263
1.322 0.01015927639
1.324 0.01018173936
1.326 0.01020424849
1.328 0.01022682546
1.33 0.01024946928
1.332 0.01027217933
1.334 0.01029495499
1.336 0.01031779578
1.338 0.01034070136
1.34 0.01036367178
1.342 0.01038670722
1.344 0.0104097721
1.346 0.01043290566
1.348 0.01045610705
1.35 0.01047937669
1.352 0.01050271496
1.354 0.01052612235
1.356 0.01054959937
1.358 0.0105731466
1.36 0.01059676473
1.362 0.01062045441
1.364 0.01064421635
1.366 0.01066805136
1.368 0.01069196019
1.37 0.01071594364
1.372 0.01074000254
1.374 0.01076413774
1.376 0.01078835008
1.378 0.01081264044
1.38 0.01083700968
1.382 0.01086145865
1.384 0.01088598819
1.386 0.01091059914
1.388 0.01093529232
1.39 0.01096006852
1.392 0.01098492837
1.394 0.01100987291
1.396 0.01103490048
1.398 0.0110600162
1.4 0.01108521794
1.402 0.01111050757
1.404 0.01113588301
1.406 0.01116134711
1.408 0.01118689929
1.41 0.01121254076
1.412 0.01123827284
1.414 0.01126409491
1.416 0.01129000788
1.418 0.01131601179
1.42 0.01134210761
1.422 0.01136829496
1.424 0.01139457437
1.426 0.01142094657
1.428 0.01144741063
1.43 0.01147396743
1.432 0.01150061697
1.434 0.01152735964
1.436 0.01155419489
1.438 0.01158110726
1.44 0.01160810293
1.442 0.01163517379
1.444 0.01166232781
1.446 0.01168955599
1.448 0.01171686701
1.45 0.01174425173
1.452 0.01177171928
1.454 0.01179926069
1.456 0.01182687055
1.458 0.01185456104
1.46 0.01188232742
1.462 0.01191016222
1.464 0.01193806478
1.466 0.01196603636
1.468 0.01199407709
1.47 0.01202218786
1.472 0.01205036932
1.474 0.01207862237
1.476 0.0121069479
1.478 0.01213534694
1.48 0.01216382049
1.482 0.01219236965
1.484 0.01222099548
1.486 0.01224969916
1.488 0.01227848181
1.49 0.01230734376
1.492 0.01233628768
1.494 0.0123653138
1.496 0.01239441777
1.498 0.01242366481
1.5 0.01245299685
1.502 0.01248241221
1.504 0.01251191115
1.506 0.01254149661
1.508 0.01257116917
1.51 0.01260093043
1.512 0.01263078362
1.514 0.01266072727
1.516 0.01269076335
1.518 0.01272089194
1.52 0.012751114
1.522 0.0127814325
1.524 0.01281184289
1.526 0.01284234874
1.528 0.01287294895
1.53 0.01290367529
1.532 0.01293449647
1.534 0.0129654131
1.536 0.012996425
1.538 0.01302753217
1.54 0.01305873437
1.542 0.01309003136
1.544 0.01312142309
1.546 0.01315290857
1.548 0.01318448769
1.55 0.01321615976
1.552 0.01324792429
1.554 0.0132797806
1.556 0.01331172805
1.558 0.0133437659
1.56 0.01337589341
1.562 0.01340810977
1.564 0.0134404141
1.566 0.01347280559
1.568 0.01350528341
1.57 0.01353784671
1.572 0.01357049461
1.574 0.01360322622
1.576 0.01363604066
1.578 0.01366893705
1.58 0.01370191452
1.582 0.0137349722
1.584 0.01376810925
1.586 0.01380132483
1.588 0.01383461813
1.59 0.01386798835
1.592 0.01390143471
1.594 0.01393495646
1.596 0.01396855285
1.598 0.01400222319
1.6 0.01403596678
1.602 0.01406978297
1.604 0.0141036711
1.606 0.01413763055
1.608 0.0141716607
1.61 0.014205761
1.612 0.01423993086
1.614 0.01427416976
1.616 0.01430847718
1.618 0.01434285259
1.62 0.01437729549
1.622 0.01441180538
1.624 0.01444638178
1.626 0.01448102421
1.628 0.0145157322
1.63 0.01455050528
1.632 0.01458534299
1.634 0.01462024487
1.636 0.01465521044
1.638 0.0146902393
1.64 0.01472533082
1.642 0.01476048459
1.644 0.01479570007
1.646 0.01483097678
1.648 0.01486631417
1.65 0.01490171172
1.652 0.01493716886
1.654 0.01497268503
1.656 0.01500825964
1.658 0.01504389211
1.66 0.0150795818
1.662 0.01511532808
1.664 0.01515113032
1.666 0.01518698784
1.668 0.01522289995
1.67 0.01525886588
1.672 0.01529488506
1.674 0.01533095666
1.676 0.01536707997
1.678 0.01540325422
1.68 0.01543947844
1.682 0.01547575226
1.684 0.01551207461
1.686 0.01554844481
1.688 0.01558486198
1.69 0.01562132534
1.692 0.01565783404
1.694 0.01569438725
1.696 0.01573098414
1.698 0.01576762389
1.7 0.01580430566
1.702 0.01584102862
1.704 0.01587779195
1.706 0.01591459482
1.708 0.01595143642
1.71 0.01598831593
1.712 0.01602523255
1.714 0.01606218548
1.716 0.01609917061
1.718 0.01613619373
1.72 0.01617324996
1.722 0.01621034037
1.724 0.01624746307
1.726 0.01628461782
1.728 0.01632180358
1.73 0.01635901698
1.732 0.01639626042
1.734 0.01643353172
1.736 0.01647083117
1.738 0.01650815789
1.74 0.01654551163
1.742 0.0165828934
1.744 0.01662030093
1.746 0.01665773444
1.748 0.01669519295
1.75 0.01673267618
1.752 0.01677018353
1.754 0.01680771569
1.756 0.01684527108
1.758 0.0168828496
1.76 0.0169204506
1.762 0.01695807371
1.764 0.01699571875
1.766 0.01703338513
1.768 0.01707107364
1.77 0.01710878183
1.772 0.01714651067
1.774 0.01718425929
1.776 0.01722202772
1.778 0.01725981555
1.78 0.01729762262
1.782 0.01733544865
1.784 0.01737329343
1.786 0.01741115677
1.788 0.01744903847
1.79 0.01748693837
1.792 0.0175248563
1.794 0.01756279214
1.796 0.01760074551
1.798 0.01763871651
1.8 0.01767670516
1.802 0.01771471144
1.804 0.01775273526
1.806 0.01779077657
1.808 0.01782883535
1.81 0.01786691161
1.812 0.01790500535
1.814 0.0179431166
1.816 0.01798124542
1.818 0.01801939185
1.82 0.01805755597
1.822 0.0180957379
1.824 0.01813393774
1.826 0.01817215562
1.828 0.01821039137
1.83 0.01824866589
1.832 0.01828692114
1.834 0.01832519558
1.836 0.01836350812
1.838 0.01840184968
1.84 0.01844023119
1.842 0.0184786397
1.844 0.01851708855
1.846 0.01855556323
1.848 0.01859407852
1.85 0.01863264482
1.852 0.01867124164
1.854 0.0187098767
1.856 0.01874844976
1.858 0.01878707719
1.86 0.01882574939
1.862 0.01886446727
1.864 0.01890324131
1.866 0.0189420754
1.868 0.01898096599
1.87 0.01901991353
1.872 0.01905891615
1.874 0.01909797295
1.876 0.01913708217
1.878 0.01917624235
1.88 0.01921545187
1.882 0.01925470911
1.884 0.01929401228
1.886 0.0193333577
1.888 0.01937274572
1.89 0.01941217366
1.892 0.01945164023
1.894 0.01949114353
1.896 0.01953068193
1.898 0.01957025353
1.9 0.01960985711
1.902 0.01964949103
1.904 0.01968915392
1.906 0.01972884422
1.908 0.01976856056
1.91 0.01980830169
1.912 0.01984806646
1.914 0.01988785383
1.916 0.01992766286
1.918 0.01996749275
1.92 0.02000734285
1.922 0.02004721259
1.924 0.02008710153
1.926 0.02012700941
1.928 0.02016693608
1.93 0.02020688151
1.932 0.0202468458
1.934 0.02028682916
1.936 0.02032683201
1.938 0.02036685463
1.94 0.02040689767
1.942 0.02044696176
1.944 0.02048704769
1.946 0.0205271563
1.948 0.02056728853
1.95 0.02060744542
1.952 0.02064762807
1.954 0.02068783764
1.956 0.02072807536
1.958 0.02076834252
1.96 0.02080864044
1.962 0.02084897049
1.964 0.02088933408
1.966 0.02092973262
1.968 0.02097016739
1.97 0.02101063989
1.972 0.02105115164
1.974 0.02109170422
1.976 0.02113229914
1.978 0.02117293792
1.98 0.02121362199
1.982 0.0212543528
1.984 0.02129513175
1.986 0.02133596024
1.988 0.02137683958
1.99 0.02141777336
1.992 0.02145876068
1.994 0.02149980408
1.996 0.02154090425
1.998 0.02158206273
2 0.02162328059
2.002 0.02166455892
2.004 0.021705899
2.006 0.02174730176
2.008 0.02178876823
2.01 0.0218302993
2.012 0.02187189584
2.014 0.02191355869
2.016 0.02195528863
2.018 0.02199708775
2.02 0.02203895508
2.022 0.02208089222
2.024 0.02212289925
2.026 0.02216497697
2.028 0.02220712581
2.03 0.02224934637
2.032 0.02229163919
2.034 0.02233400477
2.036 0.02237644499
2.038 0.02241895792
2.04 0.02246154536
2.042 0.02250420717
2.044 0.02254694422
2.046 0.02258975678
2.048 0.02263264545
2.05 0.02267561065
2.052 0.02271865288
2.054 0.02276177264
2.056 0.02280497047
2.058 0.02284824681
2.06 0.02289160222
2.062 0.02293503723
2.064 0.0229785524
2.066 0.02302214833
2.068 0.02306582558
2.07 0.02310958476
2.072 0.02315342653
2.074 0.0231973515
2.076 0.02324136035
2.078 0.02328545376
2.08 0.02332963241
2.082 0.02337389701
2.084 0.02341824852
2.086 0.02346268728
2.088 0.02350721436
2.09 0.02355183038
2.092 0.02359653617
2.094 0.0236413325
2.096 0.02368622016
2.098 0.02373119997
2.1 0.02377627272
2.102 0.02382143925
2.104 0.02386670036
2.106 0.02391205689
2.108 0.02395750966
2.11 0.02400305944
2.112 0.02404870655
2.114 0.02409442169
2.116 0.02414021766
2.118 0.02418610915
2.12 0.02423207106
2.122 0.02427811434
2.124 0.02432425482
2.126 0.02437046754
2.128 0.02441676448
2.13 0.02446313292
2.132 0.02450958913
2.134 0.02455611836
2.136 0.02460273833
2.138 0.02464943394
2.14 0.02469619732
2.142 0.02474305162
2.144 0.02478998907
2.146 0.02483699832
2.148 0.02488407913
2.15 0.02493126035
2.152 0.0249785306
2.154 0.02502588098
2.156 0.02507331076
2.158 0.02512082435
2.16 0.02516842549
2.162 0.02521612392
2.164 0.02526391408
2.166 0.02531179922
2.168 0.02535978083
2.17 0.02540786106
2.172 0.02545604199
2.174 0.02550432583
2.176 0.02555271483
2.178 0.02560121124
2.18 0.02564981735
2.182 0.02569853542
2.184 0.02574736763
2.186 0.02579631618
2.188 0.02584538319
2.19 0.02589457071
2.192 0.02594388075
2.194 0.02599331518
2.196 0.02604287577
2.198 0.02609256421
2.2 0.02614238218
2.202 0.02619233119
2.204 0.02624241267
2.206 0.02629262792
2.208 0.02634297812
2.21 0.02639346435
2.212 0.02644408761
2.214 0.02649484874
2.216 0.0265457485
2.218 0.02659678754
2.22 0.02664796641
2.222 0.02669928554
2.224 0.02675074529
2.226 0.0268023459
2.228 0.02685408754
2.23 0.02690597029
2.232 0.02695799416
2.234 0.02701015906
2.236 0.02706246486
2.238 0.02711491136
2.24 0.02716749829
2.242 0.02722022536
2.244 0.02727309208
2.246 0.02732609833
2.248 0.02737924352
2.25 0.02743252732
2.252 0.02748594923
2.254 0.02753950881
2.256 0.0275932056
2.258 0.02764703916
2.26 0.02770100901
2.262 0.02775511474
2.264 0.02780935591
2.266 0.02786373211
2.268 0.02791824298
2.27 0.02797288815
2.272 0.02802766731
2.274 0.02808258017
2.276 0.02813762652
2.278 0.02819280615
2.28 0.02824811889
2.282 0.02830356459
2.284 0.02835914319
2.286 0.02841485461
2.288 0.02847069886
2.29 0.02852667599
2.292 0.0285827855
2.294 0.02863902761
2.296 0.02869540272
2.298 0.02875191114
2.3 0.02880855317
2.302 0.02886532913
2.304 0.02892223959
2.306 0.02897928484
2.308 0.02903646511
2.31 0.02909378073
2.312 0.02915123206
2.314 0.02920881947
2.316 0.02926654337
2.318 0.02932440416
2.32 0.02938240224
2.322 0.02944053804
2.324 0.029498812
2.326 0.02955722457
2.328 0.02961577618
2.33 0.02967446732
2.332 0.02973329839
2.334 0.02979226983
2.336 0.02985138209
2.338 0.02991063557
2.34 0.02997003067
2.342 0.03002956779
2.344 0.03008924736
2.346 0.03014906976
2.348 0.03020903538
2.35 0.03026914457
2.352 0.03032939766
2.354 0.03038979502
2.356 0.03045033696
2.358 0.03051102382
2.36 0.0305718559
2.362 0.03063283348
2.364 0.03069395685
2.366 0.03075522628
2.368 0.03081664202
2.37 0.03087820432
2.372 0.03093991342
2.374 0.03100176954
2.376 0.03106357139
2.378 0.03112564073
2.38 0.03118785131
2.382 0.03125024213
2.384 0.03131278725
2.386 0.03137549236
2.388 0.03143835066
2.39 0.03150136244
2.392 0.0315645256
2.394 0.03162783982
2.396 0.03169130438
2.398 0.03175491906
2.4 0.03181868366
2.402 0.03188259812
2.404 0.03194666246
2.406 0.03201087676
2.408 0.03207524113
2.41 0.03213975574
2.412 0.03220442075
2.414 0.03226923637
2.416 0.03233420281
2.418 0.0323993203
2.42 0.03246458907
2.422 0.03253000935
2.424 0.03259558141
2.426 0.03266130547
2.428 0.03272718178
2.43 0.03279321056
2.432 0.03285939204
2.434 0.03292572644
2.436 0.03299221398
2.438 0.03305885492
2.44 0.03312564945
2.442 0.03319259781
2.444 0.03325970021
2.446 0.03332695685
2.448 0.03339436794
2.45 0.03346193367
2.452 0.03352965422
2.454 0.03359752979
2.456 0.03366556085
2.458 0.03373374714
2.46 0.03380208888
2.462 0.03387058626
2.464 0.03393923944
2.466 0.03400804858
2.468 0.03407701383
2.47 0.03414613532
2.472 0.0342154132
2.474 0.03428484757
2.476 0.03435443854
2.478 0.03442418623
2.48 0.03449409078
2.482 0.03456415229
2.484 0.03463437088
2.486 0.03470474674
2.488 0.03477527998
2.49 0.03484597065
2.492 0.03491681881
2.494 0.03498782456
2.496 0.03505898795
2.498 0.03513030909
2.5 0.03520178805
2.502 0.03527342491
2.504 0.03534521975
2.506 0.03541717267
2.508 0.03548928375
2.51 0.03556155306
2.512 0.03563398069
2.514 0.03570656673
2.516 0.03577931127
2.518 0.03585221442
2.52 0.0359252763
2.522 0.03599849705
2.524 0.03607187679
2.526 0.03614541563
2.528 0.03621911371
2.53 0.03629297116
2.532 0.03636694829
2.534 0.03644108493
2.536 0.03651538142
2.538 0.03658983795
2.54 0.03666445473
2.542 0.03673923197
2.544 0.03681416986
2.546 0.03688926846
2.548 0.03696456727
2.55 0.03704004588
2.552 0.03711568689
2.554 0.03719148614
2.556 0.03726744688
2.558 0.03734356708
2.56 0.03741988783
2.562 0.0374963879
2.564 0.03757304962
2.566 0.03764986817
2.568 0.03772688761
2.57 0.0378040849
2.572 0.03788144268
2.574 0.03795895488
2.576 0.03803662418
2.578 0.03811444416
2.58 0.03819241649
2.582 0.03827058306
2.584 0.03834892341
2.586 0.03842737679
2.588 0.03850599812
2.59 0.03858478913
2.592 0.03866373388
2.594 0.0387428274
2.596 0.03882207019
2.598 0.03890146049
2.6 0.03898104322
2.602 0.03906075583
2.604 0.03914064113
2.606 0.03922069256
2.608 0.03930085757
2.61 0.03938118914
2.612 0.03946169154
2.614 0.03954235026
2.616 0.03962315612
2.618 0.03970415842
2.62 0.039785292
2.622 0.03986655741
2.624 0.03994801583
2.626 0.04002958644
2.628 0.04011135308
2.63 0.04019325567
2.632 0.04027533798
2.634 0.0403575959
2.636 0.04043999491
2.638 0.04052256746
2.64 0.0406053089
2.642 0.04068820534
2.644 0.04077126749
2.646 0.04085448877
2.648 0.04093787577
2.65 0.04102142417
2.652 0.04110518222
2.654 0.04118908452
2.656 0.04127317788
2.658 0.04135741172
2.66 0.0414418408
2.662 0.04152640986
2.664 0.04161117623
2.666 0.04169608326
2.668 0.04178118916
2.67 0.04186648055
2.672 0.0419519526
2.674 0.04203759068
2.676 0.04212340503
2.678 0.04220938907
2.68 0.04229554832
2.682 0.04238187865
2.684 0.04246838423
2.686 0.04255506165
2.688 0.04264195978
2.69 0.04272901024
2.692 0.04281626087
2.694 0.04290365859
2.696 0.04299125966
2.698 0.04307900597
2.7 0.04316695655
2.702 0.04325509784
2.704 0.04334342308
2.706 0.04343191739
2.708 0.04352058999
2.71 0.04360943435
2.712 0.04369845495
2.714 0.04378764782
2.716 0.04387706338
2.718 0.04396663014
2.72 0.04405639723
2.722 0.04414630953
2.724 0.04423642493
2.726 0.04432673126
2.728 0.04441717093
2.73 0.04450780184
2.732 0.04459863027
2.734 0.04468963641
2.736 0.04478081182
2.738 0.04487216212
2.74 0.04496368301
2.742 0.04505537827
2.744 0.04514724641
2.746 0.04523928649
2.748 0.04533150041
2.75 0.04542388763
2.752 0.04551644688
2.754 0.04560918095
2.756 0.04570213961
2.758 0.0457952487
2.76 0.0458885098
2.762 0.04598199086
2.764 0.04607562624
2.766 0.04616941178
2.768 0.04626341885
2.77 0.04635763207
2.772 0.04645197401
2.774 0.04654646438
2.776 0.04664117963
2.778 0.04673610115
2.78 0.04683120626
2.782 0.04692643824
2.784 0.04702182274
2.786 0.04711743247
2.788 0.04721325083
2.79 0.047309254
2.792 0.04740544026
2.794 0.04750181323
2.796 0.04759831659
2.798 0.0476949739
2.8 0.04779185947
2.802 0.0478889552
2.804 0.04798623715
2.806 0.04808370319
2.808 0.0481813571
2.81 0.04827919814
2.812 0.0483772276
2.814 0.0484754455
2.816 0.04857385228
2.818 0.04867244795
2.82 0.04877123272
2.822 0.04887020652
2.824 0.04896936931
2.826 0.04906872097
2.828 0.04916826136
2.83 0.04926799033
2.832 0.04936790769
2.834 0.04946801325
2.836 0.0495683068
2.838 0.04966878813
2.84 0.04976945703
2.842 0.0498703133
2.844 0.04997135673
2.846 0.05007258706
2.848 0.05017400411
2.85 0.05027560778
2.852 0.05037739794
2.854 0.05047937449
2.856 0.05058153736
2.858 0.05068388657
2.86 0.05078642213
2.862 0.050889144
2.864 0.05099205214
2.866 0.05109514659
2.868 0.05119842746
2.87 0.05130189443
2.872 0.05140554856
2.874 0.05150938949
2.876 0.05161341769
2.878 0.05171763325
2.88 0.05182203658
2.882 0.05192662793
2.884 0.05203140764
2.886 0.05213637604
2.888 0.0522415335
2.89 0.05234688044
2.892 0.05245241731
2.894 0.05255814459
2.896 0.05266406269
2.898 0.05277017209
2.9 0.05287647341
2.902 0.05298296719
2.904 0.05308965405
2.906 0.05319653451
2.908 0.05330360912
2.91 0.05341087841
2.912 0.05351834298
2.914 0.0536260034
2.916 0.05373386026
2.918 0.05384191419
2.92 0.05395016577
2.922 0.05405861562
2.924 0.05416726431
2.926 0.05427611245
2.928 0.05438516061
2.93 0.05449440939
2.932 0.05460385947
2.934 0.0547135114
2.936 0.05482336574
2.938 0.05493342303
2.94 0.05504368382
2.942 0.05515414871
2.944 0.05526481821
2.946 0.05537569286
2.948 0.05548677315
2.95 0.05559805962
2.952 0.05570955279
2.954 0.05582125312
2.956 0.05593316115
2.958 0.0560452774
2.96 0.05615760237
2.962 0.05627013656
2.964 0.05638288045
2.966 0.05649583453
2.968 0.05660899926
2.97 0.05672237511
2.972 0.05683596256
2.974 0.05694976206
2.976 0.05706377408
2.978 0.05717799906
2.98 0.05729243745
2.982 0.05740708964
2.984 0.05752195603
2.986 0.05763703711
2.988 0.05775233334
2.99 0.05786784513
2.992 0.05798357293
2.994 0.05809951722
2.996 0.05821567847
2.998 0.05833205716
3 0.05844865375
3.002 0.05856546871
3.004 0.05868250253
3.006 0.05879975574
3.008 0.05891722877
3.01 0.05903492208
3.012 0.05915283613
3.014 0.0592709714
3.016 0.05938932838
3.018 0.05950790754
3.02 0.0596266903
3.022 0.05974569176
3.024 0.05986491067
3.026 0.05998435079
3.028 0.06010401162
3.03 0.06022389518
3.032 0.06034400213
3.034 0.06046433377
3.036 0.06058489101
3.038 0.06070567487
3.04 0.06082668628
3.042 0.06094792614
3.044 0.06106939585
3.046 0.0611910952
3.048 0.06131302571
3.05 0.06143518786
3.052 0.06155758254
3.054 0.06168021037
3.056 0.0618030721
3.058 0.06192616838
3.06 0.06204949988
3.062 0.06217306722
3.064 0.0622968711
3.066 0.0624209121
3.068 0.06254519077
3.07 0.06266970766
3.072 0.06279446328
3.074 0.06291945817
3.076 0.06304469281
3.078 0.06317016769
3.08 0.06329588331
3.082 0.06342184012
3.084 0.06354803858
3.086 0.06367447914
3.088 0.06380116224
3.09 0.06392808829
3.092 0.06405525771
3.094 0.0641826709
3.096 0.06431032827
3.098 0.0644382302
3.1 0.06456637698
3.102 0.064694769
3.104 0.06482340667
3.106 0.06495229037
3.108 0.06508142046
3.11 0.06521079732
3.112 0.0653404213
3.114 0.06547029275
3.116 0.06560041201
3.118 0.06573077944
3.12 0.06586139538
3.122 0.06599226015
3.124 0.06612337409
3.126 0.06625473754
3.128 0.06638635081
3.13 0.06651821423
3.132 0.06665032813
3.134 0.06678269261
3.136 0.0669152297
3.138 0.0670479722
3.14 0.06718095536
3.142 0.0673141898
3.144 0.06744767214
3.146 0.06758140686
3.148 0.06771539355
3.15 0.06784955612
3.152 0.0679839291
3.154 0.06811854928
3.156 0.06825342791
3.158 0.06838856135
3.16 0.06852387622
3.162 0.06865940721
3.164 0.06879519248
3.166 0.06893124273
3.168 0.06906747682
3.17 0.06920393469
3.172 0.06934065245
3.174 0.06947764203
3.176 0.06961482205
3.178 0.06975223387
3.18 0.06988991304
3.182 0.07002779393
3.184 0.07016590901
3.186 0.07030429914
3.188 0.07044289621
3.19 0.0705817344
3.192 0.0707208539
3.194 0.07086018706
3.196 0.07099976812
3.198 0.07113955909
3.2 0.07127960684
3.202 0.07141994466
3.204 0.07156058389
3.206 0.07170151529
3.208 0.07184267014
3.21 0.07198408648
3.212 0.07212580363
3.214 0.07226775365
3.216 0.07240997087
3.218 0.07255241588
3.22 0.07269513564
3.222 0.07283816041
3.224 0.07298149907
3.226 0.07312507041
3.228 0.07326891836
3.23 0.0734129994
3.232 0.07355736319
3.234 0.07370196071
3.236 0.07384692269
3.238 0.0739921558
3.24 0.07413768071
3.242 0.07428343758
3.244 0.07442948643
3.246 0.0745757718
3.248 0.07472242875
3.25 0.07486936046
3.252 0.07501658861
3.254 0.07516405144
3.256 0.07531173176
3.258 0.07545969014
3.26 0.07560797806
3.262 0.07575659208
3.264 0.07590545392
3.266 0.07605452691
3.268 0.07620388481
3.27 0.07635357326
3.272 0.07650359187
3.274 0.07665385984
3.276 0.07680434174
3.278 0.07695511124
3.28 0.07710621468
3.282 0.07725757233
3.284 0.07740922265
3.286 0.07756112216
3.288 0.07771324249
3.29 0.07786573591
3.292 0.07801852404
3.294 0.07817153734
3.296 0.07832484049
3.298 0.07847840506
3.3 0.07863227683
3.302 0.07878648517
3.304 0.07894095972
3.306 0.07909565753
3.308 0.07925065929
3.31 0.07940600991
3.312 0.07956163062
3.314 0.07971747964
3.316 0.07987363598
3.318 0.0800300626
3.32 0.08018672564
3.322 0.08034378536
3.324 0.08050115922
3.326 0.08065877857
3.328 0.08081662781
3.33 0.08097480325
3.332 0.08113325604
3.334 0.08129204444
3.336 0.08145111146
3.338 0.0816105143
3.34 0.08177019761
3.342 0.08193013919
3.344 0.08209032607
3.346 0.08225093965
3.348 0.08241188439
3.35 0.08257309592
3.352 0.08273455502
3.354 0.0828963625
3.356 0.08305846779
3.358 0.08322084302
3.36 0.08338347754
3.362 0.0835465539
3.364 0.08370997516
3.366 0.0838736757
3.368 0.08403763609
3.37 0.08420195867
3.372 0.08436659134
3.374 0.0845315056
3.376 0.08469669064
3.378 0.08486224288
3.38 0.08502811314
3.382 0.08519427076
3.384 0.08536070579
3.386 0.08552751519
3.388 0.08569464952
3.39 0.0858620776
3.392 0.08602978935
3.394 0.0861978826
3.396 0.08636630742
3.398 0.08653503215
3.4 0.08670404636
3.402 0.08687344877
3.404 0.08704318897
3.406 0.08721323472
3.408 0.08738357522
3.41 0.08755431011
3.412 0.08772538846
3.414 0.08789677747
3.416 0.08806855809
3.418 0.08824068949
3.42 0.08841313237
3.422 0.08858587888
3.424 0.08875902801
3.426 0.08893252806
3.428 0.08910634473
3.43 0.08928056022
3.432 0.08945513247
3.434 0.08963002102
3.436 0.08980521717
3.438 0.08998082146
3.44 0.09015678117
3.442 0.09033306079
3.444 0.09050974347
3.446 0.09068678658
3.448 0.09086414831
3.45 0.09104191555
3.452 0.091220043
3.454 0.09139848934
3.456 0.09157734146
3.458 0.09175655374
3.46 0.09193608418
3.462 0.09211602026
3.464 0.092296316
3.466 0.09247692892
3.468 0.09265794701
3.47 0.09283932403
3.472 0.09302101706
3.474 0.0932031148
3.476 0.0933855707
3.478 0.09356834136
3.48 0.093751516
3.482 0.09393504789
3.484 0.09411889329
3.486 0.0943031423
3.488 0.09448774796
3.49 0.09467266618
3.492 0.09485798794
3.494 0.09504366611
3.496 0.09522965629
3.498 0.09541605054
3.5 0.09560280153
3.502 0.09578986451
3.504 0.0959773319
3.506 0.09616515617
3.508 0.09635339613
3.51 0.096541987
3.512 0.09673089499
3.514 0.09692020772
3.516 0.09710987946
3.518 0.09729986375
3.52 0.09749025598
3.522 0.0976810071
3.524 0.09787217752
3.526 0.09806370118
3.528 0.09825554395
3.53 0.09844779551
3.532 0.09864040981
3.534 0.09883344611
3.536 0.09902683829
3.538 0.0992205513
3.54 0.09941467616
3.542 0.09960916609
3.544 0.09980408118
3.546 0.09999935447
3.548 0.1001949505
3.55 0.1003909616
3.552 0.1005873402
3.554 0.1007841474
3.556 0.1009813154
3.558 0.1011788085
3.56 0.1013767199
3.562 0.1015750018
3.564 0.1017737158
3.566 0.1019727936
3.568 0.1021721989
3.57 0.1023720263
3.572 0.1025722273
3.574 0.1027728643
3.576 0.1029738683
3.578 0.1031752028
3.58 0.1033769633
3.582 0.103579101
3.584 0.1037816788
3.586 0.1039846272
3.588 0.1041879096
3.59 0.1043916223
3.592 0.104595716
3.594 0.1048002546
3.596 0.1050051674
3.598 0.1052104178
3.6 0.1054161031
3.602 0.1056221736
3.604 0.1058286937
3.606 0.1060355926
3.608 0.1062428331
3.61 0.1064505137
3.612 0.1066585837
3.614 0.1068671083
3.616 0.1070760157
3.618 0.107285269
3.62 0.1074949673
3.622 0.1077050597
3.624 0.1079156124
3.626 0.1081265526
3.628 0.1083378434
3.63 0.1085495846
3.632 0.1087617245
3.634 0.108974212
3.636 0.1091871554
3.638 0.1094004996
3.64 0.109614314
3.642 0.1098285239
3.644 0.1100430928
3.646 0.1102581218
3.648 0.1104735586
3.65 0.1106893519
3.652 0.1109056112
3.654 0.1111222803
3.656 0.11133931
3.658 0.1115568093
3.66 0.1117747226
3.662 0.1119930003
3.664 0.1122117522
3.666 0.1124309224
3.668 0.1126504621
3.67 0.1128704815
3.672 0.1130909238
3.674 0.1133117392
3.676 0.1135330384
3.678 0.1137547643
3.68 0.1139768675
3.682 0.1141994588
3.684 0.1144224805
3.686 0.1146458833
3.688 0.1148697788
3.69 0.1150941081
3.692 0.1153188223
3.694 0.1155439101
3.696 0.115769504
3.698 0.1159955331
3.7 0.1162219552
3.702 0.1164487551
3.704 0.1166760685
3.706 0.1169038233
3.708 0.1171319779
3.71 0.1173605172
3.712 0.117589578
3.714 0.1178190867
3.716 0.1180490024
3.718 0.1182793101
3.72 0.1185101472
3.722 0.1187414386
3.724 0.1189731428
3.726 0.1192052457
3.728 0.1194377599
3.73 0.1196708068
3.732 0.1199043199
3.734 0.1201382526
3.736 0.1203725938
3.738 0.1206074873
3.74 0.1208427915
3.742 0.1210785697
3.744 0.1213147756
3.746 0.1215513976
3.748 0.1217884482
3.75 0.122026058
3.752 0.1222640918
3.754 0.1225026085
3.756 0.1227415638
3.758 0.1229809447
3.76 0.1232207632
3.762 0.1234611518
3.764 0.1237019814
3.766 0.1239432522
3.768 0.1241849601
3.77 0.1244271661
3.772 0.1246698249
3.774 0.1249129234
3.776 0.1251566121
3.778 0.1254007508
3.78 0.1256453442
3.782 0.1258903926
3.784 0.126135899
3.786 0.1263818649
3.788 0.1266282928
3.79 0.1268751848
3.792 0.127122543
3.794 0.1273703698
3.796 0.1276186671
3.798 0.1278674374
3.8 0.1281166826
3.802 0.1283664066
3.804 0.128616609
3.806 0.1288672921
3.808 0.1291184587
3.81 0.1293701112
3.812 0.1296222515
3.814 0.1298748815
3.816 0.1301280033
3.818 0.1303816187
3.82 0.1306357295
3.822 0.1308903375
3.824 0.1311454446
3.826 0.1314010523
3.828 0.1316571622
3.83 0.1319137761
3.832 0.1321708969
3.834 0.1324285233
3.836 0.132686657
3.838 0.1329453
3.84 0.1332044538
3.842 0.1334641194
3.844 0.1337242979
3.846 0.1339849902
3.848 0.1342461972
3.85 0.1345079197
3.852 0.1347701586
3.854 0.1350329145
3.856 0.1352961881
3.858 0.1355599799
3.86 0.1358242904
3.862 0.1360891202
3.864 0.1363544696
3.866 0.1366203389
3.868 0.1368867285
3.87 0.1371536386
3.872 0.1374210695
3.874 0.1376890214
3.876 0.1379574944
3.878 0.1382264887
3.88 0.1384960044
3.882 0.1387660417
3.884 0.1390366006
3.886 0.1393076812
3.888 0.1395792839
3.89 0.1398514086
3.892 0.1401240555
3.894 0.1403972246
3.896 0.140670916
3.898 0.1409449767
3.9 0.1412195594
3.902 0.141494665
3.904 0.1417702938
3.906 0.1420464462
3.908 0.142323123
3.91 0.1426003246
3.912 0.1428780513
3.914 0.1431563036
3.916 0.1434350823
3.918 0.1437143877
3.92 0.1439942204
3.922 0.1442745809
3.924 0.1445554699
3.926 0.1448368879
3.928 0.1451188356
3.93 0.1454013137
3.932 0.1456843229
3.934 0.1459678636
3.936 0.1462519367
3.938 0.146536543
3.94 0.1468216833
3.942 0.1471073585
3.944 0.1473935693
3.946 0.1476803162
3.948 0.1479676001
3.95 0.148255422
3.952 0.1485437828
3.954 0.1488326833
3.956 0.1491221244
3.958 0.1494121069
3.96 0.1497026316
3.962 0.1499936994
3.964 0.1502853111
3.966 0.1505774675
3.968 0.1508701694
3.97 0.1511634175
3.972 0.1514572126
3.974 0.1517515559
3.976 0.1520464484
3.978 0.1523418906
3.98 0.1526378837
3.982 0.1529344284
3.984 0.1532315255
3.986 0.1535291759
3.988 0.1538273802
3.99 0.1541261391
3.992 0.1544254533
3.994 0.1547253234
3.996 0.1550257501
3.998 0.155326734
4 0.1556282756
4.002 0.1559303757
4.004 0.1562330349
4.006 0.1565362536
4.008 0.1568400326
4.01 0.1571443724
4.012 0.1574492736
4.014 0.1577547369
4.016 0.1580607628
4.018 0.1583673519
4.02 0.158674505
4.022 0.1589822226
4.024 0.1592905053
4.026 0.1595993538
4.028 0.1599087688
4.03 0.160218751
4.032 0.1605292961
4.034 0.1608404072
4.036 0.1611520858
4.038 0.1614643337
4.04 0.161777152
4.042 0.1620905421
4.044 0.1624045051
4.046 0.1627190421
4.048 0.1630341542
4.05 0.1633498422
4.052 0.1636661072
4.054 0.1639829501
4.056 0.1643003718
4.058 0.1646183732
4.06 0.1649369553
4.062 0.1652561189
4.064 0.165575865
4.066 0.1658961945
4.068 0.1662171084
4.07 0.1665386075
4.072 0.1668606929
4.074 0.1671833655
4.076 0.1675066263
4.078 0.1678304764
4.08 0.1681549166
4.082 0.1684799481
4.084 0.1688055718
4.086 0.1691317888
4.088 0.1694586001
4.09 0.1697860068
4.092 0.1701140099
4.094 0.1704426105
4.096 0.1707718097
4.098 0.1711016084
4.1 0.1714320079
4.102 0.1717630091
4.104 0.1720946134
4.106 0.1724268217
4.108 0.1727596351
4.11 0.1730930547
4.112 0.1734270815
4.114 0.1737617168
4.116 0.1740969615
4.118 0.1744328168
4.12 0.1747692837
4.122 0.1751063634
4.124 0.1754440569
4.126 0.1757823653
4.128 0.1761212897
4.13 0.1764608312
4.132 0.1768009909
4.134 0.1771417697
4.136 0.1774831689
4.138 0.1778251895
4.14 0.1781678325
4.142 0.1785110991
4.144 0.1788549902
4.146 0.179199507
4.148 0.1795446505
4.15 0.1798904218
4.152 0.1802368221
4.154 0.1805838521
4.156 0.1809315131
4.158 0.1812798061
4.16 0.1816287321
4.162 0.181978292
4.164 0.1823284871
4.166 0.1826793183
4.168 0.1830307867
4.17 0.1833828933
4.172 0.1837356392
4.174 0.1840890254
4.176 0.184443053
4.178 0.1847977231
4.18 0.1851530366
4.182 0.1855089947
4.184 0.1858655985
4.186 0.1862228489
4.188 0.1865807475
4.19 0.1869392951
4.192 0.1872984928
4.194 0.1876583414
4.196 0.188018842
4.198 0.1883799957
4.2 0.1887418035
4.202 0.1891042664
4.204 0.1894673857
4.206 0.1898311622
4.208 0.1901955971
4.21 0.1905606916
4.212 0.1909264465
4.214 0.191292863
4.216 0.1916599422
4.218 0.1920276852
4.22 0.1923960931
4.222 0.192765167
4.224 0.1931349079
4.226 0.193505317
4.228 0.1938763954
4.23 0.1942481447
4.232 0.1946205661
4.234 0.1949936603
4.236 0.1953674282
4.238 0.1957418711
4.24 0.1961169897
4.242 0.1964927853
4.244 0.1968692589
4.246 0.1972464116
4.248 0.1976242446
4.25 0.1980027592
4.252 0.1983819565
4.254 0.1987618373
4.256 0.1991424026
4.258 0.1995236536
4.26 0.1999055912
4.262 0.2002882165
4.264 0.2006715305
4.266 0.2010555343
4.268 0.201440229
4.27 0.2018256152
4.272 0.2022116939
4.274 0.2025984664
4.276 0.2029859338
4.278 0.2033740973
4.28 0.2037629579
4.282 0.2041525167
4.284 0.2045427748
4.286 0.2049337326
4.288 0.2053253912
4.29 0.205717752
4.292 0.2061108162
4.294 0.2065045848
4.296 0.2068990591
4.298 0.2072942401
4.3 0.2076901289
4.302 0.2080867267
4.304 0.2084840344
4.306 0.2088820531
4.308 0.209280784
4.31 0.2096802282
4.312 0.2100803866
4.314 0.2104812604
4.316 0.2108828507
4.318 0.2112851619
4.32 0.2116881892
4.322 0.2120919349
4.324 0.2124964009
4.326 0.2129015895
4.328 0.213307501
4.33 0.2137141369
4.332 0.2141214979
4.334 0.2145295879
4.336 0.2149384036
4.338 0.2153479467
4.34 0.2157582191
4.342 0.2161692228
4.344 0.2165809583
4.346 0.216993427
4.348 0.2174066299
4.35 0.2178205682
4.352 0.2182352429
4.354 0.2186506552
4.356 0.2190668063
4.358 0.2194836973
4.36 0.2199013293
4.362 0.2203197036
4.364 0.2207388212
4.366 0.2211586835
4.368 0.2215792915
4.37 0.2220006466
4.372 0.2224227497
4.374 0.222845602
4.376 0.2232692047
4.378 0.2236935592
4.38 0.2241186666
4.382 0.2245445282
4.384 0.2249711452
4.386 0.2253985189
4.388 0.22582665
4.39 0.2262555396
4.392 0.2266851892
4.394 0.2271156001
4.396 0.2275467737
4.398 0.2279787113
4.4 0.2284114142
4.402 0.2288448836
4.404 0.2292791208
4.406 0.229714127
4.408 0.2301499036
4.41 0.2305864519
4.412 0.2310237731
4.414 0.2314618684
4.416 0.2319007393
4.418 0.2323403869
4.42 0.2327808126
4.422 0.2332220178
4.424 0.2336640036
4.426 0.2341067714
4.428 0.2345503233
4.43 0.2349946602
4.432 0.2354397834
4.434 0.2358856939
4.436 0.2363323931
4.438 0.2367798824
4.44 0.237228163
4.442 0.2376772362
4.444 0.2381271035
4.446 0.2385777661
4.448 0.2390292255
4.45 0.2394814828
4.452 0.2399345396
4.454 0.2403883971
4.456 0.2408430567
4.458 0.2412985197
4.46 0.2417547876
4.462 0.2422118615
4.464 0.2426697431
4.466 0.2431284335
4.468 0.2435879341
4.47 0.2440482464
4.472 0.2445093718
4.474 0.2449713115
4.476 0.245434067
4.478 0.2458976395
4.48 0.2463620306
4.482 0.2468272414
4.484 0.2472932734
4.486 0.2477601278
4.488 0.2482278061
4.49 0.2486963098
4.492 0.24916564
4.494 0.2496357983
4.496 0.2501067859
4.498 0.2505786043
4.5 0.251051258
4.502 0.2515247429
4.504 0.2519990628
4.506 0.2524742174
4.508 0.2529502094
4.51 0.25342704
4.512 0.2539047113
4.514 0.2543832242
4.516 0.2548625803
4.518 0.2553427807
4.52 0.2558238269
4.522 0.2563057201
4.524 0.2567884618
4.526 0.2572720532
4.528 0.2577564957
4.53 0.2582417907
4.532 0.2587279394
4.534 0.2592149432
4.536 0.2597028034
4.538 0.2601915213
4.54 0.2606810996
4.542 0.2611715392
4.544 0.2616628412
4.546 0.2621550065
4.548 0.2626480366
4.55 0.2631419326
4.552 0.2636366958
4.554 0.2641323276
4.556 0.2646288291
4.558 0.2651262018
4.56 0.265624447
4.562 0.2661235659
4.564 0.2666235608
4.566 0.2671244329
4.568 0.2676261833
4.57 0.268128813
4.572 0.2686323234
4.574 0.2691367157
4.576 0.2696419912
4.578 0.2701481512
4.58 0.270655197
4.582 0.2711631299
4.584 0.2716719512
4.586 0.2721816623
4.588 0.2726922644
4.59 0.2732037589
4.592 0.2737161462
4.594 0.2742294277
4.596 0.274743605
4.598 0.2752586797
4.6 0.275774653
4.602 0.2762915265
4.604 0.2768093046
4.606 0.2773279863
4.608 0.2778475685
4.61 0.2783680542
4.612 0.2788894469
4.614 0.2794381852
4.616 0.2799726375
4.618 0.280503368
4.62 0.2810299441
4.622 0.2815536478
4.624 0.2820752504
4.626 0.282595442
4.628 0.2831147699
4.63 0.2836336869
4.632 0.2841525564
4.634 0.2846716722
4.636 0.2851912681
4.638 0.2857115302
4.64 0.2862326044
4.642 0.2867546045
4.644 0.2872776184
4.646 0.2878017118
4.648 0.2883269337
4.65 0.2888533191
4.652 0.289380892
4.654 0.2899096678
4.656 0.290439655
4.658 0.2909708566
4.66 0.2915032719
4.662 0.2920368966
4.664 0.2925717246
4.666 0.2931077479
4.668 0.2936449576
4.67 0.2941833438
4.672 0.2947228968
4.674 0.2952636064
4.676 0.2958054627
4.678 0.2963484559
4.68 0.2968925758
4.682 0.297437814
4.684 0.2979841628
4.686 0.2985316151
4.688 0.2990801641
4.69 0.2996298065
4.692 0.3001805344
4.694 0.3007323389
4.696 0.3012852182
4.698 0.3018391711
4.7 0.3023941956
4.702 0.3029502892
4.704 0.3035074504
4.706 0.3040656777
4.708 0.3046249696
4.71 0.3051853256
4.712 0.3057467462
4.714 0.3063092318
4.716 0.3068727833
4.718 0.3074374018
4.72 0.3080030885
4.722 0.3085698437
4.724 0.3091376698
4.726 0.3097065687
4.728 0.3102765427
4.73 0.3108475937
4.732 0.3114197239
4.734 0.3119929352
4.736 0.3125672297
4.738 0.3131426095
4.74 0.3137190765
4.742 0.3142966327
4.744 0.3148752799
4.746 0.3154550199
4.748 0.3160358545
4.75 0.3166177851
4.752 0.3172008134
4.754 0.3177849408
4.756 0.3183701685
4.758 0.3189564978
4.76 0.3195439297
4.762 0.3201324654
4.764 0.3207221055
4.766 0.3213128511
4.768 0.3219047027
4.77 0.3224976611
4.772 0.3230917267
4.774 0.3236869001
4.776 0.3242831818
4.778 0.324880572
4.78 0.3254790711
4.782 0.3260786795
4.784 0.3266793973
4.786 0.3272812248
4.788 0.3278841623
4.79 0.32848821
4.792 0.3290933681
4.794 0.3296996369
4.796 0.3303070167
4.798 0.3309155077
4.8 0.3315251102
4.802 0.3321358247
4.804 0.3327476515
4.806 0.3333605909
4.808 0.3339746436
4.81 0.33458981
4.812 0.3352060907
4.814 0.3358234862
4.816 0.3364419972
4.818 0.3370616245
4.82 0.3376823688
4.822 0.3383042308
4.824 0.3389272113
4.826 0.3395513114
4.828 0.3401765318
4.83 0.3408028734
4.832 0.3414303373
4.834 0.3420589244
4.836 0.3426886357
4.838 0.3433194718
4.84 0.343951434
4.842 0.3445845233
4.844 0.345218741
4.846 0.3458540879
4.848 0.3464905654
4.85 0.3471281742
4.852 0.3477669156
4.854 0.3484067904
4.856 0.3490478019
4.858 0.3496899505
4.86 0.3503332349
4.862 0.3509776564
4.864 0.3516232158
4.866 0.3522699145
4.868 0.3529177545
4.87 0.3535667366
4.872 0.3542168609
4.874 0.3548681279
4.876 0.355520538
4.878 0.3561740918
4.88 0.3568287898
4.882 0.3574846325
4.884 0.3581416203
4.886 0.3587997539
4.888 0.3594590336
4.89 0.3601194599
4.892 0.3607810333
4.894 0.361443754
4.896 0.3621076226
4.898 0.3627726393
4.9 0.3634388045
4.902 0.3641061184
4.904 0.3647745814
4.906 0.365444195
4.908 0.3661149599
4.91 0.3667868752
4.912 0.3674599409
4.914 0.368134157
4.916 0.3688095236
4.918 0.3694860409
4.92 0.370163709
4.922 0.3708425283
4.924 0.3715224991
4.926 0.3722036215
4.928 0.3728858958
4.93 0.3735693222
4.932 0.3742539012
4.934 0.3749396332
4.936 0.3756265185
4.938 0.3763145576
4.94 0.377003751
4.942 0.3776940991
4.944 0.3783856026
4.946 0.3790782619
4.948 0.3797720776
4.95 0.3804670462
4.952 0.3811631681
4.954 0.3818604455
4.956 0.3825588799
4.958 0.3832584722
4.96 0.3839592233
4.962 0.3846611342
4.964 0.3853642058
4.966 0.3860684389
4.968 0.3867738342
4.97 0.3874803926
4.972 0.3881881145
4.974 0.3888970009
4.976 0.3896070524
4.978 0.3903182698
4.98 0.3910306537
4.982 0.3917442045
4.984 0.3924589231
4.986 0.3931748133
4.988 0.3938918829
4.99 0.3946101354
4.992 0.3953295738
4.994 0.3960502007
4.996 0.3967720181
4.998 0.3974950267
5 0.3982192277
5.002 0.3989446216
5.004 0.3996712104
5.006 0.4003989957
5.008 0.4011279788
5.01 0.4018581614
5.012 0.4025895446
5.014 0.4033221298
5.016 0.4040559184
5.018 0.4047909114
5.02 0.4055271103
5.022 0.4062645164
5.024 0.4070031311
5.026 0.4077429556
5.028 0.4084839914
5.03 0.40922624
5.032 0.4099697027
5.034 0.4107143811
5.036 0.411460277
5.038 0.4122073914
5.04 0.4129557257
5.042 0.4137052813
5.044 0.4144560595
5.046 0.4152080619
5.048 0.4159612898
5.05 0.416715745
5.052 0.4174714288
5.054 0.4182283429
5.056 0.4189864888
5.058 0.4197458681
5.06 0.4205064825
5.062 0.4212683336
5.064 0.4220314229
5.066 0.4227957522
5.068 0.423561323
5.07 0.424328137
5.072 0.4250961959
5.074 0.4258655011
5.076 0.4266360545
5.078 0.4274078576
5.08 0.428180912
5.082 0.4289552195
5.084 0.4297307815
5.086 0.4305075999
5.088 0.4312856761
5.09 0.4320650111
5.092 0.4328456069
5.094 0.433627011
5.096 0.4344095011
5.098 0.4351930814
5.1 0.4359777901
5.102 0.4367636536
5.104 0.4375506939
5.106 0.4383389286
5.108 0.4391283729
5.11 0.4399190379
5.112 0.4407109313
5.114 0.4415040605
5.116 0.4422984325
5.118 0.4430940518
5.12 0.4438909221
5.122 0.4446890457
5.124 0.4454884246
5.126 0.4462890599
5.128 0.4470909527
5.13 0.4478941036
5.132 0.4486985129
5.134 0.4495041809
5.136 0.4503111078
5.138 0.4511192936
5.14 0.4519287383
5.142 0.4527394418
5.144 0.4535514042
5.146 0.4543646256
5.148 0.455179106
5.15 0.4559948457
5.152 0.456811845
5.154 0.4576301041
5.156 0.4584496234
5.158 0.4592704035
5.16 0.4600924449
5.162 0.4609157482
5.164 0.4617403141
5.166 0.4625661434
5.168 0.4633932367
5.17 0.4642215951
5.172 0.4650512194
5.174 0.4658821104
5.176 0.4667142684
5.178 0.4675476944
5.18 0.4683823892
5.182 0.4692183543
5.184 0.4700555911
5.186 0.4708941011
5.188 0.4717338856
5.19 0.4725749458
5.192 0.4734172832
5.194 0.4742608989
5.196 0.4751057943
5.198 0.4759519706
5.2 0.4767994291
5.202 0.477648171
5.204 0.4784981547
5.206 0.4793494208
5.208 0.4802019843
5.21 0.4810558372
5.212 0.4819109844
5.214 0.4827674226
5.216 0.4836251543
5.218 0.4844841803
5.22 0.4853445017
5.222 0.4862061196
5.224 0.4870690352
5.226 0.4879332494
5.228 0.4887987633
5.23 0.4896655781
5.232 0.4905336948
5.234 0.491403115
5.236 0.4922738396
5.238 0.4931458696
5.24 0.4940192064
5.242 0.4948938509
5.244 0.495769804
5.246 0.4966470667
5.248 0.4975256399
5.25 0.498405525
5.252 0.4992867231
5.254 0.5001692349
5.256 0.5010530615
5.258 0.5019382038
5.26 0.5028246627
5.262 0.5037124394
5.264 0.5046015347
5.266 0.5054919496
5.268 0.5063836852
5.27 0.5072767424
5.272 0.5081711223
5.274 0.5090668258
5.276 0.509963854
5.278 0.5108622078
5.28 0.5117618883
5.282 0.5126628966
5.284 0.5135652337
5.286 0.5144689006
5.288 0.5153738985
5.29 0.5162802285
5.292 0.5171878916
5.294 0.518096889
5.296 0.5190072217
5.298 0.5199189736
5.3 0.5208321365
5.302 0.5217466696
5.304 0.522662554
5.306 0.5235797786
5.308 0.5244983345
5.31 0.5254182158
5.312 0.5263394186
5.314 0.5272619409
5.316 0.5281857819
5.318 0.5291109421
5.32 0.5300374227
5.322 0.5309652251
5.324 0.5318943517
5.326 0.5328248054
5.328 0.5337565893
5.33 0.5346897065
5.332 0.5356241604
5.334 0.5365599543
5.336 0.5374970914
5.338 0.5384355751
5.34 0.5393754084
5.342 0.5403165943
5.344 0.541259136
5.346 0.5422030361
5.348 0.5431482954
5.35 0.5440949172
5.352 0.5450429047
5.354 0.5459922606
5.356 0.5469429871
5.358 0.5478950865
5.36 0.5488485609
5.362 0.549803412
5.364 0.5507596417
5.366 0.5517172515
5.368 0.5526762433
5.37 0.5536366189
5.372 0.5545983799
5.374 0.5555615278
5.376 0.5565260639
5.378 0.5574919897
5.38 0.5584593065
5.382 0.5594280155
5.384 0.5603981182
5.386 0.5613696156
5.388 0.5623425091
5.39 0.5633167997
5.392 0.5642924887
5.394 0.5652695775
5.396 0.5663093538
5.398 0.5673147132
5.4 0.5683070381
5.402 0.5692871833
5.404 0.5702575669
5.406 0.5712204608
5.408 0.5721776679
5.41 0.5731307804
5.412 0.5740811187
5.414 0.5750297953
5.416 0.5759777324
5.418 0.5769256859
5.42 0.5778742695
5.422 0.5788239759
5.424 0.5797751953
5.426 0.5807282319
5.428 0.5816833183
5.43 0.5826406275
5.432 0.5836002832
5.434 0.5845623692
5.436 0.5855269362
5.438 0.5864940088
5.44 0.5874635905
5.442 0.5884356685
5.444 0.5894102159
5.446 0.5903871899
5.448 0.5913665489
5.45 0.5923482507
5.452 0.5933322478
5.454 0.5943184905
5.456 0.5953069284
5.458 0.5962975115
5.46 0.5972901921
5.462 0.5982849246
5.464 0.5992816646
5.466 0.6002803723
5.468 0.6012810107
5.47 0.6022835469
5.472 0.6032879508
5.474 0.6042941957
5.476 0.6053022587
5.478 0.60631212
5.48 0.6073237634
5.482 0.6083371758
5.484 0.609352347
5.486 0.6103692701
5.488 0.6113879401
5.49 0.6124083547
5.492 0.6134305142
5.494 0.6144544209
5.496 0.6154800788
5.498 0.6165074938
5.5 0.6175366727
5.502 0.6185676238
5.504 0.6196003571
5.506 0.6206348818
5.508 0.6216712083
5.51 0.6227093468
5.512 0.6237493083
5.514 0.6247911033
5.516 0.6258346816
5.518 0.6268800839
5.52 0.627927326
5.522 0.6289764335
5.524 0.6300274183
5.526 0.6310802942
5.528 0.6321350688
5.53 0.6331917573
5.532 0.6342503647
5.534 0.6353108987
5.536 0.6363733631
5.538 0.6374377614
5.54 0.6385040954
5.542 0.6395723669
5.544 0.6406425757
5.546 0.6417147211
5.548 0.6427888009
5.55 0.6438648133
5.552 0.6449427553
5.554 0.646022623
5.556 0.6471044119
5.558 0.6481881178
5.56 0.6492737354
5.562 0.6503612592
5.564 0.6514506843
5.566 0.6525420048
5.568 0.6536352147
5.57 0.654730308
5.572 0.6558272789
5.574 0.6569261218
5.576 0.6580268314
5.578 0.6591294035
5.58 0.6602338332
5.582 0.6613410547
5.584 0.6624498169
5.586 0.6635602882
5.588 0.6646724807
5.59 0.6657864057
5.592 0.6669020839
5.594 0.6680195272
5.596 0.6691387493
5.598 0.6702597608
5.6 0.6713825714
5.602 0.6725071898
5.604 0.6736336238
5.606 0.6747618803
5.608 0.6758919657
5.61 0.6770238857
5.612 0.6781576456
5.614 0.6792932505
5.616 0.6804307048
5.618 0.6815700131
5.62 0.6827111795
5.622 0.6838542079
5.624 0.6849991021
5.626 0.6861458654
5.628 0.6872945013
5.63 0.6884450126
5.632 0.6895974023
5.634 0.6907516728
5.636 0.6919078268
5.638 0.6930658656
5.64 0.6942257909
5.642 0.6953876038
5.644 0.696551306
5.646 0.6977168987
5.648 0.6988843827
5.65 0.7000537594
5.652 0.7012250283
5.654 0.7023981893
5.656 0.7035732418
5.658 0.7047501853
5.66 0.7059290502
5.662 0.7071098292
5.664 0.7082925077
5.666 0.7094770758
5.668 0.7106635276
5.67 0.7118518572
5.672 0.7130420596
5.674 0.7142341302
5.676 0.7154280649
5.678 0.7166238601
5.68 0.7178215116
5.682 0.7190210159
5.684 0.7202223695
5.686 0.7214255691
5.688 0.7226306115
5.69 0.7238374934
5.692 0.7250462118
5.694 0.7262567633
5.696 0.727469145
5.698 0.7286833541
5.7 0.7298993878
5.702 0.7311172406
5.704 0.7323369102
5.706 0.7335583951
5.708 0.7347816938
5.71 0.7360068042
5.712 0.7372337239
5.714 0.7384624499
5.716 0.7396929761
5.718 0.7409253015
5.72 0.7421594243
5.722 0.7433953429
5.724 0.7446330558
5.726 0.7458725611
5.728 0.7471138569
5.73 0.7483569416
5.732 0.7496018131
5.734 0.7508484696
5.736 0.7520969091
5.738 0.7533471299
5.74 0.7545991301
5.742 0.7558529076
5.744 0.7571084606
5.746 0.7583657871
5.748 0.7596248852
5.75 0.7608857527
5.752 0.7621483878
5.754 0.7634127787
5.756 0.7646789249
5.758 0.7659468263
5.76 0.7672164828
5.762 0.7684879034
5.764 0.7697610865
5.766 0.7710360265
5.768 0.7723127193
5.77 0.7735911616
5.772 0.7748713501
5.774 0.7761532821
5.776 0.7774369544
5.778 0.7787223641
5.78 0.7800095079
5.782 0.7812983826
5.784 0.7825889852
5.786 0.7838813124
5.788 0.7851753608
5.79 0.7864711254
5.792 0.7877686036
5.794 0.789067792
5.796 0.7903686875
5.798 0.7916712864
5.8 0.7929755839
5.802 0.7942815646
5.804 0.7955892297
5.806 0.7968985772
5.808 0.798209605
5.81 0.7995223107
5.812 0.8008366916
5.814 0.802152744
5.816 0.8034704656
5.818 0.8047898535
5.82 0.806110905
5.822 0.8074336167
5.824 0.8087579782
5.826 0.8100839961
5.828 0.8114116715
5.83 0.8127411245
5.832 0.8140722301
5.834 0.8154050259
5.836 0.8167394819
5.838 0.8180755997
5.84 0.8194133689
5.842 0.8207527855
5.844 0.8220938429
5.846 0.8234365353
5.848 0.8247808579
5.85 0.8261268057
5.852 0.8274743739
5.854 0.8288235574
5.856 0.8301743515
5.858 0.831526751
5.86 0.8328807299
5.862 0.8342361178
5.864 0.8355929591
5.866 0.8369512791
5.868 0.8383111004
5.87 0.8396724433
5.872 0.8410353251
5.874 0.8423997612
5.876 0.8437657612
5.878 0.8451333307
5.88 0.8465024765
5.882 0.8478732043
5.884 0.8492455173
5.886 0.8506194147
5.888 0.8519948947
5.89 0.8533719547
5.892 0.8547505909
5.894 0.8561307989
5.896 0.8575125737
5.898 0.8588959098
5.9 0.8602808013
5.902 0.8616672421
5.904 0.8630552261
5.906 0.864444747
5.908 0.8658357985
5.91 0.8672283744
5.912 0.8686224687
5.914 0.8700180756
5.916 0.8714151894
5.918 0.8728138046
5.92 0.8742139164
5.922 0.8756155234
5.924 0.8770186246
5.926 0.8784232171
5.928 0.879829296
5.93 0.8812368588
5.932 0.8826459023
5.934 0.8840564237
5.936 0.8854684186
5.938 0.8868818837
5.94 0.8882968158
5.942 0.8897132124
5.944 0.8911310702
5.946 0.8925504003
5.948 0.8939711994
5.95 0.89539346
5.952 0.8968171764
5.954 0.8982423453
5.956 0.8996689763
5.958 0.9010970653
5.96 0.9025266037
5.962 0.9039575847
5.964 0.9053900043
5.966 0.9068238584
5.968 0.9082591436
5.97 0.9096958564
5.972 0.911133994
5.974 0.912573552
5.976 0.9140145295
5.978 0.9154569247
5.98 0.9169007313
5.982 0.9183459458
5.984 0.9197925646
5.986 0.9212405871
5.988 0.9226898779
5.99 0.9241404449
5.992 0.9255923195
5.994 0.9270455277
5.996 0.9285000883
5.998 0.9299560165
6 0.9314133224
6.002 0.9328720138
6.004 0.9343320917
6.006 0.9357935666
6.008 0.9372564351
6.01 0.9387206992
6.012 0.9401863562
6.014 0.9416533817
6.016 0.9431217736
6.018 0.9445915391
6.02 0.9460626796
6.022 0.9475351954
6.024 0.9490090848
6.026 0.9504843435
6.028 0.9519609689
6.03 0.9534389587
6.032 0.9549183098
6.034 0.9563990189
6.036 0.9578810825
6.038 0.959364497
6.04 0.9608492595
6.042 0.9623353666
6.044 0.9638228152
6.046 0.9653116022
6.048 0.9668017247
6.05 0.9682931817
6.052 0.9697859706
6.054 0.9712800861
6.056 0.9727755451
6.058 0.9742723664
6.06 0.9757705578
6.062 0.9772701267
6.064 0.9787710787
6.066 0.9802734185
6.068 0.9817771497
6.07 0.9832822757
6.072 0.9847887994
6.074 0.9862967235
6.076 0.9878060505
6.078 0.989316783
6.08 0.9908289238
6.082 0.9923424794
6.084 0.9938574533
6.086 0.9953738497
6.088 0.9968916723
6.09 0.9984109253
6.092 0.9999316127
6.094 1.001453738
6.096 1.002977305
6.098 1.004502316
6.1 1.006028767
6.102 1.007556664
6.104 1.009086013
6.106 1.010616818
6.108 1.012149085
6.11 1.013682819
6.112 1.015218025
6.114 1.016754706
6.116 1.018292867
6.118 1.019832509
6.12 1.021373637
6.122 1.022916251
6.124 1.024460356
6.126 1.026005953
6.128 1.027553045
6.13 1.029101634
6.132 1.030651721
6.134 1.032203308
6.136 1.033756412
6.138 1.035311035
6.14 1.036867172
6.142 1.038424821
6.144 1.039983977
6.146 1.041544641
6.148 1.043106812
6.15 1.044670489
6.152 1.046235676
6.154 1.047802373
6.156 1.04937058
6.158 1.050940301
6.16 1.052511535
6.162 1.054084285
6.164 1.0556581
6.166 1.057233729
6.168 1.058810419
6.17 1.06038903
6.172 1.061969162
6.174 1.063550969
6.176 1.065134353
6.178 1.066719336
6.18 1.068305903
6.182 1.069894032
6.184 1.071483634
6.186 1.073074628
6.188 1.074667041
6.19 1.076260912
6.192 1.077856285
6.194 1.079453205
6.196 1.081051672
6.198 1.082651697
6.2 1.084253289
6.202 1.085856454
6.204 1.087461199
6.206 1.089067528
6.208 1.090675447
6.21 1.092284957
6.212 1.093896064
6.214 1.095508769
6.216 1.097123073
6.218 1.09873898
6.22 1.100356477
6.222 1.101975562
6.224 1.103596238
6.226 1.10521851
6.228 1.106842382
6.23 1.108467856
6.232 1.110094934
6.234 1.111723619
6.236 1.11335391
6.238 1.114985809
6.24 1.116619317
6.242 1.118254432
6.244 1.119891156
6.246 1.121529486
6.248 1.123169421
6.25 1.124810961
6.252 1.126454105
6.254 1.128098852
6.256 1.129745202
6.258 1.131393153
6.26 1.133042709
6.262 1.13469387
6.264 1.136346633
6.266 1.138000999
6.268 1.139656967
6.27 1.141314537
6.272 1.142973709
6.274 1.144634486
6.276 1.146296866
6.278 1.147960851
6.28 1.149626426
6.282 1.151293605
6.284 1.15296239
6.286 1.154632791
6.288 1.15630481
6.29 1.157978439
6.292 1.159653691
6.294 1.161330569
6.296 1.163009081
6.298 1.164689229
6.3 1.16637102
6.302 1.168054458
6.304 1.169739545
6.306 1.171426286
6.308 1.173114687
6.31 1.174804753
6.312 1.176496486
6.314 1.178189891
6.316 1.179884967
6.318 1.181581733
6.32 1.183280186
6.322 1.184980332
6.324 1.186682172
6.326 1.18838571
6.328 1.190090962
6.33 1.191797926
6.332 1.193506615
6.334 1.19521703
6.336 1.196929177
6.338 1.19864306
6.34 1.200358683
6.342 1.202076049
6.344 1.203795161
6.346 1.205516023
6.348 1.207238635
6.35 1.208963015
6.352 1.210689148
6.354 1.212417046
6.356 1.214146712
6.358 1.215878153
6.36 1.217611365
6.362 1.219346361
6.364 1.221083139
6.366 1.222821707
6.368 1.224562066
6.37 1.226304222
6.372 1.22804818
6.374 1.229793937
6.376 1.231541484
6.378 1.233290835
6.38 1.235041998
6.382 1.236794981
6.384 1.238549791
6.386 1.240306435
6.388 1.242064909
6.39 1.243825242
6.392 1.245587425
6.394 1.24735147
6.396 1.249117381
6.398 1.250885164
6.4 1.252654811
6.402 1.254426354
6.404 1.256199782
6.406 1.257975105
6.408 1.259752324
6.41 1.261531444
6.412 1.263312466
6.414 1.26509541
6.416 1.266880283
6.418 1.268667076
6.42 1.270455786
6.422 1.272246412
6.424 1.274038948
6.426 1.2758334
6.428 1.277629767
6.43 1.279428047
6.432 1.281228236
6.434 1.283030332
6.436 1.284834335
6.438 1.28664024
6.44 1.288448053
6.442 1.29025777
6.444 1.292069392
6.446 1.293882914
6.448 1.295698338
6.45 1.297515657
6.452 1.299334878
6.454 1.301155996
6.456 1.302979011
6.458 1.304803922
6.46 1.306630737
6.462 1.308459422
6.464 1.310289971
6.466 1.312122408
6.468 1.313956712
6.47 1.315792855
6.472 1.317630819
6.474 1.319470597
6.476 1.321312185
6.478 1.32315558
6.48 1.325000782
6.482 1.326847773
6.484 1.32869656
6.486 1.330547152
6.488 1.332399558
6.49 1.334253785
6.492 1.336109838
6.494 1.337967722
6.496 1.339827444
6.498 1.34168901
6.5 1.343552356
6.502 1.345417374
6.504 1.347284075
6.506 1.349152505
6.508 1.351022696
6.51 1.352894678
6.512 1.354768475
6.514 1.356644107
6.516 1.358521586
6.518 1.360400926
6.52 1.362282133
6.522 1.364165211
6.524 1.366050165
6.526 1.367936995
6.528 1.3698257
6.53 1.371716276
6.532 1.373608721
6.534 1.375503027
6.536 1.377399189
6.538 1.3792972
6.54 1.381197052
6.542 1.383098734
6.544 1.385002236
6.546 1.386907554
6.548 1.388814679
6.55 1.390723604
6.552 1.392634325
6.554 1.394546833
6.556 1.396461099
6.558 1.398377118
6.56 1.400294907
6.562 1.402214454
6.564 1.404135741
6.566 1.406058775
6.568 1.407983557
6.57 1.409910081
6.572 1.411838341
6.574 1.41376833
6.576 1.41570004
6.578 1.417633465
6.58 1.419568598
6.582 1.421505458
6.584 1.423444039
6.586 1.425384327
6.588 1.427326298
6.59 1.429269938
6.592 1.431215244
6.594 1.433162211
6.596 1.435110844
6.598 1.437061134
6.6 1.439013074
6.602 1.440966654
6.604 1.442921868
6.606 1.444878708
6.608 1.446837164
6.61 1.448797229
6.612 1.450758898
6.614 1.452722169
6.616 1.454687038
6.618 1.456653501
6.62 1.458621553
6.622 1.460591188
6.624 1.462562399
6.626 1.464535178
6.628 1.466509519
6.63 1.468470762
6.632 1.470439888
6.634 1.47241327
6.636 1.474390766
6.638 1.476371886
6.64 1.478356176
6.642 1.480343282
6.644 1.482332872
6.646 1.484324671
6.648 1.486318437
6.65 1.488313967
6.652 1.490311113
6.654 1.492310395
6.656 1.494310724
6.658 1.496312242
6.66 1.498314798
6.662 1.500318372
6.664 1.502322907
6.666 1.504328381
6.668 1.506334772
6.67 1.508342073
6.672 1.510350284
6.674 1.512359414
6.676 1.514369478
6.678 1.516380497
6.68 1.518392497
6.682 1.520405509
6.684 1.522419565
6.686 1.524434703
6.688 1.526450959
6.69 1.52846837
6.692 1.530486974
6.694 1.53250681
6.696 1.534527914
6.698 1.536550323
6.7 1.53857407
6.702 1.540599188
6.704 1.542625708
6.706 1.544653656
6.708 1.546683057
6.71 1.548713934
6.712 1.550746305
6.714 1.552780186
6.716 1.55481559
6.718 1.556852526
6.72 1.558891001
6.722 1.560931019
6.724 1.562972583
6.726 1.565016499
6.728 1.567061611
6.73 1.569108218
6.732 1.571156231
6.734 1.573205701
6.736 1.575256612
6.738 1.577308972
6.74 1.579362779
6.742 1.581418031
6.744 1.583474724
6.746 1.58553325
6.748 1.58759312
6.75 1.589654334
6.752 1.591716913
6.754 1.593780859
6.756 1.595846164
6.758 1.597912834
6.76 1.599980868
6.762 1.602050269
6.764 1.604121039
6.766 1.606193183
6.768 1.608266708
6.77 1.61034162
6.772 1.612417924
6.774 1.614495636
6.776 1.616574758
6.778 1.618655283
6.78 1.620737228
6.782 1.622820611
6.784 1.624905449
6.786 1.626991738
6.788 1.629079566
6.79 1.631168984
6.792 1.633259984
6.794 1.635352576
6.796 1.637446776
6.798 1.639542601
6.8 1.641640069
6.802 1.6437392
6.804 1.645840007
6.806 1.647942554
6.808 1.650046866
6.81 1.652152948
6.812 1.654260815
6.814 1.656370483
6.816 1.658481972
6.818 1.660595298
6.82 1.662710482
6.822 1.664827543
6.824 1.666946501
6.826 1.66906675
6.828 1.671188714
6.83 1.673312953
6.832 1.675439217
6.834 1.677567634
6.836 1.67969815
6.838 1.681830794
6.84 1.683965556
6.842 1.686083322
6.844 1.688202752
6.846 1.690318158
6.848 1.692433327
6.85 1.694547785
6.852 1.696662247
6.854 1.698777131
6.856 1.700893265
6.858 1.703010866
6.86 1.7051303
6.862 1.707251858
6.864 1.70937577
6.866 1.711502345
6.868 1.713631889
6.87 1.715764691
6.872 1.71790102
6.874 1.72004111
6.876 1.722185208
6.878 1.724333555
6.88 1.726486375
6.882 1.728643879
6.884 1.730806259
6.886 1.732973695
6.888 1.735146346
6.89 1.737324357
6.892 1.739507855
6.894 1.741696885
6.896 1.743891559
6.898 1.746091977
6.9 1.748298217
6.902 1.750510328
6.904 1.752728345
6.906 1.754952297
6.908 1.757182178
6.91 1.759417975
6.912 1.761344511
6.914 1.76344825
6.916 1.765617905
6.918 1.767855176
6.92 1.770146928
6.922 1.772483737
6.924 1.774857591
6.926 1.777261673
6.928 1.779690323
6.93 1.782138786
6.932 1.784603138
6.934 1.787080121
6.936 1.789567058
6.938 1.792061774
6.94 1.794562523
6.942 1.797067921
6.944 1.799576904
6.946 1.80208867
6.948 1.804602654
6.95 1.807118476
6.952 1.809635912
6.954 1.812154711
6.956 1.814674753
6.958 1.817196292
6.96 1.81971963
6.962 1.822245143
6.964 1.824773231
6.966 1.827304324
6.968 1.829838882
6.97 1.832376542
6.972 1.834917776
6.974 1.837464078
6.976 1.840015736
6.978 1.842573325
6.98 1.845137315
6.982 1.847708186
6.984 1.850286336
6.986 1.852872198
6.988 1.855466112
6.99 1.858082278
6.992 1.860715214
6.994 1.863349454
6.996 1.865989353
6.998 1.86863552
7 1.871288954
7.002 1.873950433
7.004 1.87662057
7.006 1.879299777
7.008 1.881988001
7.01 1.884686787
7.012 1.887394478
7.014 1.89011286
7.016 1.892841812
7.018 1.895581391
7.02 1.89832745
7.022 1.901085232
7.024 1.903854269
7.026 1.906634427
7.028 1.909425647
7.03 1.9122278
7.032 1.915041853
7.034 1.917866212
7.036 1.920701081
7.038 1.923546383
7.04 1.926402076
7.042 1.92926812
7.044 1.932144486
7.046 1.935031162
7.048 1.937928142
7.05 1.940835433
7.052 1.943753049
7.054 1.946681007
7.056 1.949620374
7.058 1.952569796
7.06 1.955529641
7.062 1.958499997
7.064 1.961481
7.066 1.964472798
7.068 1.967475555
7.07 1.97048945
7.072 1.973514651
7.074 1.976551346
7.076 1.97960377
7.078 1.982639478
7.08 1.985740722
7.082 1.988850521
7.084 1.991991058
7.086 1.99514836
7.088 1.99832797
7.09 2.001525388
7.092 2.004741794
7.094 2.007975591
7.096 2.011226818
7.098 2.014494673
7.1 2.017778869
7.102 2.021061664
7.104 2.024369581
7.106 2.027717256
7.108 2.031085861
7.11 2.034479221
7.112 2.037892415
7.114 2.041325547
7.116 2.044776443
7.118 2.048208629
7.12 2.051712086
7.122 2.055224939
7.124 2.058769773
7.126 2.062330651
7.128 2.065912479
7.13 2.069472037
7.132 2.073103998
7.134 2.076743189
7.136 2.080413204
7.138 2.084097081
7.14 2.087762533
7.142 2.09149845
7.144 2.095241747
7.146 2.099014287
7.148 2.102780617
7.15 2.10657405
7.152 2.110405061
7.154 2.114253746
7.156 2.118102734
7.158 2.121975258
7.16 2.125886872
7.162 2.129814445
7.164 2.133722098
7.166 2.137701832
7.168 2.141686897
7.17 2.145679899
7.172 2.149692936
7.174 2.153746944
7.176 2.157794638
7.178 2.161870561
7.18 2.165983577
7.182 2.170091963
7.184 2.174227098
7.186 2.178399398
7.188 2.182565469
7.19 2.186744966
7.192 2.190925828
7.194 2.195115375
7.196 2.19933153
7.198 2.203524371
7.2 2.207727813
7.202 2.211928895
7.204 2.216135769
7.206 2.220366103
7.208 2.224735133
7.21 2.229127378
7.212 2.233530925
7.214 2.237955343
7.216 2.242397136
7.218 2.24685935
7.22 2.251340706
7.222 2.255842263
7.224 2.260363371
7.226 2.264904314
7.228 2.269464259
7.23 2.274043159
7.232 2.278639934
7.234 2.283254357
7.236 2.287882382
7.238 2.292498104
7.24 2.297097965
7.242 2.301658827
7.244 2.306256452
7.246 2.310773202
7.248 2.315329692
7.25 2.319882181
7.252 2.324438556
7.254 2.329059993
7.256 2.333636924
7.258 2.338275002
7.26 2.342910331
7.262 2.347547483
7.264 2.352248816
7.266 2.356900633
7.268 2.361587057
7.27 2.366323756
7.272 2.371016653
7.274 2.375738816
7.276 2.380491316
7.278 2.385247637
7.28 2.389983278
7.282 2.394751177
7.284 2.399508461
7.286 2.404244527
7.288 2.408982464
7.29 2.413741878
7.292 2.418494093
7.294 2.42321951
7.296 2.42794496
7.298 2.432688537
7.3 2.437397182
7.302 2.44213593
7.304 2.446829267
7.306 2.451642379
7.308 2.456377173
7.31 2.461081669
7.312 2.465731229
7.314 2.470362635
7.316 2.474931288
7.318 2.479419259
7.32 2.483932244
7.322 2.488327527
7.324 2.492647003
7.326 2.496884359
7.328 2.5010447
7.33 2.505155236
7.332 2.5092096
7.334 2.513189835
7.336 2.517121672
7.338 2.520997687
7.34 2.524823723
7.342 2.528597038
7.344 2.532318157
7.346 2.535984747
7.348 2.53959535
7.35 2.543147548
7.352 2.546665872
7.354 2.550081166
7.356 2.553435952
7.358 2.556705849
7.36 2.559899358
7.362 2.563008373
7.364 2.567938867
7.366 2.572333767
7.368 2.576420045
7.37 2.580207297
7.372 2.583712533
7.374 2.586958866
7.376 2.589960583
7.378 2.592731484
7.38 2.595277861
7.382 2.597609453
7.384 2.599736279
7.386 2.60167165
7.388 2.603422688
7.39 2.604995168
7.392 2.606394198
7.394 2.607624336
7.396 2.608689645
7.398 2.609594789
7.4 2.610344196
7.402 2.610941632
7.404 2.611390752
7.406 2.611689198
7.408 2.611839874
7.41 2.611844754
7.412 2.611711949
7.414 2.611436752
7.416 2.611027605
7.418 2.610485077
7.42 2.609812723
7.422 2.609014319
7.424 2.608093648
7.426 2.607054086
7.428 2.605899023
7.43 2.60463217
7.432 2.603256827
7.434 2.601776637
7.436 2.600194876
7.438 2.598515211
7.44 2.596749845
7.442 2.595082351
7.444 2.59329563
7.446 2.591448757
7.448 2.589543811
7.45 2.587588961
7.452 2.585590896
7.454 2.583555215
7.456 2.581486917
7.458 2.579388544
7.46 2.577255986
7.462 2.575059279
7.464 2.572791787
7.466 2.570457644
7.468 2.56377598
7.47 2.557417361
7.472 2.551109248
7.474 2.544848041
7.476 2.538843268
7.478 2.532818024
7.48 2.526976403
7.482 2.521048605
7.484 2.51501708
7.486 2.508880673
7.488 2.502713466
7.49 2.496536331
7.492 2.490296005
7.494 2.48398771
7.496 2.472679418
7.498 2.46113245
7.5 2.449509761
7.502 2.437804228
7.504 2.426028645
7.506 2.414197795
7.508 2.402434338
7.51 2.390690035
7.512 2.379038795
7.514 2.367508409
7.516 2.35613275
7.518 2.344921529
7.52 2.333839978
7.522 2.322874356
7.524 2.312049196
7.526 2.301386261
7.528 2.290609779
7.53 2.280119277
7.532 2.269933459
7.534 2.260053544
7.536 2.250463913
7.538 2.241234293
7.54 2.232353869
7.542 2.223815781
7.544 2.215613651
7.546 2.207737285
7.548 2.200154964
7.55 2.19281526
7.552 2.18569931
7.554 2.178631611
7.556 2.171759885
7.558 2.165082206
7.56 2.158596934
7.562 2.152302183
7.564 2.146196725
7.566 2.140277041
7.568 2.134595246
7.57 2.12917537
7.572 2.124002399
7.574 2.119077881
7.576 2.114366778
7.578 2.110267008
7.58 2.10620763
7.582 2.102179306
7.584 2.098190802
7.586 2.094259288
7.588 2.090385676
7.59 2.086575843
7.592 2.082821744
7.594 2.079234683
7.596 2.075789699
7.598 2.072373525
7.6 2.069121263
7.602 2.066035536
7.604 2.063118482
7.606 2.060375776
7.608 2.057805521
7.61 2.055405753
7.612 2.053165141
7.614 2.051011509
7.616 2.048852978
7.618 2.046823401
7.62 2.044909362
7.622 2.043112416
7.624 2.041427444
7.626 2.039850355
7.628 2.038378565
7.63 2.037154789
7.632 2.03608187
7.634 2.035128644
7.636 2.034263969
7.638 2.03350008
7.64 2.032827945
7.642 2.032247728
7.644 2.031760513
7.646 2.031346857
7.648 2.031003421
7.65 2.03072778
7.652 2.030525147
7.654 2.030387883
7.656 2.030310357
7.658 2.030293625
7.66 2.030334039
7.662 2.030442886
7.664 2.030620769
7.666 2.030854456
7.668 2.031138372
7.67 2.031474995
7.672 2.031857376
7.674 2.032280027
7.676 2.032725625
7.678 2.033189995
7.68 2.033895734
7.682 2.034550166
7.684 2.035196018
7.686 2.035838084
7.688 2.036482749
7.69 2.037239527
7.692 2.037997895
7.694 2.038759503
7.696 2.039536155
7.698 2.040317433
7.7 2.041121737
7.702 2.041944793
7.704 2.042799053
7.706 2.043683495
7.708 2.044589149
7.71 2.045534383
7.712 2.04651339
7.714 2.047192668
7.716 2.047944502
7.718 2.048760354
7.72 2.049630858
7.722 2.050559906
7.724 2.051548199
7.726 2.052593176
7.728 2.053708455
7.73 2.054880258
7.732 2.056113911
7.734 2.057405197
7.736 2.058746437
7.738 2.060153736
7.74 2.061617681
7.742 2.063126823
7.744 2.064692615
7.746 2.06630662
7.748 2.067971331
7.75 2.069691696
7.752 2.071455322
7.754 2.073266057
7.756 2.075127788
7.758 2.077060242
7.76 2.079030039
7.762 2.08103585
7.764 2.083086019
7.766 2.085177263
7.768 2.087303166
7.77 2.089468165
7.772 2.091668431
7.774 2.094596658
7.776 2.09740974
7.778 2.100064214
7.78 2.102644191
7.782 2.105115117
7.784 2.107522064
7.786 2.109864996
7.788 2.11215604
7.79 2.114414041
7.792 2.116659255
7.794 2.118949177
7.796 2.121223993
7.798 2.123508621
7.8 2.125809873
7.802 2.1281266
7.804 2.130475929
7.806 2.13285724
7.808 2.135271606
7.81 2.137739192
7.812 2.140243932
7.814 2.142797865
7.816 2.145405342
7.818 2.148048266
7.82 2.150745351
7.822 2.153494536
7.824 2.156277961
7.826 2.159115445
7.828 2.162005189
7.83 2.164937952
7.832 2.167917318
7.834 2.170939835
7.836 2.174014346
7.838 2.177125467
7.84 2.180279112
7.842 2.183479272
7.844 2.186721954
7.846 2.190000767
7.848 2.193308649
7.85 2.196665348
7.852 2.20005787
7.854 2.203493387
7.856 2.206958309
7.858 2.2104582
7.86 2.21399853
7.862 2.217583349
7.864 2.22122007
7.866 2.224907358
7.868 2.228646421
7.87 2.232427261
7.872 2.236254175
7.874 2.240129451
7.876 2.244044522
7.878 2.247961282
7.88 2.251879654
7.882 2.255799004
7.884 2.25972135
7.886 2.263645524
7.888 2.267565588
7.89 2.271489947
7.892 2.27545642
7.894 2.279289698
7.896 2.283188907
7.898 2.287127737
7.9 2.291098598
7.902 2.295096867
7.904 2.29911551
7.906 2.303072556
7.908 2.307032474
7.91 2.299743518
7.912 2.305085282
7.914 2.297546147
7.916 2.303338514
7.918 2.29518222
7.92 2.301169926
7.922 2.306239778
7.924 2.296036284
7.926 2.301787823
7.928 2.306265123
7.93 2.310236032
7.932 2.313859878
7.934 2.29908411
7.936 2.303469159
7.938 2.306629952
7.94 2.309304273
7.942 2.311754529
7.944 2.313839288
7.946 2.315714142
7.948 2.317370353
7.95 2.318861886
7.952 2.320217832
7.954 2.321472562
7.956 2.322636063
7.958 2.323715986
7.96 2.324729117
7.962 2.325693157
7.964 2.32661336
7.966 2.327485315
7.968 2.327742586
7.97 2.327963075
7.972 2.328135815
7.974 2.328295203
7.976 2.328442868
7.978 2.328590266
7.98 2.328754809
7.982 2.328931207
7.984 2.329129052
7.986 2.329349897
7.988 2.329597741
7.99 2.32988682
7.992 2.33022316
7.994 2.330605466
7.996 2.331041397
7.998 2.331529877
8 2.332074942
8.002 2.332677724
8.004 2.333339919
8.006 2.334054924
8.008 2.334808396
8.01 2.335608907
8.012 2.336461072
8.014 2.337359201
8.016 2.338303555
8.018 2.339289885
8.02 2.340315788
8.022 2.341377137
8.024 2.342469284
8.026 2.343585932
8.028 2.344723374
8.03 2.345874592
8.032 2.347032926
8.034 2.348190677
8.036 2.349340139
8.038 2.3504732
8.04 2.351581222
8.042 2.352655015
8.044 2.353685013
8.046 2.354661216
8.048 2.355573747
8.05 2.356411675
8.052 2.357171368
8.054 2.357830458
8.056 2.358382322
8.058 2.358811618
8.06 2.359106974
8.062 2.359252245
8.064 2.359232372
8.066 2.359029073
8.068 2.358623422
8.07 2.357993459
8.072 2.357115086
8.074 2.355963598
8.076 2.354510943
8.078 2.352725465
8.08 2.350571149
8.082 2.348013644
8.084 2.34493304
8.086 2.341393729
8.088 2.337302304
8.09 2.332585135
8.092 2.325884433
8.094 2.318357617
8.096 2.309822309
8.098 2.300051852
8.1 2.288801176
8.102 2.275723425
8.104 2.260370868
8.106 2.241437761
8.108 2.218502843
8.11 2.190208599
8.112 2.15729569
8.114 2.113976859
8.116 2.056202937
8.118 1.984201606
8.12 1.910154758
8.122 1.8135554
8.124 1.738217378
8.126 1.661984411
8.128 1.597678358
8.13 1.515529733
8.132 1.463784531
8.134 1.226563645
8.136 1.062125328
8.138 0.9480297079
8.14 0.8287809402
8.142 0.7365260902
8.144 0.6761169862
8.146 0.6240836067
8.148 0.5778820502
8.15 0.5391592716
8.152 0.4953724601
8.154 0.4534003978
8.156 0.3988998371
8.158 0.3544100668
8.16 0.3107412547
8.162 0.2675426079
8.164 0.2272057719
8.166 0.1877367898
8.168 0.1473082171
8.17 0.1038447058
8.172 0.05897456818
8.174 0.01217118256
8.176 -0.02993640655
8.178 -0.07231591245
8.18 -0.1159889002
8.182 -0.1589792212
8.184 -0.201677302
8.186 -0.2442560882
8.188 -0.28625686
8.19 -0.3274815556
8.192 -0.3714491997
8.194 -0.4224258341
8.196 -0.4753079555
8.198 -0.5322319653
8.2 -0.5919582829
8.202 -0.6529089989
8.204 -0.7154311341
8.206 -0.7814978949
8.208 -0.8476465441
8.21 -0.9121370326
8.212 -0.9805096739
8.214 -1.046237373
8.216 -1.110891834
8.218 -1.170443878
8.22 -1.22705857
8.222 -1.282755499
8.224 -1.331839688
8.226 -1.372991343
8.228 -1.409712964
8.23 -1.449046032
8.232 -1.470863184
8.234 -1.502384858
8.236 -1.477383867
8.238 -1.415267336
8.24 -1.342387921
8.242 -1.26525539
8.244 -1.143894388
8.246 -1.084517849
8.248 -0.5398976332
8.25 -0.6482276191
8.252 -1.152109556
8.254 -1.478949904
8.256 -1.725478272
8.258 -2.160186085
8.26 -2.601775169
8.262 -2.976887138
8.264 -3.398021074
8.266 -3.88405526
8.268 -3.814629581
8.27 -3.014414602
8.272 -2.856219969
8.274 -3.105091915
8.276 -2.889712342
8.278 -3.20378199
8.28 -3.456924992
8.282 -3.645713857
8.284 -3.830478409
