2.57647e-09
9.48215e-09
2.00747e-08
3.38047e-08
5.12958e-08
7.24987e-08
9.71761e-08
1.2526e-07
1.56701e-07
1.91425e-07
2.2936e-07
2.7042e-07
3.14511e-07
3.61534e-07
4.11385e-07
4.63954e-07
5.19128e-07
5.76794e-07
6.36836e-07
6.99141e-07
7.63593e-07
8.30082e-07
8.98498e-07
9.68738e-07
1.04652e-06
1.12694e-06
1.20995e-06
1.29551e-06
1.38357e-06
1.47409e-06
1.56704e-06
1.66235e-06
1.76e-06
1.85993e-06
1.96415e-06
2.10183e-06
2.24549e-06
2.39522e-06
2.55113e-06
2.71331e-06
2.88186e-06
3.05687e-06
3.23844e-06
3.42665e-06
3.62159e-06
3.82335e-06
4.03203e-06
4.24769e-06
4.47043e-06
4.70033e-06
4.93748e-06
5.18195e-06
5.43383e-06
5.6932e-06
5.96013e-06
6.23471e-06
6.51701e-06
6.80712e-06
7.1051e-06
7.41104e-06
7.72501e-06
8.04709e-06
8.37735e-06
8.71587e-06
9.06272e-06
9.41796e-06
9.78168e-06
1.01539e-05
1.05348e-05
1.09244e-05
1.13227e-05
1.17298e-05
1.21458e-05
1.25708e-05
1.30047e-05
1.34478e-05
1.39e-05
1.43613e-05
1.48319e-05
1.53119e-05
1.58012e-05
1.62999e-05
1.68081e-05
1.73258e-05
1.78531e-05
1.839e-05
1.89366e-05
1.94929e-05
2.0059e-05
2.06349e-05
2.12206e-05
2.18162e-05
2.24217e-05
2.30372e-05
2.36626e-05
2.42981e-05
2.49436e-05
2.55992e-05
2.62649e-05
2.69407e-05
2.76267e-05
2.83229e-05
2.90293e-05
2.97459e-05
3.04727e-05
3.12098e-05
3.19571e-05
3.27147e-05
3.34826e-05
3.42608e-05
3.50494e-05
3.58482e-05
3.66573e-05
3.74768e-05
3.83065e-05
3.91466e-05
3.9997e-05
4.08577e-05
4.17287e-05
4.26101e-05
4.35017e-05
4.44035e-05
4.53157e-05
4.6238e-05
4.71706e-05
4.81135e-05
4.90665e-05
5.00297e-05
5.1003e-05
5.19864e-05
5.298e-05
5.39836e-05
5.49972e-05
5.60208e-05
5.70544e-05
5.80979e-05
5.91513e-05
6.02145e-05
6.12875e-05
6.23703e-05
6.34627e-05
6.45649e-05
6.56766e-05
6.67979e-05
6.79286e-05
6.90688e-05
7.02184e-05
7.13773e-05
7.25454e-05
7.37227e-05
7.49092e-05
7.61046e-05
7.73091e-05
7.85224e-05
7.97446e-05
8.09755e-05
8.2215e-05
8.34631e-05
8.47198e-05
8.59848e-05
8.72581e-05
8.85397e-05
8.98294e-05
9.11272e-05
9.24331e-05
9.37469e-05
9.50684e-05
9.63975e-05
9.77342e-05
9.90784e-05
0.00010043
0.000101789
0.000103154
0.000104527
0.000105907
0.000107294
0.000108687
0.000110086
0.000111493
0.000112905
0.000114324
0.000115748
0.000117179
0.000118615
0.000120057
0.000121505
0.000122958
0.000124416
0.00012588
0.000127348
0.000128822
0.0001303
0.000131782
0.000133269
0.000134761
0.000136256
0.000137756
0.000139259
0.000140767
0.000142278
0.000143792
0.000145309
0.00014683
0.000148354
0.00014988
0.00015141
0.000152942
0.000154476
0.000156012
0.000157551
0.000159091
0.000160634
0.000162178
0.000163723
0.00016527
0.000166818
0.000168367
0.000169917
0.000171467
0.000173018
0.000174569
0.000176121
0.000177673
0.000179224
0.000180776
0.000182327
0.000183877
0.000185427
0.000186976
0.000188524
0.000190071
0.000191616
0.00019316
0.000194702
0.000196242
0.000197781
0.000199317
0.000200851
0.000202383
0.000203912
0.000205438
0.000206962
0.000208482
0.00021
0.000211514
0.000213024
0.000214531
0.000216035
0.000217534
0.00021903
0.000220521
0.000222008
0.000223491
0.000224969
0.000226442
0.00022791
0.000229374
0.000230833
0.000232286
0.000233734
0.000235176
0.000236613
0.000238044
0.00023947
0.000240889
0.000242303
0.00024371
0.000245111
0.000246506
0.000247894
0.000249275
0.00025065
0.000252018
0.00025338
0.000254734
0.000256081
0.000257421
0.000258754
0.000260079
0.000261397
0.000262708
0.000264011
0.000265306
0.000266593
0.000267873
0.000269145
0.000270409
0.000271665
0.000272913
0.000274153
0.000275384
0.000276608
0.000277823
0.00027903
0.000280228
0.000281419
0.0002826
0.000283773
0.000284938
0.000286094
0.000287242
0.000288381
0.000289511
0.000290633
0.000291746
0.00029285
0.000293946
0.000295033
0.000296111
0.000297181
0.000298242
0.000299295
0.000300338
0.000301373
0.0003024
0.000303417
0.000304426
0.000305427
0.000306419
0.000307402
0.000308377
0.000309344
0.000310301
0.000311251
0.000312192
0.000313125
0.00031405
0.000314966
0.000315874
0.000316774
0.000317666
0.00031855
0.000319427
0.000320295
0.000321155
0.000322008
0.000322853
0.00032369
0.00032452
0.000325343
0.000326158
0.000326966
0.000327767
0.00032856
0.000329347
0.000330127
0.0003309
0.000331666
0.000332426
0.000333179
0.000333926
0.000334666
0.000335401
0.000336129
0.000336851
0.000337568
0.000338279
0.000338984
0.000339683
0.000340378
0.000341067
0.000341751
0.00034243
0.000343104
0.000343773
0.000344438
0.000345098
0.000345754
0.000346405
0.000347053
0.000347696
0.000348336
0.000348972
0.000349604
0.000350234
0.000350859
0.000351482
0.000352102
0.000352719
0.000353333
0.000353944
0.000354553
0.00035516
0.000355765
0.000356161
0.000356557
0.00035695
0.000357342
0.000357732
0.00035812
0.000358506
0.000358891
0.000359274
0.000359656
0.000360037
0.000360416
0.000360795
0.000361173
0.000361551
0.000361928
0.000362305
0.000362682
0.00036306
0.000363438
0.000363816
0.000364196
0.000364577
0.000364959
0.000365342
0.000365728
0.000366115
0.000366504
0.000366896
0.00036729
0.000367687
0.000368087
0.00036849
0.000368896
0.000369306
0.000369719
0.000370135
0.000370556
0.00037098
0.000371408
0.00037184
0.000372277
0.000372718
0.000373163
0.000373612
0.000374066
0.000374525
0.000374988
0.000375456
0.000375928
0.000376405
0.000376888
0.000377374
0.000377866
0.000378363
0.000378865
0.000379371
0.000379883
0.000380399
0.00038092
0.000381447
0.000381978
0.000382515
0.000383057
0.000383603
0.000384155
0.000384711
0.000385273
0.00038584
0.000386412
0.000386989
0.000387571
0.000388158
0.00038875
0.000389348
0.00038995
0.000390557
0.00039117
0.000391787
0.00039241
0.000393037
0.00039367
0.000394307
0.00039495
0.000395597
0.000396249
0.000396906
0.000397568
0.000398235
0.000398906
0.000399583
0.000400264
0.000400949
0.000401639
0.000402334
0.000403033
0.000403736
0.000404444
0.000405156
0.000405873
0.000406593
0.000407318
0.000408046
0.000408779
0.000409515
0.000410255
0.000410999
0.000411746
0.000412497
0.000413251
0.000414008
0.000414769
0.000415532
0.000416299
0.000417069
0.000417841
0.000418616
0.000419393
0.000420173
0.000420955
0.00042174
0.000422526
0.000423314
0.000424105
0.000424897
0.00042569
0.000426485
0.000427282
0.00042808
0.000428878
0.000429678
0.000430479
0.00043128
0.000432082
0.000432884
0.000433687
0.00043449
0.000435293
0.000436096
0.000436899
0.000437702
0.000438504
0.000439305
0.000440106
0.000440906
0.000441705
0.000442503
0.0004433
0.000444095
0.000444889
0.000445681
0.000446472
0.00044726
0.000448047
0.000448831
0.000449613
0.000450393
0.00045117
0.000451945
0.000452717
0.000453485
0.000454251
0.000455014
0.000455773
0.000456529
0.000457281
0.00045803
0.000458775
0.000459516
0.000460253
0.000460985
0.000461714
0.000462438
0.000463158
0.000463873
0.000464583
0.000465289
0.00046599
0.000466685
0.000467376
0.000468061
0.000468741
0.000469415
0.000470084
0.000470747
0.000471405
0.000472057
0.000472702
0.000473342
0.000473976
0.000474603
0.000475225
0.000475839
0.000476448
0.00047705
0.000477645
0.000478234
0.000478816
0.000479392
0.00047996
0.000480522
0.000481076
0.000481624
0.000482164
0.000482697
0.000483223
0.000483742
0.000484254
0.000484758
0.000485255
0.000485744
0.000486226
0.0004867
0.000487167
0.000487627
0.000488078
0.000488522
0.000488959
0.000489387
0.000489808
0.000490222
0.000490627
0.000491025
0.000491415
0.000491797
0.000492172
0.000492538
0.000492897
0.000493249
0.000493592
0.000493928
0.000494255
0.000494575
0.000494888
0.000495192
0.000495489
0.000495778
0.00049606
0.000496334
0.0004966
0.000496859
0.00049711
0.000497353
0.000497589
0.000497817
0.000498038
0.000498252
0.000498458
0.000498657
0.000498849
0.000499033
0.00049921
0.00049938
0.000499543
0.000499698
0.000499847
0.000499989
0.000500124
0.000500252
0.000500373
0.000500487
0.000500595
0.000500696
0.000500791
0.000500879
0.000500961
0.000501036
0.000501105
0.000501168
0.000501225
0.000501276
0.000501321
0.000501359
0.000501392
0.000501419
0.000501441
0.000501457
0.000501467
0.000501472
0.000501472
0.000501466
0.000501455
0.000501439
0.000501418
0.000501392
0.000501361
0.000501325
0.000501285
0.00050124
0.000501191
0.000501137
0.000501079
0.000501016
0.00050095
0.000500879
0.000500805
0.000500726
0.000500644
0.000500558
0.000500469
0.000500376
0.000500279
0.00050018
0.000500077
0.000499971
0.000499862
0.00049975
0.000499635
0.000499518
0.000499397
0.000499275
0.00049915
0.000499022
0.000498892
0.00049876
0.000498626
0.00049849
0.000498353
0.000498213
0.000498072
0.000497929
0.000497784
0.000497639
0.000497492
0.000497343
0.000497194
0.000497043
0.000496892
0.00049674
0.000496587
0.000496433
0.000496279
0.000496124
0.000495969
0.000495813
0.000495658
0.000495502
0.000495346
0.00049519
0.000495034
0.000494879
0.000494724
0.000494569
0.000494414
0.000494261
0.000494107
0.000493955
0.000493803
0.000493652
0.000493502
0.000493353
0.000493206
0.000493059
0.000492914
0.00049277
0.000492627
0.000492486
0.000492346
0.000492208
0.000492072
0.000491937
0.000491804
0.000491674
0.000491545
0.000491418
0.000491293
0.00049117
0.00049105
0.000490931
0.000490816
0.000490702
0.000490591
0.000490482
0.000490376
0.000490273
0.000490172
0.000490074
0.000489979
0.000489886
0.000489796
0.00048971
0.000489626
0.000489545
0.000489467
0.000489392
0.000489321
0.000489252
0.000489187
0.000489125
0.000489066
0.00048901
0.000488958
0.000488909
0.000488863
0.000488821
0.000488783
0.000488747
0.000488716
0.000488687
0.000488662
0.000488641
0.000488624
0.000488609
0.000488599
0.000488592
0.000488589
0.000488589
0.000488593
0.000488601
0.000488612
0.000488627
0.000488645
0.000488667
0.000488693
0.000488723
0.000488756
0.000488792
0.000488833
0.000488877
0.000488925
0.000488976
0.000489031
0.000489089
0.000489151
0.000489217
0.000489286
0.000489358
0.000489434
0.000489514
0.000489597
0.000489684
0.000489773
0.000489867
0.000489963
0.000490063
0.000490166
0.000490273
0.000490383
0.000490496
0.000490612
0.000490731
0.000490853
0.000490978
0.000491107
0.000491238
0.000491372
0.000491509
0.000491649
0.000491791
0.000491937
0.000492085
0.000492235
0.000492389
0.000492544
0.000492703
0.000492863
0.000493026
0.000493192
0.000493359
0.000493529
0.000493701
0.000493875
0.00049405
0.000494228
0.000494408
0.00049459
0.000494773
0.000494958
0.000495145
0.000495333
0.000495523
0.000495714
0.000495906
0.0004961
0.000496295
0.000496492
0.000496689
0.000496887
0.000497086
0.000497286
0.000497487
0.000497689
0.000497891
0.000498094
0.000498298
0.000498502
0.000498706
0.00049891
0.000499115
0.00049932
0.000499525
0.00049973
0.000499935
0.000500139
0.000500344
0.000500548
0.000500752
0.000500955
0.000501158
0.00050136
0.000501562
0.000501763
0.000501963
0.000502162
0.00050236
0.000502558
0.000502754
0.000502949
0.000503142
0.000503335
0.000503526
0.000503716
0.000503904
0.00050409
0.000504275
0.000504458
0.00050464
0.000504819
0.000504997
0.000505173
0.000505346
0.000505518
0.000505688
0.000505855
0.00050602
0.000506182
0.000506343
0.0005065
0.000506656
0.000506809
0.000506959
0.000507106
0.000507251
0.000507393
0.000507532
0.000507669
0.000507802
0.000507932
0.00050806
0.000508184
0.000508306
0.000508424
0.000508539
0.000508651
0.00050876
0.000508865
0.000508967
0.000509066
0.000509161
0.000509253
0.000509342
0.000509427
0.000509508
0.000509586
0.000509661
0.000509732
0.000509799
0.000509863
0.000509923
0.00050998
0.000510033
0.000510082
0.000510128
0.00051017
0.000510208
0.000510243
0.000510273
0.000510301
0.000510324
0.000510344
0.00051036
0.000510372
0.000510381
0.000510386
0.000510387
0.000510385
0.000510379
0.000510369
0.000510355
0.000510338
0.000510317
0.000510293
0.000510265
0.000510233
0.000510198
0.000510159
0.000510117
0.000510071
0.000510022
0.00050997
0.000509913
0.000509854
0.000509791
0.000509725
0.000509656
0.000509583
0.000509507
0.000509428
0.000509346
0.000509261
0.000509172
0.000509081
0.000508987
0.00050889
0.00050879
0.000508687
0.000508581
0.000508473
0.000508362
0.000508248
0.000508132
0.000508014
0.000507892
0.000507769
0.000507643
0.000507515
0.000507385
0.000507253
0.000507118
0.000506982
0.000506844
0.000506703
0.000506561
0.000506418
0.000506272
0.000506125
0.000505977
0.000505827
0.000505675
0.000505523
0.000505369
0.000505213
0.000505057
0.0005049
0.000504742
0.000504583
0.000504423
0.000504263
0.000504102
0.00050394
0.000503778
0.000503615
0.000503452
0.000503289
0.000503126
0.000502963
0.0005028
0.000502636
0.000502473
0.000502311
0.000502148
0.000501986
0.000501825
0.000501664
0.000501503
0.000501344
0.000501185
0.000501027
0.00050087
0.000500715
0.00050056
0.000500407
0.000500255
0.000500104
0.000499955
0.000499807
0.000499661
0.000499517
0.000499374
0.000499233
0.000499095
0.000498958
0.000498823
0.000498691
0.000498561
0.000498433
0.000498307
0.000498184
0.000498064
0.000497946
0.00049783
0.000497718
0.000497608
0.000497501
0.000497398
0.000497297
0.000497199
0.000497104
0.000497013
0.000496925
0.00049684
0.000496759
0.000496681
0.000496607
0.000496536
0.000496475
0.000496417
0.000496363
0.000496314
0.000496268
0.000496226
0.000496187
0.000496153
0.000496123
0.000496098
0.000496076
0.000496059
0.000496045
0.000496036
0.000496032
0.000496032
0.000496036
0.000496045
0.000496058
0.000496076
0.000496098
0.000496125
0.000496156
0.000496193
0.000496233
0.000496279
0.000496329
0.000496384
0.000496444
0.000496508
0.000496577
0.000496651
0.00049673
0.000496814
0.000496903
0.000496996
0.000497094
0.000497197
0.000497305
0.000497418
0.000497536
0.000497659
0.000497787
0.000497919
0.000498056
0.000498199
0.000498346
0.000498498
0.000498655
0.000498817
0.000498984
0.000499155
0.000499332
0.000499513
0.000499699
0.00049989
0.000500086
0.000500286
0.000500491
0.000500701
0.000500916
0.000501135
0.000501359
0.000501588
0.000501821
0.000502059
0.000502301
0.000502548
0.0005028
0.000503056
0.000503316
0.000503581
0.00050385
0.000504123
0.000504401
0.000504683
0.00050497
0.00050526
0.000505555
0.000505853
0.000506156
0.000506463
0.000506773
0.000507088
0.000507406
0.000507729
0.000508055
0.000508385
0.000508718
0.000509055
0.000509396
0.00050974
0.000510088
0.000510439
0.000510793
0.000511151
0.000511512
0.000511876
0.000512243
0.000512613
0.000512987
0.000513363
0.000513742
0.000514125
0.000514509
0.000514897
0.000515287
0.00051568
0.000516075
0.000516473
0.000516873
0.000517276
0.000517681
0.000518088
0.000518497
0.000518909
0.000519322
0.000519738
0.000520155
0.000520575
0.000520996
0.00052142
0.000521845
0.000522271
0.0005227
0.000523129
0.000523561
0.000523994
0.000524428
0.000524863
0.0005253
0.000525738
0.000526178
0.000526618
0.000527059
0.000527502
0.000527945
0.000528389
0.000528834
0.00052928
0.000529726
0.000530173
0.000530621
0.000531069
0.000531517
0.000531966
0.000532415
0.000532865
0.000533314
0.000533764
0.000534214
0.000534664
0.000535114
0.000535563
0.000536013
0.000536462
0.000536912
0.000537361
0.000537809
0.000538257
0.000538705
0.000539152
0.000539599
0.000540045
0.000540491
0.000540936
0.00054138
0.000541824
0.000542266
0.000542708
0.000543149
0.00054359
0.000544029
0.000544467
0.000544905
0.000545341
0.000545776
0.000546211
0.000546644
0.000547076
0.000547507
0.000547936
0.000548365
0.000548792
0.000549219
0.000549643
0.000550067
0.000550489
0.000550911
0.00055133
0.000551749
0.000552166
0.000552582
0.000552996
0.000553409
0.000553821
0.000554231
0.00055464
0.000555047
0.000555454
0.000555858
0.000556262
0.000556664
0.000557064
0.000557463
0.000557861
0.000558257
0.000558652
0.000559046
0.000559438
0.000559829
0.000560219
0.000560607
0.000560994
0.000561379
0.000561764
0.000562147
0.000562528
0.000562909
0.000563288
0.000563666
0.000564043
0.000564419
0.000564793
0.000565167
0.000565539
0.00056591
0.000566281
0.00056665
0.000567018
0.000567386
0.000567752
0.000568118
0.000568482
0.000568846
0.000569209
0.000569572
0.000569934
0.000570295
0.000570655
0.000571015
0.000571374
0.000571733
0.000572092
0.00057245
0.000572808
0.000573165
0.000573522
0.000573879
0.000574236
0.000574593
0.000574949
0.000575306
0.000575662
0.000576019
0.000576376
0.000576733
0.000577091
0.000577448
0.000577806
0.000578165
0.000578524
0.000578883
0.000579243
0.000579604
0.000579965
0.000580328
0.000580691
0.000581055
0.000581419
0.000581785
0.000582152
0.00058252
0.00058289
0.00058326
0.000583632
0.000584005
0.00058438
0.000584756
0.000585134
0.000585513
0.000585894
0.000586277
0.000586662
0.000587048
0.000587437
0.000587827
0.00058822
0.000588615
0.000589011
0.000589411
0.000589812
0.000590216
0.000590622
0.000591031
0.000591442
0.000591856
0.000592273
0.000592693
0.000593115
0.00059354
0.000593968
0.000594399
0.000594834
0.000595271
0.000595711
0.000596155
0.000596602
0.000597053
0.000597506
0.000597964
0.000598425
0.000598889
0.000599357
0.000599829
0.000600305
0.000600784
0.000601267
0.000601754
0.000602246
0.000602741
0.00060324
0.000603743
0.000604251
0.000604763
0.000605279
0.000605799
0.000606324
0.000606853
0.000607387
0.000607925
0.000608467
0.000609015
0.000609567
0.000610123
0.000610684
0.00061125
0.000611821
0.000612397
0.000612977
0.000613563
0.000614153
0.000614749
0.000615349
0.000615954
0.000616565
0.00061718
0.000617801
0.000618427
0.000619058
0.000619694
0.000620335
0.000620982
0.000621634
0.000622291
0.000622954
0.000623622
0.000624295
0.000624974
0.000625658
0.000626348
0.000627043
0.000627743
0.000628449
0.00062916
0.000629877
0.000630599
0.000631327
0.000632061
0.000632799
0.000633544
0.000634294
0.000635049
0.00063581
0.000636577
0.000637349
0.000638126
0.00063891
0.000639698
0.000640492
0.000641292
0.000642097
0.000642908
0.000643725
0.000644546
0.000645374
0.000646206
0.000647045
0.000647888
0.000648737
0.000649592
0.000650452
0.000651317
0.000652188
0.000653064
0.000653946
0.000654832
0.000655725
0.000656622
0.000657525
0.000658432
0.000659345
0.000660264
0.000661187
0.000662116
0.000663049
0.000663988
0.000664932
0.000665881
0.000666835
0.000667794
0.000668757
0.000669726
0.000670699
0.000671678
0.000672661
0.000673649
0.000674641
0.000675639
0.000676641
0.000677647
0.000678658
0.000679674
0.000680694
0.000681719
0.000682748
0.000683782
0.00068482
0.000685862
0.000686908
0.000687959
0.000689013
0.000690072
0.000691135
0.000692202
0.000693272
0.000694347
0.000695426
0.000696509
0.000697595
0.000698685
0.000699779
0.000700877
0.000701978
0.000703083
0.000704192
0.000705304
0.00070642
0.000707539
0.000708661
0.000709787
0.000710916
0.000712048
0.000713183
0.000714322
0.000715464
0.000716608
0.000717756
0.000718907
0.000720061
0.000721217
0.000722377
0.000723539
0.000724704
0.000725872
0.000727042
0.000728215
0.000729391
0.000730569
0.00073175
0.000732933
0.000734119
0.000735307
0.000736498
0.000737691
0.000738886
0.000740083
0.000741283
0.000742485
0.000743689
0.000744896
0.000746104
0.000747315
0.000748527
0.000749742
0.000750958
0.000752177
0.000753397
0.000754619
0.000755844
0.00075707
0.000758297
0.000759527
0.000760758
0.000761991
0.000763226
0.000764462
0.0007657
0.00076694
0.000768181
0.000769423
0.000770667
0.000771913
0.00077316
0.000774409
0.000775659
0.00077691
0.000778163
0.000779417
0.000780672
0.000781929
0.000783187
0.000784446
0.000785707
0.000786969
0.000788232
0.000789496
0.000790761
0.000792028
0.000793296
0.000794565
0.000795835
0.000797107
0.00079838
0.000799653
0.000800928
0.000802205
0.000803482
0.00080476
0.00080604
0.000807321
0.000808603
0.000809886
0.000811171
0.000812456
0.000813743
0.000815031
0.00081632
0.00081761
0.000818902
0.000820195
0.000821489
0.000822784
0.000824081
0.000825379
0.000826678
0.000827979
0.000829281
0.000830585
0.000831889
0.000833196
0.000834503
0.000835812
0.000837123
0.000838435
0.000839748
0.000841064
0.00084238
0.000843699
0.000845019
0.00084634
0.000847663
0.000848988
0.000850315
0.000851644
0.000852974
0.000854306
0.00085564
0.000856976
0.000858314
0.000859654
0.000860996
0.000862339
0.000863685
0.000865033
0.000866384
0.000867736
0.00086909
0.000870447
0.000871806
0.000873168
0.000874532
0.000875898
0.000877267
0.000878638
0.000880012
0.000881388
0.000882768
0.000884149
0.000885534
0.000886921
0.000888311
0.000889704
0.0008911
0.000892499
0.000893901
0.000895305
0.000896713
0.000898124
0.000899539
0.000900956
0.000902377
0.000903801
0.000905229
0.00090666
0.000908094
0.000909532
0.000910974
0.000912419
0.000913868
0.000915321
0.000916777
0.000918237
0.000919702
0.00092117
0.000922642
0.000924118
0.000925598
0.000927082
0.000928571
0.000930064
0.000931561
0.000933062
0.000934568
0.000936078
0.000937593
0.000939112
0.000940636
0.000942165
0.000943698
0.000945236
0.000946778
0.000948326
0.000949878
0.000951436
0.000952998
0.000954566
0.000956138
0.000957716
0.000959298
0.000960886
0.00096248
0.000964078
0.000965682
0.000967292
0.000968906
0.000970527
0.000972153
0.000973784
0.000975421
0.000977064
0.000978712
0.000980366
0.000982026
0.000983692
0.000985364
0.000987042
0.000988725
0.000990415
0.000992111
0.000993813
0.000995521
0.000997235
0.000998955
0.00100068
0.00100241
0.00100415
0.0010059
0.00100765
0.00100941
0.00101117
0.00101294
0.00101472
0.00101651
0.0010183
0.00102009
0.0010219
0.00102371
0.00102553
0.00102735
0.00102918
0.00103102
0.00103286
0.00103471
0.00103657
0.00103844
0.00104031
0.00104219
0.00104407
0.00104597
0.00104786
0.00104977
0.00105168
0.00105361
0.00105553
0.00105747
0.00105941
0.00106136
0.00106331
0.00106528
0.00106725
0.00106922
0.00107121
0.0010732
0.0010752
0.0010772
0.00107922
0.00108124
0.00108326
0.0010853
0.00108734
0.00108939
0.00109144
0.00109351
0.00109558
0.00109765
0.00109974
0.00110183
0.00110393
0.00110604
0.00110815
0.00111027
0.0011124
0.00111453
0.00111668
0.00111883
0.00112098
0.00112315
0.00112532
0.00112749
0.00112968
0.00113187
0.00113407
0.00113628
0.00113849
0.00114071
0.00114294
0.00114517
0.00114742
0.00114966
0.00115192
0.00115418
0.00115645
0.00115873
0.00116101
0.0011633
0.0011656
0.00116791
0.00117022
0.00117253
0.00117486
0.00117719
0.00117953
0.00118187
0.00118423
0.00118659
0.00118895
0.00119132
0.0011937
0.00119609
0.00119848
0.00120087
0.00120328
0.00120569
0.00120811
0.00121053
0.00121296
0.0012154
0.00121784
0.00122029
0.00122275
0.00122521
0.00122768
0.00123015
0.00123263
0.00123512
0.00123761
0.00124011
0.00124261
0.00124512
0.00124764
0.00125016
0.00125269
0.00125523
0.00125777
0.00126031
0.00126287
0.00126543
0.00126799
0.00127056
0.00127314
0.00127572
0.00127831
0.0012809
0.0012835
0.0012861
0.00128871
0.00129133
0.00129395
0.00129657
0.00129921
0.00130185
0.00130449
0.00130714
0.00130979
0.00131245
0.00131512
0.00131779
0.00132047
0.00132315
0.00132583
0.00132853
0.00133122
0.00133393
0.00133664
0.00133935
0.00134207
0.00134479
0.00134752
0.00135026
0.001353
0.00135574
0.00135849
0.00136125
0.00136401
0.00136678
0.00136955
0.00137233
0.00137511
0.00137789
0.00138069
0.00138348
0.00138628
0.00138909
0.0013919
0.00139472
0.00139754
0.00140037
0.0014032
0.00140604
0.00140888
0.00141173
0.00141458
0.00141744
0.0014203
0.00142317
0.00142605
0.00142892
0.00143181
0.00143469
0.00143759
0.00144049
0.00144339
0.0014463
0.00144921
0.00145213
0.00145506
0.00145799
0.00146092
0.00146386
0.00146681
0.00146976
0.00147271
0.00147567
0.00147864
0.00148161
0.00148459
0.00148757
0.00149056
0.00149355
0.00149655
0.00149955
0.00150256
0.00150557
0.00150859
0.00151162
0.00151465
0.00151769
0.00152073
0.00152378
0.00152683
0.00152989
0.00153296
0.00153603
0.0015391
0.00154219
0.00154528
0.00154837
0.00155147
0.00155458
0.00155769
0.00156081
0.00156393
0.00156706
0.0015702
0.00157334
0.00157649
0.00157965
0.00158281
0.00158598
0.00158915
0.00159234
0.00159552
0.00159872
0.00160192
0.00160513
0.00160834
0.00161156
0.00161478
0.00161801
0.00162124
0.00162448
0.00162772
0.00163097
0.00163422
0.00163748
0.00164075
0.00164402
0.00164729
0.00165057
0.00165385
0.00165714
0.00166044
0.00166374
0.00166705
0.00167036
0.00167368
0.001677
0.00168033
0.00168366
0.001687
0.00169035
0.0016937
0.00169706
0.00170042
0.00170379
0.00170717
0.00171055
0.00171394
0.00171733
0.00172073
0.00172414
0.00172756
0.00173098
0.0017344
0.00173783
0.00174127
0.00174472
0.00174817
0.00175163
0.0017551
0.00175857
0.00176205
0.00176554
0.00176903
0.00177254
0.00177604
0.00177956
0.00178308
0.00178661
0.00179015
0.00179369
0.00179724
0.0018008
0.00180437
0.00180794
0.00181152
0.00181511
0.00181871
0.00182231
0.00182592
0.00182954
0.00183317
0.00183681
0.00184045
0.0018441
0.00184776
0.00185143
0.0018551
0.00185878
0.00186247
0.00186617
0.00186988
0.00187359
0.00187732
0.00188105
0.00188479
0.00188854
0.00189229
0.00189606
0.00189983
0.00190362
0.00190741
0.0019112
0.00191501
0.00191883
0.00192265
0.00192649
0.00193033
0.00193418
0.00193804
0.00194191
0.00194578
0.00194967
0.00195356
0.00195747
0.00196138
0.0019653
0.00196923
0.00197317
0.00197712
0.00198108
0.00198504
0.00198902
0.001993
0.001997
0.002001
0.00200501
0.00200903
0.00201306
0.0020171
0.00202115
0.0020252
0.00202927
0.00203335
0.00203743
0.00204153
0.00204563
0.00204974
0.00205387
0.002058
0.00206214
0.00206629
0.00207045
0.00207462
0.0020788
0.00208298
0.00208718
0.00209139
0.0020956
0.00209983
0.00210406
0.00210831
0.00211256
0.00211682
0.0021211
0.00212538
0.00212967
0.00213397
0.00213828
0.0021426
0.00214693
0.00215127
0.00215562
0.00215997
0.00216434
0.00216872
0.0021731
0.0021775
0.0021819
0.00218632
0.00219074
0.00219517
0.00219961
0.00220406
0.00220853
0.002213
0.00221748
0.00222196
0.00222646
0.00223097
0.00223549
0.00224001
0.00224455
0.0022491
0.00225365
0.00225821
0.00226279
0.00226737
0.00227196
0.00227656
0.00228117
0.00228579
0.00229042
0.00229506
0.00229971
0.00230436
0.00230903
0.0023137
0.00231839
0.00232308
0.00232778
0.00233249
0.00233721
0.00234194
0.00234668
0.00235143
0.00235619
0.00236095
0.00236573
0.00237051
0.00237531
0.00238011
0.00238492
0.00238974
0.00239457
0.00239941
0.00240426
0.00240911
0.00241398
0.00241885
0.00242374
0.00242863
0.00243353
0.00243844
0.00244336
0.00244828
0.00245322
0.00245817
0.00246312
0.00246808
0.00247305
0.00247804
0.00248302
0.00248802
0.00249303
0.00249805
0.00250307
0.0025081
0.00251314
0.0025182
0.00252326
0.00252832
0.0025334
0.00253849
0.00254358
0.00254868
0.0025538
0.00255892
0.00256404
0.00256918
0.00257433
0.00257948
0.00258465
0.00258982
0.002595
0.00260019
0.00260539
0.0026106
0.00261582
0.00262104
0.00262627
0.00263152
0.00263677
0.00264203
0.0026473
0.00265257
0.00265786
0.00266315
0.00266846
0.00267377
0.00267909
0.00268442
0.00268976
0.0026951
0.00270046
0.00270583
0.0027112
0.00271658
0.00272197
0.00272737
0.00273278
0.0027382
0.00274363
0.00274906
0.00275451
0.00275996
0.00276542
0.00277089
0.00277638
0.00278187
0.00278736
0.00279287
0.00279839
0.00280391
0.00280945
0.00281499
0.00282055
0.00282611
0.00283168
0.00283726
0.00284285
0.00284845
0.00285406
0.00285968
0.00286531
0.00287094
0.00287659
0.00288225
0.00288791
0.00289359
0.00289927
0.00290496
0.00291067
0.00291638
0.0029221
0.00292784
0.00293358
0.00293933
0.00294509
0.00295087
0.00295665
0.00296244
0.00296824
0.00297405
0.00297988
0.00298571
0.00299155
0.0029974
0.00300327
0.00300914
0.00301502
0.00302092
0.00302682
0.00303274
0.00303866
0.0030446
0.00305016
0.00305561
0.00306102
0.0030664
0.00307175
0.00307707
0.00308238
0.00308767
0.00309295
0.00309821
0.00310347
0.00310873
0.00311397
0.00311922
0.00312446
0.0031297
0.00313495
0.00314019
0.00314544
0.00315069
0.00315594
0.0031612
0.00316646
0.00317174
0.00317702
0.00318231
0.00318761
0.00319292
0.00319824
0.00320357
0.00320892
0.00321428
0.00321965
0.00322504
0.00323045
0.00323586
0.0032413
0.00324675
0.00325221
0.0032577
0.0032632
0.00326871
0.00327425
0.0032798
0.00328537
0.00329095
0.00329656
0.00330217
0.00330781
0.00331346
0.00331913
0.00332482
0.00333052
0.00333624
0.00334198
0.00334773
0.0033535
0.00335928
0.00336508
0.00337089
0.00337672
0.00338256
0.00338841
0.00339429
0.00340017
0.00340607
0.00341199
0.00341792
0.00342386
0.00342982
0.00343579
0.00344178
0.00344778
0.00345379
0.00345982
0.00346586
0.00347192
0.00347799
0.00348408
0.00349019
0.0034963
0.00350244
0.00350859
0.00351475
0.00352093
0.00352713
0.00353334
0.00353957
0.00354582
0.00355208
0.00355836
0.00356466
0.00357097
0.0035773
0.00358365
0.00359002
0.0035964
0.0036028
0.00360922
0.00361566
0.00362212
0.00362859
0.00363508
0.00364159
0.00364812
0.00365467
0.00366124
0.00366782
0.00367443
0.00368105
0.00368769
0.00369435
0.00370103
0.00370772
0.00371444
0.00372117
0.00372793
0.0037347
0.00374149
0.0037483
0.00375512
0.00376197
0.00376883
0.00377572
0.00378262
0.00378954
0.00379648
0.00380343
0.00381041
0.0038174
0.00382442
0.00383145
0.0038385
0.00384557
0.00385266
0.00385976
0.00386689
0.00387403
0.00388119
0.00388837
0.00389557
0.00390279
0.00391003
0.00391729
0.00392456
0.00393186
0.00393917
0.0039465
0.00395386
0.00396123
0.00396862
0.00397603
0.00398346
0.0039909
0.00399837
0.00400586
0.00401336
0.00402089
0.00402843
0.004036
0.00404358
0.00405118
0.0040588
0.00406645
0.00407411
0.00408179
0.00408949
0.00409721
0.00410495
0.00411271
0.00412049
0.00412828
0.0041361
0.00414394
0.0041518
0.00415967
0.00416757
0.00417549
0.00418342
0.00419138
0.00419935
0.00420735
0.00421536
0.00422339
0.00423145
0.00423951
0.00424759
0.00425568
0.00426377
0.00427187
0.00427998
0.0042881
0.00429622
0.00430435
0.0043125
0.00432064
0.0043288
0.00433697
0.00434514
0.00435332
0.0043615
0.0043697
0.0043779
0.00438611
0.00439433
0.00440255
0.00441079
0.00441903
0.00442727
0.00443553
0.00444379
0.00445206
0.00446034
0.00446862
0.00447691
0.00448521
0.00449351
0.00450183
0.00451015
0.00451847
0.00452681
0.00453515
0.0045435
0.00455186
0.00456022
0.00456859
0.00457697
0.00458536
0.00459375
0.00460215
0.00461056
0.00461898
0.0046274
0.00463583
0.00464427
0.00465272
0.00466117
0.00466964
0.00467811
0.00468745
0.0046968
0.00470615
0.00471552
0.0047249
0.00473429
0.00474368
0.00475309
0.00476251
0.00477193
0.00478137
0.00479082
0.00480027
0.00480974
0.00481922
0.00482871
0.00483821
0.00484772
0.00485724
0.00486677
0.00487631
0.00488586
0.00489542
0.00490499
0.00491457
0.00492416
0.00493376
0.00494337
0.00495299
0.00496263
0.00497227
0.00498192
0.00499158
0.00500125
0.00501094
0.00502063
0.00503033
0.00504004
0.00504976
0.0050595
0.00506924
0.00507899
0.00508875
0.00509853
0.00510831
0.0051181
0.0051279
0.00513771
0.00514753
0.00515737
0.00516721
0.00517706
0.00518692
0.00519679
0.00520667
0.00521656
0.00522646
0.00523637
0.00524629
0.00525622
0.00526616
0.00527611
0.00528607
0.00529604
0.00530602
0.00531601
0.00532601
0.00533602
0.00534603
0.00535606
0.0053661
0.00537615
0.00538621
0.00539628
0.00540636
0.00541645
0.00542655
0.00543666
0.00544678
0.00545691
0.00546705
0.0054772
0.00548736
0.00549753
0.00550771
0.0055179
0.0055281
0.00553832
0.00554854
0.00555877
0.00556902
0.00557927
0.00558953
0.00559981
0.00561009
0.00562039
0.0056307
0.00564101
0.00565134
0.00566168
0.00567203
0.00568239
0.00569276
0.00570314
0.00571354
0.00572395
0.00573438
0.00574482
0.00575527
0.00576573
0.00577621
0.0057867
0.0057972
0.00580771
0.00581824
0.00582878
0.00583933
0.00584989
0.00586047
0.00587105
0.00588165
0.00589226
0.00590288
0.00591352
0.00592416
0.00593482
0.00594549
0.00595617
0.00596686
0.00597757
0.00598829
0.00599902
0.00600976
0.00602051
0.00603128
0.00604205
0.00605284
0.00606365
0.00607446
0.00608529
0.00609613
0.00610698
0.00611784
0.00612872
0.00613961
0.00615051
0.00616143
0.00617236
0.0061833
0.00619425
0.00620522
0.00621619
0.0062257
0.00623478
0.00624374
0.00625254
0.00626122
0.00626979
0.00627828
0.0062867
0.00629505
0.00630334
0.00631159
0.00631981
0.00632799
0.00633614
0.00634428
0.00635239
0.0063605
0.00636859
0.00637668
0.00638477
0.00639286
0.00640095
0.00640905
0.00641716
0.00642528
0.00643341
0.00644156
0.00644972
0.0064579
0.0064661
0.00647432
0.00648257
0.00649084
0.00649913
0.00650745
0.0065158
0.00652417
0.00653257
0.00654099
0.00654944
0.00655792
0.00656643
0.00657496
0.00658352
0.00659211
0.00660072
0.00660936
0.00661802
0.0066267
0.00663541
0.00664414
0.00665289
0.00666166
0.00667045
0.00667926
0.00668809
0.00669694
0.0067058
0.00671468
0.00672358
0.0067325
0.00674143
0.00675037
0.00675933
0.00676831
0.0067773
0.0067863
0.00679532
0.00680435
0.0068134
0.00682246
0.00683154
0.00684063
0.00684973
0.00685885
0.00686799
0.00687714
0.00688631
0.00689549
0.00690469
0.0069139
0.00692313
0.00693238
0.00694165
0.00695093
0.00696023
0.00696955
0.00697889
0.00698825
0.00699763
0.00700703
0.00701645
0.00702588
0.00703534
0.00704482
0.00705432
0.00706385
0.00707339
0.00708295
0.00709254
0.00710215
0.00711178
0.00712143
0.0071311
0.00714079
0.0071505
0.00716024
0.00717
0.00717977
0.00718957
0.00719939
0.00720923
0.00721909
0.00722897
0.00723888
0.0072488
0.00725874
0.0072687
0.00727869
0.00728869
0.00729871
0.00730875
0.00731881
0.00732889
0.00733899
0.00734911
0.00735924
0.0073694
0.00737957
0.00738977
0.00739998
0.00741021
0.00742046
0.00743073
0.00744101
0.00745132
0.00746164
0.00747199
0.00748235
0.00749273
0.00750312
0.00751354
0.00752398
0.00753443
0.0075449
0.00755539
0.0075659
0.00757643
0.00758697
0.00759754
0.00760812
0.00761872
0.00762934
0.00763998
0.00765063
0.0076613
0.00767199
0.0076827
0.00769343
0.00770418
0.00771494
0.00772572
0.00773652
0.00774734
0.00775817
0.00776903
0.0077799
0.00779078
0.00780169
0.00781261
0.00782355
0.00783451
0.00784548
0.00785647
0.00786748
0.00787851
0.00788955
0.00790061
0.00791168
0.00792278
0.00793388
0.00794501
0.00795615
0.0079673
0.00797847
0.00798966
0.00800086
0.00801208
0.00802331
0.00803456
0.00804582
0.0080571
0.00806839
0.0080797
0.00809103
0.00810236
0.00811372
0.00812508
0.00813647
0.00814786
0.00815928
0.0081707
0.00818215
0.0081936
0.00820507
0.00821656
0.00822806
0.00823957
0.0082511
0.00826264
0.0082742
0.00828577
0.00829735
0.00830895
0.00832056
0.00833219
0.00834383
0.00835548
0.00836715
0.00837883
0.00839053
0.00840224
0.00841396
0.00842569
0.00843744
0.00844921
0.00846098
0.00847277
0.00848458
0.00849639
0.00850822
0.00852006
0.00853192
0.00854379
0.00855567
0.00856757
0.00857947
0.00859139
0.00860333
0.00861527
0.00862723
0.0086392
0.00865119
0.00866319
0.0086752
0.00868722
0.00869925
0.0087113
0.00872336
0.00873543
0.00874751
0.00875961
0.00877172
0.00878383
0.00879597
0.00880811
0.00882027
0.00883243
0.00884461
0.0088568
0.00886901
0.00888122
0.00889345
0.00890569
0.00891794
0.0089302
0.00894247
0.00895475
0.00896705
0.00897935
0.00899167
0.009004
0.00901634
0.00902869
0.00904105
0.00905343
0.00906581
0.0090782
0.00909061
0.00910303
0.00911545
0.00912789
0.00914034
0.0091528
0.00916527
0.00917775
0.00919024
0.00920274
0.00921526
0.00922778
0.00924031
0.00925286
0.00926541
0.00927798
0.00929055
0.00930314
0.00931573
0.00932834
0.00934095
0.00935358
0.00936622
0.00937886
0.00939152
0.00940419
0.00941686
0.00942955
0.00944224
0.00945495
0.00946767
0.00948039
0.00949312
0.00950586
0.00951861
0.00953137
0.00954414
0.00955691
0.00956969
0.00958249
0.00959529
0.00960809
0.00962091
0.00963374
0.00964657
0.00965941
0.00967226
0.00968512
0.00969799
0.00971086
0.00972375
0.00973663
0.0097495
0.00976235
0.00977519
0.00978802
0.00980084
0.00981364
0.00982643
0.00983921
0.00985197
0.00986472
0.00987747
0.00989019
0.00990291
0.00991562
0.00992831
0.00994099
0.00995366
0.00996632
0.00997897
0.00999161
0.0100042
0.0100169
0.0100295
0.0100421
0.0100546
0.0100672
0.0100798
0.0100923
0.0101049
0.0101174
0.01013
0.0101425
0.010155
0.0101675
0.01018
0.0101925
0.010205
0.0102175
0.01023
0.0102425
0.0102549
0.0102674
0.0102798
0.0102923
0.0103047
0.0103172
0.0103296
0.0103421
0.0103545
0.0103669
0.0103793
0.0103918
0.0104042
0.0104166
0.010429
0.0104414
0.0104538
0.0104662
0.0104786
0.010491
0.0105034
0.0105158
0.0105282
0.0105406
0.0105529
0.0105653
0.0105777
0.0105901
0.0106025
0.0106149
0.0106273
0.0106396
0.010652
0.0106644
0.0106768
0.0106892
0.0107015
0.0107139
0.0107263
0.0107387
0.0107511
0.0107634
0.0107758
0.0107882
0.0108006
0.010813
0.0108253
0.0108377
0.0108501
0.0108625
0.0108749
0.0108873
0.0108996
0.010912
0.0109244
0.0109368
0.0109492
0.0109616
0.010974
0.0109864
0.0109988
0.0110112
0.0110236
0.011036
0.0110484
0.0110609
0.0110733
0.0110857
0.0110981
0.0111106
0.011123
0.0111354
0.0111479
0.0111603
0.0111728
0.0111852
0.0111977
0.0112101
0.0112226
0.0112351
0.0112475
0.01126
0.0112725
0.011285
0.0112975
0.01131
0.0113225
0.011335
0.0113475
0.01136
0.0113726
0.0113851
0.0113976
0.0114102
0.0114227
0.0114353
0.0114479
0.0114604
0.011473
0.0114856
0.0114982
0.0115108
0.0115234
0.011536
0.0115487
0.0115613
0.0115739
0.0115866
0.0115992
0.0116119
0.0116246
0.0116373
0.01165
0.0116627
0.0116754
0.0116882
0.0117009
0.0117137
0.0117265
0.0117393
0.0117521
0.0117649
0.0117777
0.0117906
0.0118035
0.0118164
0.0118293
0.0118422
0.0118551
0.0118681
0.0118811
0.0118941
0.0119071
0.0119202
0.0119332
0.0119463
0.0119594
0.0119725
0.0119857
0.0119988
0.012012
0.0120252
0.0120384
0.0120517
0.012065
0.0120783
0.0120916
0.0121049
0.0121183
0.0121317
0.0121451
0.0121585
0.012172
0.0121855
0.012199
0.0122125
0.0122261
0.0122396
0.0122532
0.0122669
0.0122805
0.0122942
0.0123079
0.0123217
0.0123354
0.0123492
0.0123631
0.0123769
0.0123908
0.0124047
0.0124186
0.0124325
0.0124465
0.0124605
0.0124745
0.0124886
0.0125027
0.0125168
0.0125309
0.0125451
0.0125593
0.0125735
0.0125878
0.0126021
0.0126164
0.0126308
0.0126452
0.0126596
0.0126741
0.0126886
0.0127031
0.0127176
0.0127322
0.0127468
0.0127615
0.0127762
0.0127909
0.0128057
0.0128205
0.0128353
0.0128502
0.0128651
0.0128801
0.0128951
0.0129101
0.0129252
0.0129403
0.0129554
0.0129706
0.0129858
0.0130011
0.0130164
0.0130317
0.0130471
0.0130625
0.013078
0.0130935
0.013109
0.0131246
0.0131402
0.0131559
0.0131716
0.0131874
0.0132032
0.0132191
0.013235
0.0132509
0.0132669
0.013283
0.0132991
0.0133152
0.0133314
0.0133476
0.0133639
0.0133803
0.0133966
0.0134131
0.0134296
0.0134461
0.0134627
0.0134793
0.013496
0.0135127
0.0135295
0.0135463
0.0135632
0.0135802
0.013597
0.013614
0.0136311
0.0136482
0.0136655
0.0136828
0.0137002
0.0137177
0.0137352
0.0137528
0.0137705
0.0137883
0.0138061
0.013824
0.013842
0.01386
0.0138781
0.0138963
0.0139145
0.0139328
0.0139511
0.0139695
0.013988
0.0140066
0.0140252
0.0140438
0.0140626
0.0140813
0.0141002
0.0141191
0.0141381
0.0141572
0.0141763
0.0141955
0.0142148
0.0142341
0.0142535
0.014273
0.0142925
0.0143122
0.0143319
0.0143517
0.0143715
0.0143915
0.0144115
0.0144316
0.0144518
0.0144721
0.0144924
0.0145129
0.0145334
0.014554
0.0145748
0.0145956
0.0146165
0.0146374
0.0146585
0.0146797
0.0147009
0.0147223
0.0147437
0.0147653
0.0147869
0.0148087
0.0148305
0.0148525
0.0148745
0.0148966
0.0149189
0.0149412
0.0149637
0.0149862
0.0150089
0.0150316
0.0150545
0.0150774
0.0151005
0.0151237
0.015147
0.0151704
0.0151939
0.0152175
0.0152413
0.0152652
0.0152891
0.0153132
0.0153375
0.0153618
0.0153863
0.0154109
0.0154356
0.0154604
0.0154854
0.0155105
0.0155357
0.0155611
0.0155866
0.0156122
0.015638
0.0156639
0.01569
0.0157162
0.0157425
0.015769
0.0157956
0.015822
0.0158485
0.0158752
0.015902
0.0159289
0.015956
0.0159832
0.0160106
0.0160382
0.0160659
0.0160938
0.0161219
0.0161502
0.0161786
0.0162072
0.0162361
0.0162651
0.0162943
0.0163238
0.0163534
0.0163833
0.0164134
0.0164437
0.0164743
0.0165051
0.0165361
0.0165674
0.0165989
0.0166308
0.0166628
0.0166952
0.0167278
0.0167607
0.0167939
0.0168273
0.0168611
0.0169002
0.0169409
0.0169824
0.0170248
0.017068
0.0171119
0.0171566
0.0172019
0.0172478
0.0172944
0.0173415
0.0173892
0.0174374
0.0174861
0.0175353
0.017585
0.0176352
0.0176858
0.0177369
0.0177885
0.0178405
0.0178929
0.0179458
0.0179992
0.0180529
0.0181072
0.0181619
0.018217
0.0182726
0.0183287
0.0183853
0.0184423
0.0184999
0.0185579
0.0186165
0.0186756
0.0187352
0.0187954
0.0188561
0.0189174
0.0189793
0.0190417
0.0191048
0.0191684
0.0192327
0.0192976
0.0193631
0.0194292
0.019496
0.0195634
0.0196315
0.0197003
0.0197698
0.0198399
0.0199105
0.0199818
0.0200539
0.0201266
0.0202
0.0202742
0.0203491
0.0204247
0.020501
0.0205781
0.020656
0.0207345
0.0208139
0.020894
0.0209749
0.0210566
0.021139
0.0212223
0.0213063
0.0213912
0.0214768
0.0215633
0.0216506
0.0217388
0.0218278
0.0219176
0.0220083
0.0220999
0.0221875
0.0222759
0.0223653
0.0224555
0.0225467
0.0226387
0.0227316
0.0228255
0.0229203
0.023016
0.0231128
0.0232105
0.0233092
0.023409
0.0235098
0.0236116
0.0237144
0.0238183
0.0239233
0.0240293
0.0241364
0.0242446
0.0243538
0.0244641
0.0245754
0.0246878
0.0248013
0.0249159
0.0250316
0.0251484
0.0252662
0.0253851
0.0255052
0.0256263
0.0257485
0.0258718
0.0259962
0.0261217
0.0262483
0.026376
0.0265048
0.0266347
0.0267657
0.0268978
0.027031
0.0271654
0.0273008
0.0274374
0.0275751
0.0277139
0.0278538
0.0279947
0.0281366
0.0282796
0.0284237
0.0285687
0.0287148
0.028861
0.0290073
0.0291537
0.0293002
0.0294466
0.0295931
0.0297395
0.0298859
0.0300323
0.030191
0.0303506
0.0305109
0.0306719
0.0308337
0.0309963
0.0311595
0.0313235
0.0314881
0.0316535
0.0318194
0.031986
0.0321532
0.032321
0.0324892
0.0326561
0.0328218
0.0329861
0.0331492
0.033311
0.0334723
0.0336344
0.0337973
0.033961
0.0341255
0.0342907
0.0344568
0.0346235
0.034791
0.0349593
0.0351282
0.0352978
0.0354681
0.035639
0.0358112
0.0359834
0.0361558
0.0363282
0.0365007
0.0366731
0.0368456
0.037018
0.0371904
0.0373626
0.0375348
0.0377068
0.0378787
0.0380503
0.0382218
0.0384006
0.0385771
0.0387512
0.0389227
0.0390916
0.0392577
0.039421
0.0395799
0.0397358
0.0398887
0.0400383
0.0401845
0.0403274
0.0404685
0.0406079
0.0407453
0.0408807
0.0410139
0.0411448
0.0412733
0.0413993
0.0415225
0.041643
0.0417605
0.041875
0.0419862
0.0420941
0.0421984
0.042299
0.042426
0.0425499
0.0426673
0.0427784
0.0428826
0.0429797
0.0430695
0.0431518
0.0432264
0.0432932
0.0433522
0.0434037
0.0434477
0.0434843
0.0435136
0.0435357
0.0435507
0.0435588
0.0435601
0.0435549
0.0435432
0.043525
0.0435005
0.0434696
0.0434326
0.0433897
0.043341
0.0432867
0.0432269
0.043162
0.0430921
0.0430175
0.0429383
0.0428547
0.0427669
0.042675
0.0425794
0.0424801
0.0423779
0.0422728
0.0421668
0.0420605
0.0419541
0.0418477
0.0417415
0.0416355
0.0415299
0.0414248
0.0413199
0.0412135
0.0411051
0.0409949
0.0407108
0.0404239
0.0401327
0.0398379
0.0395426
0.0392451
0.03895
0.0386521
0.0383506
0.0380458
0.0377429
0.0374429
0.0371425
0.0368415
0.0362773
0.0357055
0.0351301
0.0345525
0.0339719
0.033389
0.0328098
0.0322329
0.0316615
0.0310834
0.0305129
0.0299518
0.0294002
0.0288589
0.0283279
0.0278088
0.0272901
0.0267899
0.0263097
0.0258507
0.0254149
0.0250038
0.0246159
0.02425
0.023906
0.0236032
0.0240793
0.0247138
0.0253317
0.0259402
0.0265314
0.0271053
0.0276619
0.0282013
0.0287235
0.0292289
0.029715
0.0301807
0.0306267
0.0310541
0.0314631
0.0318215
0.0321755
0.0325245
0.0328666
0.0332029
0.033533
0.0338568
0.0341427
0.034415
0.034674
0.0349279
0.0351686
0.0353968
0.0356128
0.0358173
0.0360106
0.0361932
0.0363662
0.0365378
0.0367054
0.0368657
0.0370189
0.0371653
0.0373054
0.0374392
0.0375656
0.0376835
0.0377934
0.0378971
0.0379959
0.0380895
0.038178
0.0382615
0.0383422
0.0384181
0.0384893
0.0385558
0.0386184
0.0386776
0.0387332
0.0387853
0.0388338
0.0388788
0.0389202
0.0389583
0.0389936
0.0390263
0.0390561
0.0390839
0.0391105
0.0391357
0.0391628
0.0391881
0.0392119
0.039234
0.0392547
0.0392717
0.0392873
0.0393017
0.0393148
0.0393268
0.0393375
0.0393472
0.0393558
0.0393633
0.0393693
0.0393736
0.0393763
0.0393937
0.039409
0.0394225
0.039434
0.0394438
0.0394552
0.0394636
0.0394693
0.0394725
0.0394732
0.0394715
0.0394674
0.0394611
0.0394526
0.039442
0.0394293
0.0394145
0.0393977
0.0393788
0.0393581
0.0393355
0.0393111
0.0392848
0.0392566
0.0392266
0.0391948
0.039161
0.0391254
0.039088
0.0390486
0.039022
0.0389923
0.0389608
0.0389274
0.0388924
0.038856
0.0388182
0.0387792
0.038739
0.0386975
0.0386548
0.0386108
0.0385656
0.0385191
0.0384712
0.0384219
0.0383711
0.0383188
0.038265
0.0382095
0.0381522
0.0380932
0.0380324
0.0379698
0.0379052
0.0378387
0.0377701
0.0376995
0.0376268
0.037552
0.037475
0.0373957
0.0373143
0.0372307
0.0371449
0.0370569
0.0369666
0.0368741
0.0367792
0.0366819
0.0365823
0.0364803
0.0363759
0.036269
0.0361592
0.036046
0.0359293
0.0358091
0.0356854
0.0355582
0.0354274
0.0352936
0.035159
0.0350237
0.0348845
0.034745
0.0346052
0.034465
0.0343243
0.0341819
0.0340358
0.0338884
0.0337397
0.0335899
0.0334389
0.0332868
0.0331396
0.0329133
0.0330949
0.0328861
0.0331299
0.0329453
0.03326
0.0331057
0.0329625
0.0333956
0.0332905
0.0331988
0.0331185
0.0330507
0.033712
0.0337887
0.0338678
0.0339522
0.0340428
0.0341387
0.0342398
0.0343455
0.0344552
0.0345686
0.0346854
0.0348055
0.0349289
0.0350554
0.0351849
0.0353172
0.0354525
0.0356129
0.0357801
0.0359537
0.0361354
0.0363197
0.0365062
0.0366943
0.0368835
0.0370731
0.0372626
0.037451
0.0376376
0.0378217
0.0380027
0.0381798
0.0383525
0.0385202
0.0386823
0.0388382
0.0389875
0.0391296
0.0392644
0.0393916
0.0395112
0.0396231
0.0397274
0.0398244
0.0399141
0.0399971
0.0400736
0.0401442
0.0402094
0.0402697
0.0403258
0.0403784
0.0404281
0.0404757
0.0405219
0.0405675
0.0406133
0.0406601
0.0407087
0.0407604
0.0408156
0.0408752
0.0409401
0.0410115
0.0410904
0.0411779
0.0412752
0.0413836
0.0415048
0.0416403
0.0417916
0.0419606
0.0421492
0.0423596
0.0425943
0.0428555
0.0431469
0.0434721
0.0438359
0.0443053
0.0448324
0.0454238
0.0460896
0.0468425
0.047699
0.0486806
0.049851
0.0512406
0.052859
0.0546001
0.0567392
0.0592948
0.0643099
0.0651703
0.0671662
0.0693771
0.0704995
0.0716694
0.0722788
0.0725971
0.0714448
0.067435
0.0666731
0.0692914
0.0749554
0.0798352
0.0857737
0.0906715
0.0946796
0.0979753
0.101919
0.105686
0.109126
0.112238
0.11513
0.11783
0.120427
0.12293
0.125376
0.127831
0.130076
0.132291
0.134517
0.136756
0.139018
0.141717
0.146038
0.150398
0.154789
0.159175
0.163614
0.168226
0.172994
0.177862
0.18284
0.187882
0.192938
0.1981
0.203069
0.20788
0.212622
0.217494
0.222165
0.226724
0.230953
0.23473
0.238141
0.240859
0.242383
0.242241
0.242518
0.240226
0.234434
0.227506
0.220116
0.207892
0.191551
0.163777
0.19006
0.17435
0.158073
0.160723
0.168687
0.181992
0.190286
0.197021
0.208024
0.214376
0.225677
0.235804
0.246608
0.25925
0.263095
0.274068
0.277895
0.282808
