0.002 1.92221814e-09
0.004 7.23033897e-09
0.006 1.613816681e-08
0.008 2.858336423e-08
0.01 4.460043444e-08
0.012 6.417628352e-08
0.014 8.729380032e-08
0.016 1.139127233e-07
0.018 1.439805521e-07
0.02 1.774306652e-07
0.022 2.141862241e-07
0.024 2.541611882e-07
0.026 2.972623801e-07
0.028 3.433907909e-07
0.03 3.924430004e-07
0.032 4.443123343e-07
0.034 4.988899591e-07
0.036 5.560658438e-07
0.038 6.157296359e-07
0.04 6.777714428e-07
0.042 7.42082531e-07
0.044 8.085559484e-07
0.046 8.770870713e-07
0.048 9.475740847e-07
0.05 1.019918394e-06
0.052 1.094024976e-06
0.054 1.169802665e-06
0.056 1.247164396e-06
0.058 1.326027378e-06
0.06 1.40631323e-06
0.062 1.487948066e-06
0.064 1.570862533e-06
0.066 1.654991814e-06
0.068 1.740275588e-06
0.07 1.826657962e-06
0.072 1.914087164e-06
0.074 2.00251561e-06
0.076 2.096395407e-06
0.078 2.195123739e-06
0.08 2.295226356e-06
0.082 2.396631535e-06
0.084 2.499267725e-06
0.086 2.603063705e-06
0.088 2.707948662e-06
0.09 2.813852256e-06
0.092 2.959861421e-06
0.094 3.126368677e-06
0.096 3.298792432e-06
0.098 3.477218884e-06
0.1 3.661733431e-06
0.102 3.852420703e-06
0.104 4.049364596e-06
0.106 4.252648293e-06
0.108 4.462354292e-06
0.11 4.678564415e-06
0.112 4.901359822e-06
0.114 5.130821021e-06
0.116 5.367027861e-06
0.118 5.610059535e-06
0.12 5.859994571e-06
0.122 6.116910814e-06
0.124 6.380885417e-06
0.126 6.651994817e-06
0.128 6.93031471e-06
0.13 7.215920028e-06
0.132 7.508884907e-06
0.134 7.809282656e-06
0.136 8.117185722e-06
0.138 8.432665659e-06
0.14 8.755793087e-06
0.142 9.086637656e-06
0.144 9.425268007e-06
0.146 9.77175174e-06
0.148 1.012615537e-05
0.15 1.048854429e-05
0.152 1.085898274e-05
0.154 1.123753378e-05
0.156 1.162425922e-05
0.158 1.201921965e-05
0.16 1.242247434e-05
0.162 1.283408125e-05
0.164 1.325409699e-05
0.166 1.36825768e-05
0.168 1.411957454e-05
0.17 1.456514261e-05
0.172 1.501933199e-05
0.174 1.548219219e-05
0.176 1.595377125e-05
0.178 1.64341157e-05
0.18 1.692327059e-05
0.182 1.742127945e-05
0.184 1.792818428e-05
0.186 1.844402554e-05
0.188 1.896884215e-05
0.19 1.950267151e-05
0.192 2.004554945e-05
0.194 2.059751023e-05
0.196 2.115858658e-05
0.198 2.172880967e-05
0.2 2.230820908e-05
0.202 2.289681286e-05
0.204 2.349464746e-05
0.206 2.410173779e-05
0.208 2.471810718e-05
0.21 2.53437774e-05
0.212 2.597876864e-05
0.214 2.662309953e-05
0.216 2.727678712e-05
0.218 2.793984689e-05
0.22 2.861229273e-05
0.222 2.929413696e-05
0.224 2.998539031e-05
0.226 3.06860619e-05
0.228 3.139615928e-05
0.23 3.211568837e-05
0.232 3.28446535e-05
0.234 3.358305735e-05
0.236 3.433090101e-05
0.238 3.508818393e-05
0.24 3.585490389e-05
0.242 3.6631057e-05
0.244 3.741663773e-05
0.246 3.821163885e-05
0.248 3.901605146e-05
0.25 3.982986495e-05
0.252 4.065306698e-05
0.254 4.148564349e-05
0.256 4.232757868e-05
0.258 4.3178855e-05
0.26 4.403945312e-05
0.262 4.490935194e-05
0.264 4.578852858e-05
0.266 4.667695833e-05
0.268 4.757461468e-05
0.27 4.848146926e-05
0.272 4.939749189e-05
0.274 5.032265052e-05
0.276 5.125691125e-05
0.278 5.220023832e-05
0.28 5.315259406e-05
0.282 5.411393897e-05
0.284 5.50842316e-05
0.286 5.606342861e-05
0.288 5.70514847e-05
0.29 5.804835265e-05
0.292 5.905398345e-05
0.294 6.006832611e-05
0.296 6.109132774e-05
0.298 6.212293355e-05
0.3 6.316308681e-05
0.302 6.42117289e-05
0.304 6.526879927e-05
0.306 6.633423546e-05
0.308 6.740797313e-05
0.31 6.848994605e-05
0.312 6.958008609e-05
0.314 7.067832323e-05
0.316 7.178458562e-05
0.318 7.289879953e-05
0.32 7.40208894e-05
0.322 7.515077782e-05
0.324 7.628838557e-05
0.326 7.743363162e-05
0.328 7.858643315e-05
0.33 7.974698878e-05
0.332 8.091494037e-05
0.334 8.209019888e-05
0.336 8.32726749e-05
0.338 8.446227701e-05
0.34 8.565891225e-05
0.342 8.686248601e-05
0.344 8.807290207e-05
0.346 8.92900626e-05
0.348 9.051386815e-05
0.35 9.174421773e-05
0.352 9.298100877e-05
0.354 9.422413717e-05
0.356 9.547349735e-05
0.358 9.672898222e-05
0.36 9.799048326e-05
0.362 9.925789057e-05
0.364 0.0001005310928
0.366 0.0001018099772
0.368 0.0001030944296
0.37 0.0001043843347
0.372 0.0001056795757
0.374 0.0001069800345
0.376 0.0001082855919
0.378 0.0001095961275
0.38 0.0001109115197
0.382 0.0001122316457
0.384 0.0001135563815
0.386 0.0001148856022
0.388 0.0001162191817
0.39 0.0001175569928
0.392 0.0001188989075
0.394 0.0001202447965
0.396 0.0001215945299
0.398 0.0001229479766
0.4 0.0001243050045
0.402 0.0001256654809
0.404 0.0001270292722
0.406 0.0001283962439
0.408 0.0001297662608
0.41 0.0001311391867
0.412 0.000132514885
0.414 0.0001338932181
0.416 0.0001352740479
0.418 0.0001366572358
0.42 0.0001380426425
0.422 0.0001394301281
0.424 0.0001408195521
0.426 0.0001422107737
0.428 0.0001436036513
0.43 0.0001449980433
0.432 0.0001463938074
0.434 0.000147790801
0.436 0.0001491888812
0.438 0.0001505879049
0.44 0.0001519877288
0.442 0.0001533882091
0.444 0.0001547892017
0.446 0.0001561905627
0.448 0.0001575921483
0.45 0.0001589938144
0.452 0.0001603954168
0.454 0.0001617968116
0.456 0.0001631978536
0.458 0.0001645983915
0.46 0.0001659982816
0.462 0.0001673973804
0.464 0.0001687955445
0.466 0.0001701926309
0.468 0.000171588497
0.47 0.0001729830003
0.472 0.000174375999
0.474 0.0001757673517
0.476 0.0001771569173
0.478 0.0001785445555
0.48 0.0001799301265
0.482 0.0001813134911
0.484 0.0001826945108
0.486 0.0001840730479
0.488 0.0001854489654
0.49 0.0001868221272
0.492 0.0001881923979
0.494 0.0001895596432
0.496 0.0001909237297
0.498 0.000192284525
0.5 0.0001936418976
0.502 0.0001949957174
0.504 0.0001963458551
0.506 0.0001976921827
0.508 0.0001990345734
0.51 0.0002003729018
0.512 0.0002017070436
0.514 0.0002030368759
0.516 0.0002043622772
0.518 0.0002056831274
0.52 0.000206999308
0.522 0.0002083107018
0.524 0.0002096171932
0.526 0.0002109186683
0.528 0.0002122150141
0.53 0.0002135061196
0.532 0.000214791876
0.534 0.0002160721761
0.536 0.0002173469143
0.538 0.0002186159869
0.54 0.0002198792921
0.542 0.0002211367297
0.544 0.0002223882017
0.546 0.0002236336118
0.548 0.0002248728656
0.55 0.0002261058708
0.552 0.0002273325372
0.554 0.0002285527764
0.556 0.0002297665022
0.558 0.0002309736307
0.56 0.0002321740798
0.562 0.0002333677696
0.564 0.0002345546227
0.566 0.0002357345635
0.568 0.0002369075189
0.57 0.0002380734178
0.572 0.0002392321918
0.574 0.0002403837743
0.576 0.0002415281015
0.578 0.0002426651114
0.58 0.0002437947449
0.582 0.0002449169451
0.584 0.0002460316575
0.586 0.0002471388303
0.588 0.0002482384138
0.59 0.0002493303607
0.592 0.0002504146262
0.594 0.0002514911681
0.596 0.0002525599466
0.598 0.0002536209244
0.6 0.0002546740668
0.602 0.0002557193417
0.604 0.000256756719
0.606 0.0002577861715
0.608 0.0002588076749
0.61 0.0002598212072
0.612 0.0002608267492
0.614 0.0002618242842
0.616 0.0002628137981
0.618 0.0002637952796
0.62 0.0002647687197
0.622 0.0002657341122
0.624 0.0002666914536
0.626 0.0002676407429
0.628 0.0002685819816
0.63 0.0002695151771
0.632 0.0002704403382
0.634 0.0002713574734
0.636 0.0002722665951
0.638 0.000273167718
0.64 0.0002740608596
0.642 0.0002749460399
0.644 0.0002758232815
0.646 0.0002766926097
0.648 0.0002775540522
0.65 0.0002784076394
0.652 0.000279253404
0.654 0.0002800913815
0.656 0.0002809216099
0.658 0.0002817441294
0.66 0.000282558983
0.662 0.000283366216
0.664 0.0002841658762
0.666 0.0002849580138
0.668 0.000285742685
0.67 0.0002865199474
0.672 0.0002872898571
0.674 0.000288052474
0.676 0.0002888078599
0.678 0.0002895560794
0.68 0.0002902971989
0.682 0.0002910312874
0.684 0.0002917584157
0.686 0.0002924786572
0.688 0.000293192087
0.69 0.0002938987825
0.692 0.0002945988228
0.694 0.0002952922896
0.696 0.0002959792664
0.698 0.0002966598388
0.7 0.0002973340942
0.702 0.000298002122
0.704 0.0002986640131
0.706 0.0002993198607
0.708 0.0002999697594
0.71 0.0003006138057
0.712 0.0003012520976
0.714 0.000301884735
0.716 0.0003025118193
0.718 0.0003031334534
0.72 0.0003037497418
0.722 0.0003043607905
0.724 0.0003049667068
0.726 0.0003055675996
0.728 0.0003061635789
0.73 0.0003067547562
0.732 0.000307341244
0.734 0.0003079231562
0.736 0.0003085006078
0.738 0.0003090737147
0.74 0.000309642594
0.742 0.0003102073639
0.744 0.0003107681432
0.746 0.0003113250519
0.748 0.0003118782107
0.75 0.0003124277411
0.752 0.0003129737654
0.754 0.0003135164065
0.756 0.0003140557878
0.758 0.0003145920333
0.76 0.0003151252672
0.762 0.000315655615
0.764 0.000316183202
0.766 0.0003167081542
0.768 0.0003172305979
0.77 0.0003175629361
0.772 0.0003178925867
0.774 0.0003182195251
0.776 0.000318543784
0.778 0.0003188654537
0.78 0.0003191846143
0.782 0.0003195013545
0.784 0.0003198157687
0.786 0.0003201279593
0.788 0.0003204380365
0.79 0.0003207461187
0.792 0.0003210523325
0.794 0.0003213568123
0.796 0.0003216596996
0.798 0.0003219611431
0.8 0.0003222612974
0.802 0.000322560323
0.804 0.000322858385
0.806 0.0003231556554
0.808 0.0003234523083
0.81 0.0003237485175
0.812 0.0003240444593
0.814 0.000324340311
0.816 0.0003246362501
0.818 0.0003249324532
0.82 0.0003252290961
0.822 0.0003255263525
0.824 0.0003258243936
0.826 0.0003261233876
0.828 0.0003264234994
0.83 0.0003267248896
0.832 0.0003270277148
0.834 0.0003273321269
0.836 0.0003276382727
0.838 0.0003279462939
0.84 0.0003282563271
0.842 0.0003285685031
0.844 0.0003288829475
0.846 0.0003291997802
0.848 0.0003295191156
0.85 0.0003298410624
0.852 0.0003301657241
0.854 0.0003304931989
0.856 0.0003308235795
0.858 0.000331156954
0.86 0.0003314934054
0.862 0.000331833009
0.864 0.0003321758371
0.866 0.0003325219605
0.868 0.0003328714452
0.87 0.0003332243534
0.872 0.0003335807436
0.874 0.0003339406707
0.876 0.000334304187
0.878 0.0003346713418
0.88 0.0003350421815
0.882 0.0003354167501
0.884 0.0003357950892
0.886 0.0003361772382
0.888 0.0003365632344
0.89 0.0003369531132
0.892 0.0003373469082
0.894 0.0003377446512
0.896 0.0003381463723
0.898 0.0003385521001
0.9 0.0003389618615
0.902 0.000339375682
0.904 0.0003397935855
0.906 0.0003402155943
0.908 0.0003406417293
0.91 0.0003410720096
0.912 0.0003415064529
0.914 0.0003419450751
0.916 0.0003423878905
0.918 0.0003428349115
0.92 0.0003432861487
0.922 0.0003437416108
0.924 0.0003442013044
0.926 0.0003446652342
0.928 0.0003451334029
0.93 0.0003456058109
0.932 0.000346082456
0.934 0.0003465633338
0.936 0.0003470484373
0.938 0.0003475377571
0.94 0.0003480312812
0.942 0.0003485289948
0.944 0.0003490308808
0.946 0.0003495369189
0.948 0.0003500470865
0.95 0.0003505613578
0.952 0.0003510797044
0.954 0.0003516020951
0.956 0.0003521284957
0.958 0.0003526588693
0.96 0.000353193176
0.962 0.0003537313731
0.964 0.0003542734152
0.966 0.0003548192543
0.968 0.0003553688393
0.97 0.0003559221167
0.972 0.0003564790301
0.974 0.0003570395207
0.976 0.000357603527
0.978 0.0003581709849
0.98 0.0003587418281
0.982 0.0003593159878
0.984 0.0003598933926
0.986 0.0003604739693
0.988 0.0003610576421
0.99 0.0003616443332
0.992 0.000362233963
0.994 0.0003628264494
0.996 0.0003634217087
0.998 0.0003640196554
1 0.0003646202019
1.002 0.0003652232592
1.004 0.0003658287365
1.006 0.0003664365414
1.008 0.00036704658
1.01 0.000367658757
1.012 0.0003682729755
1.014 0.0003688891376
1.016 0.0003695071438
1.018 0.0003701268936
1.02 0.0003707482852
1.022 0.0003713712158
1.024 0.0003719955816
1.026 0.0003726212777
1.028 0.0003732481982
1.03 0.0003738762365
1.032 0.000374505285
1.034 0.0003751352353
1.036 0.0003757659785
1.038 0.0003763974046
1.04 0.0003770294034
1.042 0.0003776618637
1.044 0.000378294674
1.046 0.0003789277222
1.048 0.0003795608958
1.05 0.0003801940818
1.052 0.0003808271668
1.054 0.0003814600371
1.056 0.0003820925788
1.058 0.0003827246778
1.06 0.0003833562195
1.062 0.0003839870894
1.064 0.0003846171728
1.066 0.0003852463551
1.068 0.0003858745215
1.07 0.0003865015572
1.072 0.0003871273475
1.074 0.000387751778
1.076 0.0003883747342
1.078 0.000388996102
1.08 0.0003896157674
1.082 0.0003902336168
1.084 0.0003908495368
1.086 0.0003914634145
1.088 0.0003920751374
1.09 0.0003926845935
1.092 0.0003932916712
1.094 0.0003938962595
1.096 0.0003944982481
1.098 0.0003950975272
1.1 0.0003956939878
1.102 0.0003962875214
1.104 0.0003968780207
1.106 0.0003974653787
1.108 0.0003980494896
1.11 0.0003986302484
1.112 0.0003992075509
1.114 0.0003997812941
1.116 0.0004003513759
1.118 0.0004009176952
1.12 0.000401480152
1.122 0.000402038647
1.124 0.0004025930822
1.126 0.0004031433613
1.128 0.0004036893891
1.13 0.0004042310717
1.132 0.0004047683163
1.134 0.0004053010318
1.136 0.0004058291281
1.138 0.0004063525167
1.14 0.0004068711106
1.142 0.0004073848241
1.144 0.0004078935731
1.146 0.000408397275
1.148 0.0004088958487
1.15 0.0004093892148
1.152 0.0004098772955
1.154 0.0004103600184
1.156 0.0004108373116
1.158 0.0004113091005
1.16 0.0004117753138
1.162 0.000412235882
1.164 0.0004126907373
1.166 0.0004131398137
1.168 0.000413583047
1.17 0.0004140203749
1.172 0.0004144517368
1.174 0.0004148770742
1.176 0.0004152963304
1.178 0.0004157094505
1.18 0.0004161163817
1.182 0.0004165170731
1.184 0.0004169114757
1.186 0.0004172995425
1.188 0.0004176812285
1.19 0.0004180564906
1.192 0.0004184252877
1.194 0.0004187875807
1.196 0.0004191433326
1.198 0.0004194925082
1.2 0.0004198350747
1.202 0.000420171001
1.204 0.000420500258
1.206 0.0004208228186
1.208 0.0004211386578
1.21 0.0004214477524
1.212 0.0004217500814
1.214 0.0004220456256
1.216 0.0004223343678
1.218 0.0004226162929
1.22 0.0004228913876
1.222 0.0004231596408
1.224 0.0004234210429
1.226 0.0004236755867
1.228 0.0004239232666
1.23 0.0004241640791
1.232 0.0004243980223
1.234 0.0004246250966
1.236 0.000424845304
1.238 0.0004250586481
1.24 0.000425265135
1.242 0.000425464772
1.244 0.0004256575684
1.246 0.0004258435354
1.248 0.0004260226859
1.25 0.0004261950343
1.252 0.000426360597
1.254 0.0004265193921
1.256 0.0004266714393
1.258 0.0004268167599
1.26 0.000426955377
1.262 0.0004270873154
1.264 0.0004272126012
1.266 0.0004273312624
1.268 0.0004274433281
1.27 0.0004275488288
1.272 0.0004276477974
1.274 0.0004277402679
1.276 0.0004278262759
1.278 0.0004279058586
1.28 0.0004279790545
1.282 0.0004280459036
1.284 0.0004281064472
1.286 0.0004281607282
1.288 0.0004282087908
1.29 0.0004282506806
1.292 0.0004282864445
1.294 0.0004283161308
1.296 0.0004283397889
1.298 0.0004283574699
1.3 0.0004283692259
1.302 0.0004283751103
1.304 0.0004283751774
1.306 0.0004283694832
1.308 0.0004283580844
1.31 0.0004283410393
1.312 0.000428318407
1.314 0.0004282902478
1.316 0.0004282566232
1.318 0.0004282175957
1.32 0.0004281732288
1.322 0.0004281235872
1.324 0.0004280687364
1.326 0.0004280087429
1.328 0.0004279436743
1.33 0.000427873599
1.332 0.0004277985864
1.334 0.0004277187068
1.336 0.0004276340312
1.338 0.0004275446315
1.34 0.0004274505806
1.342 0.000427351952
1.344 0.00042724882
1.346 0.0004271412596
1.348 0.0004270293464
1.35 0.0004269131571
1.352 0.0004267927685
1.354 0.0004266682585
1.356 0.0004265397054
1.358 0.0004264071881
1.36 0.0004262707846
1.362 0.0004261305738
1.364 0.0004259866368
1.366 0.0004258390547
1.368 0.0004256879088
1.37 0.0004255332813
1.372 0.000425375254
1.374 0.0004252139095
1.376 0.0004250493311
1.378 0.0004248816021
1.38 0.0004247108062
1.382 0.0004245370275
1.384 0.0004243603501
1.386 0.0004241808585
1.388 0.0004239986374
1.39 0.0004238137716
1.392 0.0004236263461
1.394 0.000423436446
1.396 0.0004232441566
1.398 0.0004230495631
1.4 0.0004228527508
1.402 0.0004226538053
1.404 0.0004224528119
1.406 0.000422249856
1.408 0.000422045023
1.41 0.0004218383982
1.412 0.0004216300668
1.414 0.000421420114
1.416 0.0004212086249
1.418 0.0004209956842
1.42 0.0004207813768
1.422 0.0004205657872
1.424 0.0004203489997
1.426 0.0004201310984
1.428 0.0004199121671
1.43 0.0004196922895
1.432 0.0004194715489
1.434 0.0004192500284
1.436 0.0004190278105
1.438 0.0004188049778
1.44 0.0004185816122
1.442 0.0004183577954
1.444 0.0004181336085
1.446 0.0004179091324
1.448 0.0004176844473
1.45 0.0004174596332
1.452 0.0004172347695
1.454 0.000417009935
1.456 0.0004167852082
1.458 0.0004165606669
1.46 0.0004163363884
1.462 0.0004161124494
1.464 0.000415888926
1.466 0.0004156658936
1.468 0.0004154434272
1.47 0.0004152216009
1.472 0.0004150004887
1.474 0.0004147801634
1.476 0.0004145606971
1.478 0.000414342161
1.48 0.0004141246258
1.482 0.0004139081612
1.484 0.0004136928364
1.486 0.0004134787193
1.488 0.0004132658776
1.49 0.0004130543777
1.492 0.0004128442852
1.494 0.000412635665
1.496 0.000412428581
1.498 0.0004122230962
1.5 0.0004120192725
1.502 0.0004118171711
1.504 0.000411616852
1.506 0.0004114183745
1.508 0.0004112217965
1.51 0.0004110271753
1.512 0.0004108345667
1.514 0.0004106440258
1.516 0.0004104556065
1.518 0.0004102693617
1.52 0.0004100853429
1.522 0.0004099036008
1.524 0.0004097241848
1.526 0.0004095471432
1.528 0.0004093725231
1.53 0.0004092003704
1.532 0.0004090307299
1.534 0.000408863645
1.536 0.0004086991578
1.538 0.0004085373095
1.54 0.0004083781397
1.542 0.000408221687
1.544 0.0004080679886
1.546 0.0004079170806
1.548 0.0004077689975
1.55 0.0004076237727
1.552 0.0004074814383
1.554 0.0004073420249
1.556 0.0004072055618
1.558 0.0004070720771
1.56 0.0004069415975
1.562 0.0004068141481
1.564 0.0004066897528
1.566 0.0004065684342
1.568 0.0004064502134
1.57 0.00040633511
1.572 0.0004062231425
1.574 0.0004061143277
1.576 0.0004060086812
1.578 0.0004059062169
1.58 0.0004058069476
1.582 0.0004057108844
1.584 0.0004056180372
1.586 0.0004055284144
1.588 0.0004054420228
1.59 0.0004053588679
1.592 0.0004052789539
1.594 0.0004052022834
1.596 0.0004051288575
1.598 0.0004050586759
1.6 0.000404991737
1.602 0.0004049280377
1.604 0.0004048675735
1.606 0.0004048103382
1.608 0.0004047563245
1.61 0.0004047055237
1.612 0.0004046579249
1.614 0.0004046135163
1.616 0.0004045722851
1.618 0.0004045342167
1.62 0.0004044992953
1.622 0.0004044675038
1.624 0.0004044388234
1.626 0.0004044132342
1.628 0.0004043907149
1.63 0.0004043712426
1.632 0.0004043547933
1.634 0.0004043413416
1.636 0.0004043308608
1.638 0.0004043233227
1.64 0.000404318698
1.642 0.0004043169559
1.644 0.0004043180646
1.646 0.0004043219908
1.648 0.0004043286999
1.65 0.0004043381564
1.652 0.0004043503231
1.654 0.000404365162
1.656 0.0004043826337
1.658 0.0004044026976
1.66 0.000404425312
1.662 0.000404450434
1.664 0.0004044780198
1.666 0.0004045080241
1.668 0.0004045404007
1.67 0.0004045751025
1.672 0.0004046120811
1.674 0.0004046512871
1.676 0.0004046926702
1.678 0.0004047361791
1.68 0.0004047817614
1.682 0.0004048293638
1.684 0.0004048789321
1.686 0.0004049304113
1.688 0.0004049837453
1.69 0.0004050388773
1.692 0.0004050957495
1.694 0.0004051543036
1.696 0.0004052144802
1.698 0.0004052762192
1.7 0.00040533946
1.702 0.000405404141
1.704 0.0004054702
1.706 0.0004055375742
1.708 0.0004056062001
1.71 0.0004056760136
1.712 0.0004057469501
1.714 0.0004058189444
1.716 0.0004058919306
1.718 0.0004059658426
1.72 0.0004060406134
1.722 0.000406116176
1.724 0.0004061924628
1.726 0.0004062694056
1.728 0.0004063469362
1.73 0.000406424986
1.732 0.0004065034858
1.734 0.0004065823664
1.736 0.0004066615584
1.738 0.0004067409921
1.74 0.0004068205974
1.742 0.0004069003045
1.744 0.000406980043
1.746 0.0004070597429
1.748 0.0004071393338
1.75 0.0004072187454
1.752 0.000407297907
1.754 0.0004073767486
1.756 0.0004074551995
1.758 0.0004075331895
1.76 0.0004076106484
1.762 0.000407687506
1.764 0.0004077636925
1.766 0.0004078391382
1.768 0.0004079137735
1.77 0.0004079875293
1.772 0.0004080603365
1.774 0.0004081321265
1.776 0.000408202831
1.778 0.0004082723819
1.78 0.0004083407116
1.782 0.0004084077531
1.784 0.0004084734395
1.786 0.0004085377046
1.788 0.0004086004825
1.79 0.0004086617081
1.792 0.0004087213166
1.794 0.0004087792438
1.796 0.0004088354262
1.798 0.0004088898006
1.8 0.0004089423051
1.802 0.0004089928779
1.804 0.0004090414581
1.806 0.0004090879855
1.808 0.0004091324006
1.81 0.0004091746448
1.812 0.0004092146602
1.814 0.0004092523896
1.816 0.0004092877767
1.818 0.0004093207671
1.82 0.0004093513065
1.822 0.0004093793412
1.824 0.0004094048183
1.826 0.000409427686
1.828 0.0004094478935
1.83 0.0004094653909
1.832 0.0004094801293
1.834 0.000409492061
1.836 0.0004095011391
1.838 0.000409507318
1.84 0.0004095105532
1.842 0.0004095108015
1.844 0.0004095080202
1.846 0.0004095021681
1.848 0.0004094932051
1.85 0.000409481092
1.852 0.0004094657913
1.854 0.0004094472662
1.856 0.0004094254814
1.858 0.0004094004026
1.86 0.0004093719971
1.862 0.0004093402332
1.864 0.0004093050805
1.866 0.0004092665098
1.868 0.0004092244933
1.87 0.0004091790046
1.872 0.0004091300185
1.874 0.0004090775112
1.876 0.0004090214808
1.878 0.0004089619195
1.88 0.0004088987997
1.882 0.0004088321022
1.884 0.0004087618092
1.886 0.0004086879042
1.888 0.0004086103724
1.89 0.0004085292
1.892 0.000408444375
1.894 0.0004083558871
1.896 0.0004082637273
1.898 0.0004081678876
1.9 0.0004080683613
1.902 0.0004079651435
1.904 0.0004078582306
1.906 0.0004077476204
1.908 0.0004076333123
1.91 0.000407515307
1.912 0.0004073936067
1.914 0.0004072682152
1.916 0.0004071391376
1.918 0.0004070063804
1.92 0.0004068699516
1.922 0.0004067298608
1.924 0.0004065861176
1.926 0.0004064387336
1.928 0.000406287723
1.93 0.0004061331011
1.932 0.0004059748845
1.934 0.0004058130913
1.936 0.0004056477411
1.938 0.0004054788547
1.94 0.0004053064545
1.942 0.0004051305641
1.944 0.0004049512086
1.946 0.0004047684143
1.948 0.0004045822091
1.95 0.0004043926221
1.952 0.0004041996838
1.954 0.0004040034259
1.956 0.0004038038815
1.958 0.0004036010851
1.96 0.0004033950723
1.962 0.0004031858802
1.964 0.0004029735469
1.966 0.0004027581119
1.968 0.000402539616
1.97 0.0004023181011
1.972 0.0004020936104
1.974 0.0004018661882
1.976 0.0004016358799
1.978 0.0004014027323
1.98 0.0004011667932
1.982 0.0004009281115
1.984 0.0004006867372
1.986 0.0004004427216
1.988 0.0004001961169
1.99 0.0003999469763
1.992 0.0003996953541
1.994 0.0003994413057
1.996 0.0003991848874
1.998 0.0003989261564
2 0.0003986651711
2.002 0.0003984019906
2.004 0.0003981366749
2.006 0.0003978692854
2.008 0.0003975998839
2.01 0.0003973285331
2.012 0.0003970552965
2.014 0.0003967802383
2.016 0.0003965034238
2.018 0.0003962249188
2.02 0.0003959447897
2.022 0.0003956631035
2.024 0.0003953799271
2.026 0.0003950953288
2.028 0.0003948093783
2.03 0.0003945221455
2.032 0.0003942337007
2.034 0.0003939441151
2.036 0.0003936534602
2.038 0.000393361808
2.04 0.000393069231
2.042 0.0003927758021
2.044 0.0003924815947
2.046 0.0003921866826
2.048 0.0003918911397
2.05 0.0003915950407
2.052 0.0003912984601
2.054 0.000391001473
2.056 0.0003907041547
2.058 0.0003904065806
2.06 0.0003901088264
2.062 0.0003898109679
2.064 0.0003895130811
2.066 0.0003892152416
2.068 0.0003889175254
2.07 0.0003886200088
2.072 0.000388322768
2.074 0.0003880258793
2.076 0.0003877294189
2.078 0.0003874334628
2.08 0.0003871380872
2.082 0.000386843368
2.084 0.000386549381
2.086 0.0003862562017
2.088 0.0003859639056
2.09 0.0003856725678
2.092 0.0003853822632
2.094 0.0003850930666
2.096 0.0003848050522
2.098 0.000384518294
2.1 0.0003842328655
2.102 0.00038394884
2.104 0.0003836662901
2.106 0.0003833852881
2.108 0.0003831059058
2.11 0.0003828282145
2.112 0.0003825522851
2.114 0.0003822781878
2.116 0.0003820059923
2.118 0.0003817357676
2.12 0.0003814675823
2.122 0.0003812015042
2.124 0.0003809376003
2.126 0.000380675937
2.128 0.0003804165802
2.13 0.0003801595947
2.132 0.0003799050451
2.134 0.000379652995
2.136 0.000379403507
2.138 0.0003791566428
2.14 0.0003789124633
2.142 0.0003786710285
2.144 0.0003784323977
2.146 0.0003781966292
2.148 0.0003779637801
2.15 0.000377733907
2.152 0.0003775070652
2.154 0.0003772833093
2.156 0.0003770626926
2.158 0.0003768452675
2.16 0.0003766356057
2.162 0.0003764292708
2.164 0.0003762262923
2.166 0.0003760267223
2.168 0.000375830606
2.17 0.0003756379897
2.172 0.0003754489179
2.174 0.0003752634341
2.176 0.0003750815814
2.178 0.0003749034011
2.18 0.0003747289335
2.182 0.0003745582177
2.184 0.0003743912912
2.186 0.0003742281906
2.188 0.000374068951
2.19 0.0003739136059
2.192 0.0003737621879
2.194 0.0003736147281
2.196 0.0003734712564
2.198 0.0003733318013
2.2 0.00037319639
2.202 0.0003730650482
2.204 0.0003729378005
2.206 0.0003728146701
2.208 0.0003726956789
2.21 0.0003725808477
2.212 0.0003724701959
2.214 0.0003723637415
2.216 0.0003722615016
2.218 0.0003721634916
2.22 0.000372069726
2.222 0.000371980218
2.224 0.0003718949794
2.226 0.000371814021
2.228 0.0003717373523
2.23 0.0003716649813
2.232 0.0003715969152
2.234 0.0003715331597
2.236 0.0003714737196
2.238 0.0003714185983
2.24 0.0003713677983
2.242 0.0003713213209
2.244 0.0003712791658
2.246 0.0003712413315
2.248 0.0003712078152
2.25 0.0003711786131
2.252 0.0003711537201
2.254 0.00037113313
2.256 0.0003711168352
2.258 0.000371104827
2.26 0.0003710970957
2.262 0.00037109363
2.264 0.0003710944179
2.266 0.0003710994459
2.268 0.0003711086995
2.27 0.0003711221627
2.272 0.0003711398189
2.274 0.00037116165
2.276 0.0003711876367
2.278 0.0003712177588
2.28 0.0003712519949
2.282 0.0003712903223
2.284 0.0003713327176
2.286 0.000371379156
2.288 0.0003714296117
2.29 0.0003714840579
2.292 0.000371542471
2.294 0.0003716048255
2.296 0.0003716710899
2.298 0.0003717412333
2.3 0.0003718152238
2.302 0.0003718930281
2.304 0.0003719746133
2.306 0.0003720599444
2.308 0.0003721489853
2.31 0.000372241699
2.312 0.0003723380478
2.314 0.0003724379931
2.316 0.0003725414957
2.318 0.0003726485153
2.32 0.0003727590111
2.322 0.0003728729414
2.324 0.0003729902639
2.326 0.0003731109354
2.328 0.0003732349122
2.33 0.0003733621504
2.332 0.0003734926052
2.334 0.0003736262306
2.336 0.0003737629801
2.338 0.0003739028067
2.34 0.0003740456626
2.342 0.0003741914993
2.344 0.0003743402681
2.346 0.0003744919195
2.348 0.000374646404
2.35 0.0003748036712
2.352 0.0003749636702
2.354 0.0003751263499
2.356 0.0003752916586
2.358 0.0003754595444
2.36 0.000375629955
2.362 0.0003758028376
2.364 0.0003759781391
2.366 0.0003761558062
2.368 0.000376335785
2.37 0.0003765180217
2.372 0.000376702462
2.374 0.0003768890513
2.376 0.000377077829
2.378 0.0003772686524
2.38 0.0003774614657
2.382 0.0003776562162
2.384 0.0003778528514
2.386 0.0003780513185
2.388 0.0003782515648
2.39 0.0003784535379
2.392 0.0003786571851
2.394 0.0003788624538
2.396 0.000379069291
2.398 0.0003792776439
2.4 0.0003794874594
2.402 0.0003796986837
2.404 0.0003799112631
2.406 0.0003801251444
2.408 0.0003803402741
2.41 0.0003805565984
2.412 0.0003807740637
2.414 0.0003809926158
2.416 0.0003812122007
2.418 0.0003814327641
2.42 0.0003816542518
2.422 0.0003818766093
2.424 0.0003820997822
2.426 0.0003823237161
2.428 0.0003825483565
2.43 0.000382773649
2.432 0.0003829995394
2.434 0.0003832259734
2.436 0.0003834528969
2.438 0.0003836802562
2.44 0.0003839079977
2.442 0.000384136068
2.444 0.0003843644141
2.446 0.0003845929834
2.448 0.0003848217237
2.45 0.0003850505833
2.452 0.0003852795109
2.454 0.0003855084559
2.456 0.0003857373681
2.458 0.0003859661982
2.46 0.0003861948973
2.462 0.0003864234173
2.464 0.0003866517111
2.466 0.000386879732
2.468 0.0003871074343
2.47 0.0003873347733
2.472 0.0003875617049
2.474 0.0003877881861
2.476 0.0003880141742
2.478 0.0003882396276
2.48 0.0003884645063
2.482 0.0003886887712
2.484 0.0003889123842
2.486 0.0003891353083
2.488 0.0003893575073
2.49 0.0003895789463
2.492 0.0003897995912
2.494 0.0003900194089
2.496 0.0003902383676
2.498 0.0003904564363
2.5 0.0003906735851
2.502 0.0003908897853
2.504 0.0003911050089
2.506 0.0003913192294
2.508 0.0003915324208
2.51 0.0003917445582
2.512 0.0003919556176
2.514 0.0003921655765
2.516 0.0003923744132
2.518 0.000392582107
2.52 0.0003927886378
2.522 0.0003929939861
2.524 0.0003931981344
2.526 0.0003934010659
2.528 0.0003936027649
2.53 0.0003938032164
2.532 0.0003940024065
2.534 0.0003942003226
2.536 0.0003943969527
2.538 0.0003945922857
2.54 0.0003947863117
2.542 0.0003949790214
2.544 0.0003951704068
2.546 0.0003953604606
2.548 0.0003955491766
2.55 0.0003957365493
2.552 0.0003959225746
2.554 0.000396107249
2.556 0.0003962905701
2.558 0.0003964725365
2.56 0.0003966531476
2.562 0.0003968324039
2.564 0.0003970103068
2.566 0.0003971868589
2.568 0.0003973620635
2.57 0.0003975359251
2.572 0.0003977084491
2.574 0.000397879642
2.576 0.0003980495111
2.578 0.0003982180647
2.58 0.0003983853125
2.582 0.0003985512648
2.584 0.000398715933
2.586 0.0003988793297
2.588 0.0003990414681
2.59 0.0003992023629
2.592 0.0003993620296
2.594 0.0003995204845
2.596 0.0003996777452
2.598 0.0003998338301
2.6 0.0003999887587
2.602 0.0004001425513
2.604 0.0004002952292
2.606 0.0004004468148
2.608 0.0004005973311
2.61 0.0004007468024
2.612 0.0004008952538
2.614 0.0004010427112
2.616 0.0004011892018
2.618 0.0004013347537
2.62 0.0004014793956
2.622 0.0004016231571
2.624 0.0004017660687
2.626 0.0004019081617
2.628 0.0004020494684
2.63 0.0004021900218
2.632 0.0004023298558
2.634 0.0004024690048
2.636 0.0004026075045
2.638 0.0004027453909
2.64 0.0004028827009
2.642 0.0004030194716
2.644 0.0004031557411
2.646 0.0004032915485
2.648 0.0004034269337
2.65 0.000403561937
2.652 0.0004036965994
2.654 0.0004038309626
2.656 0.0004039650687
2.658 0.0004040989607
2.66 0.0004042326818
2.662 0.000404366276
2.664 0.0004044997879
2.666 0.0004046332623
2.668 0.0004047667448
2.67 0.0004049002815
2.672 0.0004050339187
2.674 0.0004051677033
2.676 0.0004053016827
2.678 0.0004054359046
2.68 0.000405570418
2.682 0.000405705272
2.684 0.000405840515
2.686 0.0004059761962
2.688 0.0004061123651
2.69 0.000406249071
2.692 0.0004063863653
2.694 0.0004065242989
2.696 0.0004066629222
2.698 0.0004068022858
2.7 0.0004069424407
2.702 0.0004070834381
2.704 0.0004072253295
2.706 0.0004073681664
2.708 0.0004075120005
2.71 0.0004076568838
2.712 0.0004078028683
2.714 0.0004079500062
2.716 0.0004080983499
2.718 0.0004082479514
2.72 0.0004083988633
2.722 0.0004085511379
2.724 0.0004087048278
2.726 0.0004088599853
2.728 0.0004090166631
2.73 0.0004091749133
2.732 0.0004093347884
2.734 0.0004094963406
2.736 0.000409659621
2.738 0.0004098246817
2.74 0.0004099915753
2.742 0.0004101603538
2.744 0.0004103310687
2.746 0.0004105037716
2.748 0.0004106785141
2.75 0.0004108553469
2.752 0.000411034321
2.754 0.0004112154871
2.756 0.0004113988954
2.758 0.0004115845959
2.76 0.0004117726383
2.762 0.0004119630722
2.764 0.0004121559463
2.766 0.0004123513094
2.768 0.0004125492098
2.77 0.0004127496954
2.772 0.0004129528137
2.774 0.0004131586117
2.776 0.0004133671359
2.778 0.0004135784326
2.78 0.0004137925473
2.782 0.0004140095252
2.784 0.000414229411
2.786 0.0004144522489
2.788 0.0004146780823
2.79 0.0004149069546
2.792 0.0004151389083
2.794 0.0004153739853
2.796 0.000415612227
2.798 0.0004158536741
2.8 0.000416098367
2.802 0.0004163463451
2.804 0.0004165976476
2.806 0.0004168523127
2.808 0.0004171103782
2.81 0.000417371881
2.812 0.0004176368575
2.814 0.0004179053433
2.816 0.0004181773735
2.818 0.0004184529822
2.82 0.0004187322032
2.822 0.0004190150693
2.824 0.0004193016126
2.826 0.0004195918647
2.828 0.0004198858561
2.83 0.0004201836169
2.832 0.0004204851763
2.834 0.0004207905627
2.836 0.0004210998037
2.838 0.0004214129264
2.84 0.0004217299568
2.842 0.0004220509202
2.844 0.0004223758413
2.846 0.0004227047437
2.848 0.0004230376505
2.85 0.0004233745838
2.852 0.000423715565
2.854 0.0004240606147
2.856 0.0004244097528
2.858 0.0004247629982
2.86 0.0004251203689
2.862 0.000425481882
2.864 0.0004258475538
2.866 0.0004262174
2.868 0.0004265914352
2.87 0.0004269696733
2.872 0.0004273521275
2.874 0.0004277388098
2.876 0.0004281297317
2.878 0.0004285249037
2.88 0.0004289243356
2.882 0.0004293280362
2.884 0.0004297360135
2.886 0.0004301482746
2.888 0.000430564826
2.89 0.000430985673
2.892 0.0004314108204
2.894 0.0004318402718
2.896 0.0004322740302
2.898 0.0004327120978
2.9 0.000433154476
2.902 0.0004336011652
2.904 0.000434052165
2.906 0.0004345074744
2.908 0.0004349670911
2.91 0.0004354310123
2.912 0.0004358992344
2.914 0.0004363717528
2.916 0.000436848562
2.918 0.0004373296561
2.92 0.0004378150281
2.922 0.0004383046701
2.924 0.0004387985736
2.926 0.0004392967293
2.928 0.000439799127
2.93 0.0004403057559
2.932 0.0004408166043
2.934 0.0004413316598
2.936 0.0004418509092
2.938 0.0004423743386
2.94 0.0004429019334
2.942 0.0004434336782
2.944 0.0004439695569
2.946 0.0004445095527
2.948 0.0004450536482
2.95 0.0004456018251
2.952 0.0004461540646
2.954 0.0004467103472
2.956 0.0004472706527
2.958 0.0004478349602
2.96 0.0004484032482
2.962 0.0004489754947
2.964 0.0004495516769
2.966 0.0004501317715
2.968 0.0004507157545
2.97 0.0004513036013
2.972 0.0004518952861
2.974 0.0004524907823
2.976 0.0004530900643
2.978 0.0004536931055
2.98 0.0004542998786
2.982 0.0004549103559
2.984 0.0004555245093
2.986 0.0004561423099
2.988 0.0004567637287
2.99 0.000457388736
2.992 0.0004580173016
2.994 0.0004586493951
2.996 0.0004592849853
2.998 0.000459924041
3 0.0004605665302
3.002 0.000461212421
3.004 0.0004618616808
3.006 0.0004625142771
3.008 0.0004631701763
3.01 0.0004638293448
3.012 0.0004644917487
3.014 0.0004651573537
3.016 0.0004658261252
3.018 0.0004664980285
3.02 0.0004671727962
3.022 0.0004678506306
3.024 0.0004685314782
3.026 0.000469215306
3.028 0.000469902074
3.03 0.0004705917447
3.032 0.0004712842796
3.034 0.0004719796403
3.036 0.0004726777882
3.038 0.0004733786844
3.04 0.00047408229
3.042 0.0004747885661
3.044 0.0004754974736
3.046 0.0004762089735
3.048 0.0004769230268
3.05 0.0004776395946
3.052 0.0004783586382
3.054 0.000479080119
3.056 0.0004798039987
3.058 0.000480530239
3.06 0.0004812588022
3.062 0.0004819896508
3.064 0.0004827227474
3.066 0.0004834580554
3.068 0.0004841955383
3.07 0.00048493516
3.072 0.0004856768849
3.074 0.0004864206778
3.076 0.000487166504
3.078 0.0004879143291
3.08 0.0004886641193
3.082 0.0004894158409
3.084 0.0004901694611
3.086 0.0004909249472
3.088 0.000491682267
3.09 0.0004924413888
3.092 0.0004932022812
3.094 0.000493964913
3.096 0.0004947292539
3.098 0.0004954952733
3.1 0.0004962629414
3.102 0.0004970322287
3.104 0.0004978031057
3.106 0.0004985755436
3.108 0.0004993495135
3.11 0.0005001249871
3.112 0.0005009019362
3.114 0.0005016803328
3.116 0.0005024601493
3.118 0.0005032413582
3.12 0.0005040239324
3.122 0.0005048078449
3.124 0.0005055930689
3.126 0.0005063795779
3.128 0.0005071673458
3.13 0.0005079563464
3.132 0.000508746554
3.134 0.0005095379432
3.136 0.0005103304885
3.138 0.000511124165
3.14 0.0005119189482
3.142 0.0005127148138
3.144 0.0005135117377
3.146 0.0005143096922
3.148 0.0005151086517
3.15 0.0005159085945
3.152 0.0005167094986
3.154 0.000517511342
3.156 0.0005183141034
3.158 0.0005191177619
3.16 0.0005199222969
3.162 0.0005207276881
3.164 0.0005215339161
3.166 0.0005223409623
3.168 0.0005231488084
3.17 0.0005239574372
3.172 0.0005247668319
3.174 0.0005255769763
3.176 0.000526387855
3.178 0.0005271994533
3.18 0.0005280117573
3.182 0.0005288247537
3.184 0.0005296384299
3.186 0.0005304527745
3.188 0.0005312677764
3.19 0.0005320834254
3.192 0.0005328997124
3.194 0.0005337166287
3.196 0.0005345341667
3.198 0.0005353523194
3.2 0.0005361710808
3.202 0.000536990446
3.204 0.0005378104101
3.206 0.0005386309697
3.208 0.000539452122
3.21 0.0005402738651
3.212 0.0005410961982
3.214 0.0005419191207
3.216 0.0005427426331
3.218 0.0005435667368
3.22 0.0005443914338
3.222 0.0005452167269
3.224 0.0005460426197
3.226 0.0005468691168
3.228 0.0005476962232
3.23 0.000548523945
3.232 0.0005493522887
3.234 0.0005501812619
3.236 0.0005510108724
3.238 0.0005518411291
3.24 0.0005526720416
3.242 0.0005535036201
3.244 0.0005543358755
3.246 0.00055516882
3.248 0.000556002466
3.25 0.0005568368263
3.252 0.0005576719143
3.254 0.0005585077442
3.256 0.0005593443306
3.258 0.0005601816891
3.26 0.0005610198356
3.262 0.0005618587868
3.264 0.0005626985599
3.266 0.0005635391726
3.268 0.0005643806437
3.27 0.000565222992
3.272 0.0005660662372
3.274 0.0005669103995
3.276 0.0005677554996
3.278 0.0005686015586
3.28 0.0005694485978
3.282 0.00057029664
3.284 0.0005711457084
3.286 0.0005719958266
3.288 0.0005728470186
3.29 0.0005736993093
3.292 0.0005745527238
3.294 0.0005754072878
3.296 0.0005762630277
3.298 0.0005771199703
3.3 0.0005779781425
3.302 0.0005788375724
3.304 0.0005796982881
3.306 0.0005805603183
3.308 0.0005814236924
3.31 0.0005822884397
3.312 0.0005831545903
3.314 0.0005840221748
3.316 0.0005848912243
3.318 0.0005857617701
3.32 0.0005866338438
3.322 0.0005875074778
3.324 0.0005883827045
3.326 0.0005892595569
3.328 0.0005901380683
3.33 0.0005910182726
3.332 0.0005919002039
3.334 0.0005927838962
3.336 0.0005936693843
3.338 0.0005945567034
3.34 0.0005954458888
3.342 0.0005963369762
3.344 0.0005972300012
3.346 0.0005981250003
3.348 0.0005990220097
3.35 0.0005999210661
3.352 0.0006008222063
3.354 0.0006017254678
3.356 0.0006026308877
3.358 0.0006035385035
3.36 0.0006044483529
3.362 0.0006053604738
3.364 0.0006062749043
3.366 0.0006071916823
3.368 0.0006081108464
3.37 0.000609032435
3.372 0.0006099564868
3.374 0.0006108830403
3.376 0.0006118121341
3.378 0.0006127438075
3.38 0.0006136780992
3.382 0.000614615048
3.384 0.000615554693
3.386 0.0006164970733
3.388 0.0006174422282
3.39 0.0006183901964
3.392 0.000619341017
3.394 0.0006202947295
3.396 0.0006212513728
3.398 0.0006222109858
3.4 0.0006231736075
3.402 0.0006241392771
3.404 0.0006251080334
3.406 0.0006260799152
3.408 0.0006270549612
3.41 0.0006280332102
3.412 0.0006290147007
3.414 0.0006299994711
3.416 0.0006309875599
3.418 0.0006319790052
3.42 0.0006329738448
3.422 0.0006339721168
3.424 0.0006349738589
3.426 0.0006359791087
3.428 0.0006369879035
3.43 0.0006380002806
3.432 0.000639016277
3.434 0.0006400359294
3.436 0.0006410592743
3.438 0.0006420863482
3.44 0.0006431171873
3.442 0.0006441518272
3.444 0.0006451903037
3.446 0.0006462326522
3.448 0.0006472789074
3.45 0.0006483291046
3.452 0.000649383278
3.454 0.0006504414616
3.456 0.0006515036896
3.458 0.0006525699954
3.46 0.0006536404121
3.462 0.0006547149728
3.464 0.0006557937099
3.466 0.0006568766553
3.468 0.0006579638412
3.47 0.0006590552988
3.472 0.0006601510591
3.474 0.0006612511528
3.476 0.0006623556102
3.478 0.0006634644609
3.48 0.0006645777344
3.482 0.0006656954599
3.484 0.0006668176655
3.486 0.0006679443797
3.488 0.0006690756301
3.49 0.0006702114436
3.492 0.0006713518472
3.494 0.0006724968673
3.496 0.0006736465293
3.498 0.0006748008589
3.5 0.0006759598808
3.502 0.0006771236193
3.504 0.0006782920984
3.506 0.0006794653413
3.508 0.0006806433711
3.51 0.00068182621
3.512 0.0006830138797
3.514 0.0006842064016
3.516 0.0006854037965
3.518 0.0006866060845
3.52 0.0006878132856
3.522 0.0006890254188
3.524 0.0006902425028
3.526 0.0006914645557
3.528 0.0006926915948
3.53 0.0006939236374
3.532 0.0006951606999
3.534 0.0006964027982
3.536 0.0006976499476
3.538 0.0006989021627
3.54 0.0007001594579
3.542 0.0007014218469
3.544 0.0007026893427
3.546 0.0007039619578
3.548 0.0007052397041
3.55 0.0007065225931
3.552 0.0007078106356
3.554 0.0007091038418
3.556 0.0007104022215
3.558 0.0007117057835
3.56 0.0007130145366
3.562 0.0007143284886
3.564 0.0007156476471
3.566 0.0007169720191
3.568 0.0007183016107
3.57 0.0007196364277
3.572 0.0007209764752
3.574 0.0007223217576
3.576 0.0007236722788
3.578 0.0007250280421
3.58 0.0007263890504
3.582 0.0007277553061
3.584 0.0007291268107
3.586 0.0007305035656
3.588 0.000731885571
3.59 0.0007332728273
3.592 0.0007346653338
3.594 0.0007360630897
3.596 0.0007374660932
3.598 0.0007388743422
3.6 0.000740287834
3.602 0.0007417065657
3.604 0.0007431305335
3.606 0.0007445597332
3.608 0.0007459941597
3.61 0.0007474338081
3.612 0.0007488786726
3.614 0.0007503287469
3.616 0.0007517840242
3.618 0.000753244497
3.62 0.0007547101579
3.622 0.0007561809985
3.624 0.0007576570101
3.626 0.0007591381837
3.628 0.0007606245091
3.63 0.0007621159768
3.632 0.0007636125759
3.634 0.0007651142953
3.636 0.0007666211239
3.638 0.0007681330496
3.64 0.0007696500603
3.642 0.0007711721432
3.644 0.0007726992851
3.646 0.0007742314725
3.648 0.0007757686917
3.65 0.0007773109281
3.652 0.0007788581673
3.654 0.0007804103942
3.656 0.0007819675934
3.658 0.0007835297493
3.66 0.0007850968459
3.662 0.0007866688665
3.664 0.0007882457948
3.666 0.0007898276136
3.668 0.0007914142777
3.67 0.000793005749
3.672 0.0007946020183
3.674 0.0007962030668
3.676 0.0007978088759
3.678 0.0007994194265
3.68 0.0008010346995
3.682 0.0008026546758
3.684 0.0008042793361
3.686 0.0008059086605
3.688 0.0008075426296
3.69 0.0008091812237
3.692 0.0008108244224
3.694 0.0008124722056
3.696 0.0008141245535
3.698 0.0008157814457
3.7 0.0008174428614
3.702 0.0008191087802
3.704 0.0008207791816
3.706 0.0008224540451
3.708 0.0008241333496
3.71 0.0008258170743
3.712 0.0008275051987
3.714 0.0008291977018
3.716 0.0008308945626
3.718 0.0008325957602
3.72 0.000834301274
3.722 0.000836011083
3.724 0.0008377251663
3.726 0.000839443503
3.728 0.0008411660724
3.73 0.000842892854
3.732 0.0008446238272
3.734 0.0008463589712
3.736 0.0008480982656
3.738 0.0008498416899
3.74 0.0008515892242
3.742 0.0008533408483
3.744 0.0008550965419
3.746 0.0008568562853
3.748 0.0008586200587
3.75 0.0008603878425
3.752 0.0008621596177
3.754 0.0008639353651
3.756 0.0008657150655
3.758 0.0008674987
3.76 0.0008692862836
3.762 0.0008710778228
3.764 0.0008728732888
3.766 0.0008746726647
3.768 0.0008764759284
3.77 0.0008782830596
3.772 0.0008800940434
3.774 0.0008819088637
3.776 0.0008837275045
3.778 0.00088554995
3.78 0.0008873761846
3.782 0.0008892061933
3.784 0.0008910399611
3.786 0.0008928774736
3.788 0.0008947187165
3.79 0.000896563676
3.792 0.0008984123387
3.794 0.0009002646913
3.796 0.0009021207213
3.798 0.0009039804162
3.8 0.000905843764
3.802 0.0009077107542
3.804 0.0009095813745
3.806 0.0009114556138
3.808 0.0009133334626
3.81 0.0009152149113
3.812 0.0009170999505
3.814 0.0009189885714
3.816 0.0009208807659
3.818 0.0009227765261
3.82 0.0009246758447
3.822 0.000926578715
3.824 0.0009284851309
3.826 0.0009303950866
3.828 0.0009323085771
3.83 0.0009342255978
3.832 0.0009361461456
3.834 0.0009380702161
3.836 0.0009399978059
3.838 0.0009419289136
3.84 0.0009438635375
3.842 0.0009458016768
3.844 0.000947743331
3.846 0.0009496885003
3.848 0.0009516371857
3.85 0.0009535893886
3.852 0.0009555451112
3.854 0.0009575043562
3.856 0.000959467127
3.858 0.0009614334278
3.86 0.0009634032633
3.862 0.0009653766388
3.864 0.0009673535603
3.866 0.0009693340346
3.868 0.000971318069
3.87 0.0009733056714
3.872 0.0009752968506
3.874 0.0009772916159
3.876 0.0009792899773
3.878 0.0009812919453
3.88 0.0009832975314
3.882 0.0009853067473
3.884 0.0009873196058
3.886 0.0009893361202
3.888 0.0009913563043
3.89 0.0009933801726
3.892 0.0009954077405
3.894 0.0009974390238
3.896 0.0009994740389
3.898 0.001001512803
3.9 0.001003555334
3.902 0.00100560165
3.904 0.001007651771
3.906 0.001009705715
3.908 0.001011763504
3.91 0.001013825158
3.912 0.001015890698
3.914 0.001017960148
3.916 0.001020033529
3.918 0.001022110866
3.92 0.001024192181
3.922 0.0010262775
3.924 0.001028366848
3.926 0.001030460251
3.928 0.001032557735
3.93 0.001034659326
3.932 0.001036765054
3.934 0.001038874944
3.936 0.001040989027
3.938 0.001043107332
3.94 0.001045229887
3.942 0.001047356725
3.944 0.001049487874
3.946 0.001051623368
3.948 0.001053763237
3.95 0.001055907515
3.952 0.001058056235
3.954 0.001060209429
3.956 0.001062367132
3.958 0.001064529378
3.96 0.001066696203
3.962 0.001068867642
3.964 0.001071043731
3.966 0.001073224506
3.968 0.001075410005
3.97 0.001077600264
3.972 0.001079794293
3.974 0.001081991641
3.976 0.001084192337
3.978 0.001086396412
3.98 0.001088603893
3.982 0.001090814811
3.984 0.001093029195
3.986 0.001095247075
3.988 0.001097468482
3.99 0.001099693445
3.992 0.001101921995
3.994 0.001104154163
3.996 0.001106389979
3.998 0.001108629475
4 0.001110872681
4.002 0.00111311963
4.004 0.001115370353
4.006 0.001117624883
4.008 0.00111988325
4.01 0.001122145488
4.012 0.001124411629
4.014 0.001126681706
4.016 0.001128955753
4.018 0.001131233802
4.02 0.001133515887
4.022 0.001135802041
4.024 0.0011380923
4.026 0.001140386696
4.028 0.001142685264
4.03 0.001144988038
4.032 0.001147295075
4.034 0.001149606414
4.036 0.001151922095
4.038 0.001154242155
4.04 0.001156566632
4.042 0.001158895565
4.044 0.00116122899
4.046 0.001163566946
4.048 0.001165909471
4.05 0.001168256602
4.052 0.001170608377
4.054 0.001172964833
4.056 0.001175326009
4.058 0.001177691941
4.06 0.001180062668
4.062 0.001182438226
4.064 0.001184818654
4.066 0.001187203987
4.068 0.001189594263
4.07 0.00119198952
4.072 0.001194389792
4.074 0.001196795118
4.076 0.001199205534
4.078 0.001201621075
4.08 0.001204041777
4.082 0.001206467677
4.084 0.00120889881
4.086 0.00121133521
4.088 0.001213776913
4.09 0.001216223953
4.092 0.001218676365
4.094 0.001221134184
4.096 0.001223597441
4.098 0.001226066173
4.1 0.001228540411
4.102 0.001231020188
4.104 0.001233505537
4.106 0.001235996491
4.108 0.001238493082
4.11 0.00124099534
4.112 0.001243503298
4.114 0.001246016987
4.116 0.001248536437
4.118 0.001251061679
4.12 0.001253592742
4.122 0.001256129657
4.124 0.001258672453
4.126 0.001261221159
4.128 0.001263775804
4.13 0.001266336417
4.132 0.001268903024
4.134 0.001271475655
4.136 0.001274054336
4.138 0.001276639095
4.14 0.001279229957
4.142 0.001281826951
4.144 0.001284430101
4.146 0.001287039433
4.148 0.001289654972
4.15 0.00129227674
4.152 0.001294904763
4.154 0.001297539064
4.156 0.001300179667
4.158 0.001302826595
4.16 0.001305479873
4.162 0.001308139521
4.164 0.001310805563
4.166 0.001313478021
4.168 0.001316156916
4.17 0.001318842269
4.172 0.001321534101
4.174 0.001324232432
4.176 0.001326937283
4.178 0.001329648672
4.18 0.001332366619
4.182 0.001335091143
4.184 0.001337822261
4.186 0.001340559991
4.188 0.001343304351
4.19 0.001346055358
4.192 0.001348813027
4.194 0.001351577376
4.196 0.001354348418
4.198 0.00135712617
4.2 0.001359910646
4.202 0.00136270186
4.204 0.001365499826
4.206 0.001368304557
4.208 0.001371116066
4.21 0.001373934365
4.212 0.001376759465
4.214 0.001379591379
4.216 0.001382430116
4.218 0.001385275688
4.22 0.001388128105
4.222 0.001390987375
4.224 0.001393853509
4.226 0.001396726514
4.228 0.001399606399
4.23 0.001402493171
4.232 0.001405386838
4.234 0.001408287406
4.236 0.001411194882
4.238 0.001414109272
4.24 0.001417030581
4.242 0.001419958815
4.244 0.001422893977
4.246 0.001425836072
4.248 0.001428785105
4.25 0.001431741077
4.252 0.001434703993
4.254 0.001437673855
4.256 0.001440650664
4.258 0.001443634423
4.26 0.001446625134
4.262 0.001449622796
4.264 0.001452627411
4.266 0.001455638979
4.268 0.001458657499
4.27 0.001461682972
4.272 0.001464715396
4.274 0.00146775477
4.276 0.001470801092
4.278 0.001473854361
4.28 0.001476914574
4.282 0.001479981729
4.284 0.001483055823
4.286 0.001486136852
4.288 0.001489224813
4.29 0.001492319702
4.292 0.001495421515
4.294 0.001498530248
4.296 0.001501645896
4.298 0.001504768453
4.3 0.001507897915
4.302 0.001511034276
4.304 0.001514177529
4.306 0.00151732767
4.308 0.001520484692
4.31 0.001523648588
4.312 0.001526819352
4.314 0.001529996976
4.316 0.001533181453
4.318 0.001536372777
4.32 0.00153957094
4.322 0.001542775931
4.324 0.001545987745
4.326 0.001549206373
4.328 0.001552431808
4.33 0.001555664039
4.332 0.00155890306
4.334 0.001562148861
4.336 0.001565401434
4.338 0.001568660767
4.34 0.001571926853
4.342 0.001575199683
4.344 0.001578479247
4.346 0.001581765536
4.348 0.00158505854
4.35 0.00158835825
4.352 0.001591664656
4.354 0.001594977748
4.356 0.001598297517
4.358 0.001601623952
4.36 0.001604957045
4.362 0.001608296784
4.364 0.00161164316
4.366 0.001614996162
4.368 0.00161835578
4.37 0.001621722003
4.372 0.001625094822
4.374 0.001628474228
4.376 0.00163186021
4.378 0.001635252759
4.38 0.001638651866
4.382 0.00164205752
4.384 0.001645469714
4.386 0.001648888438
4.388 0.001652313682
4.39 0.001655745437
4.392 0.001659183696
4.394 0.00166262845
4.396 0.001666079689
4.398 0.001669537407
4.4 0.001673001594
4.402 0.001676472243
4.404 0.001679949345
4.406 0.001683432895
4.408 0.001686922883
4.41 0.001690419304
4.412 0.00169392215
4.414 0.001697431414
4.416 0.001700947091
4.418 0.001704469173
4.42 0.001707997657
4.422 0.001711532535
4.424 0.001715073802
4.426 0.001718621454
4.428 0.001722175486
4.43 0.001725735893
4.432 0.001729302672
4.434 0.001732875819
4.436 0.00173645533
4.438 0.001740041203
4.44 0.001743633434
4.442 0.001747232022
4.444 0.001750836964
4.446 0.001754448258
4.448 0.001758065904
4.45 0.0017616899
4.452 0.001765320247
4.454 0.001768956943
4.456 0.00177259999
4.458 0.001776249389
4.46 0.00177990514
4.462 0.001783567246
4.464 0.001787235708
4.466 0.001790910529
4.468 0.001794591711
4.47 0.001798279259
4.472 0.001801973176
4.474 0.001805673466
4.476 0.001809380134
4.478 0.001813093186
4.48 0.001816812627
4.482 0.001820538463
4.484 0.0018242707
4.486 0.001828009347
4.488 0.001831754411
4.49 0.001835505899
4.492 0.001839263821
4.494 0.001843028185
4.496 0.001846799002
4.498 0.001850576281
4.5 0.001854360035
4.502 0.001858150273
4.504 0.001861947006
4.506 0.001865750247
4.508 0.001869560009
4.51 0.001873376304
4.512 0.001877199148
4.514 0.001881028554
4.516 0.001884864536
4.518 0.001888707112
4.52 0.001892556295
4.522 0.001896412103
4.524 0.001900274552
4.526 0.001904143661
4.528 0.001908019446
4.53 0.001911901927
4.532 0.001915791122
4.534 0.001919687051
4.536 0.001923589734
4.538 0.001927499192
4.54 0.001931415446
4.542 0.001935338518
4.544 0.00193926843
4.546 0.001943205205
4.548 0.001947148867
4.55 0.001951099438
4.552 0.001955056943
4.554 0.001959021408
4.556 0.001962992857
4.558 0.001966971317
4.56 0.001970956813
4.562 0.001974949373
4.564 0.001978949024
4.566 0.001982955793
4.568 0.00198696971
4.57 0.001990990803
4.572 0.001995019102
4.574 0.001999054636
4.576 0.002003097436
4.578 0.002007147533
4.58 0.002011204959
4.582 0.002015269745
4.584 0.002019341924
4.586 0.002023421529
4.588 0.002027508594
4.59 0.002031603153
4.592 0.002035705238
4.594 0.002039814887
4.596 0.002043932133
4.598 0.002048057012
4.6 0.002052189562
4.602 0.002056329816
4.604 0.002060477816
4.606 0.002064633596
4.608 0.002068797192
4.61 0.002072968641
4.612 0.002077147985
4.614 0.002081174029
4.616 0.002085160444
4.618 0.002089134748
4.62 0.002093093695
4.622 0.002097039835
4.624 0.002100974269
4.626 0.002104898236
4.628 0.002108812802
4.63 0.002112718962
4.632 0.002116617646
4.634 0.002120509735
4.636 0.002124396078
4.638 0.002128277498
4.64 0.002132154802
4.642 0.002136028769
4.644 0.00213990017
4.646 0.002143769792
4.648 0.002147638408
4.65 0.002151506787
4.652 0.002155375691
4.654 0.002159245874
4.656 0.002163118076
4.658 0.002166993028
4.66 0.002170871441
4.662 0.002174754009
4.664 0.002178641405
4.666 0.002182534275
4.668 0.002186433239
4.67 0.00219033889
4.672 0.002194251785
4.674 0.002198172451
4.676 0.002202101376
4.678 0.002206039016
4.68 0.002209985785
4.682 0.002213942062
4.684 0.002217908185
4.686 0.002221884455
4.688 0.002225871133
4.69 0.002229868447
4.692 0.002233876582
4.694 0.002237895689
4.696 0.002241925885
4.698 0.002245967257
4.7 0.002250019862
4.702 0.002254083724
4.704 0.002258158846
4.706 0.002262245203
4.708 0.00226634275
4.71 0.002270451424
4.712 0.002274571145
4.714 0.002278701818
4.716 0.002282843339
4.718 0.002286995594
4.72 0.002291158464
4.722 0.002295331825
4.724 0.00229951555
4.726 0.002303709515
4.728 0.002307913597
4.73 0.002312127678
4.732 0.002316351646
4.734 0.002320585396
4.736 0.002324828833
4.738 0.002329081872
4.74 0.00233334444
4.742 0.002337616475
4.744 0.002341897928
4.746 0.002346188765
4.748 0.002350488963
4.75 0.002354798514
4.752 0.002359117425
4.754 0.002363445714
4.756 0.002367783415
4.758 0.002372130574
4.76 0.002376487247
4.762 0.002380853506
4.764 0.002385229431
4.766 0.002389615113
4.768 0.002394010652
4.77 0.002398416156
4.772 0.002402831743
4.774 0.002407257533
4.776 0.002411693656
4.778 0.002416140243
4.78 0.002420597429
4.782 0.002425065353
4.784 0.002429544154
4.786 0.002434033972
4.788 0.002438534946
4.79 0.002443047214
4.792 0.002447570912
4.794 0.002452106175
4.796 0.00245665313
4.798 0.002461211906
4.8 0.002465782623
4.802 0.002470365398
4.804 0.002474960343
4.806 0.002479567563
4.808 0.002484187159
4.81 0.002488819224
4.812 0.002493463847
4.814 0.002498121109
4.816 0.002502791088
4.818 0.002507473854
4.82 0.00251216947
4.822 0.002516877996
4.824 0.002521599486
4.826 0.002526333989
4.828 0.002531081548
4.83 0.002535842203
4.832 0.002540615991
4.834 0.002545402943
4.836 0.002550203087
4.838 0.002555016452
4.84 0.00255984306
4.842 0.002564682932
4.844 0.002569536091
4.846 0.002574402553
4.848 0.002579282339
4.85 0.002584175465
4.852 0.002589081949
4.854 0.00259400181
4.856 0.002598935065
4.858 0.002603881734
4.86 0.002608841837
4.862 0.002613815395
4.864 0.002618802431
4.866 0.002623802969
4.868 0.002628817036
4.87 0.002633844659
4.872 0.002638885868
4.874 0.002643940694
4.876 0.002649009171
4.878 0.002654091335
4.88 0.002659187221
4.882 0.00266429687
4.884 0.002669420321
4.886 0.002674557618
4.888 0.002679708805
4.89 0.002684873926
4.892 0.002690053029
4.894 0.002695246161
4.896 0.002700453372
4.898 0.00270567471
4.9 0.002710910226
4.902 0.002716159972
4.904 0.002721423998
4.906 0.002726702372
4.908 0.00273199515
4.91 0.002737302378
4.912 0.002742624106
4.914 0.002747960384
4.916 0.00275331126
4.918 0.002758676783
4.92 0.002764057
4.922 0.002769451959
4.924 0.002774861705
4.926 0.002780286285
4.928 0.002785725742
4.93 0.00279118012
4.932 0.002796649462
4.934 0.002802133808
4.936 0.0028076332
4.938 0.002813147675
4.94 0.002818677273
4.942 0.00282422203
4.944 0.002829781982
4.946 0.002835357163
4.948 0.002840947608
4.95 0.002846553332
4.952 0.002852174354
4.954 0.002857810709
4.956 0.002863462427
4.958 0.002869129537
4.96 0.002874812067
4.962 0.002880510044
4.964 0.002886223495
4.966 0.002891952448
4.968 0.002897696927
4.97 0.00290345696
4.972 0.002909232573
4.974 0.002915023791
4.976 0.002920830641
4.978 0.002926653148
4.98 0.002932491339
4.982 0.00293834524
4.984 0.002944210947
4.986 0.002950082938
4.988 0.002955961185
4.99 0.002961845646
4.992 0.002967736279
4.994 0.002973633039
4.996 0.00297953588
4.998 0.002985444754
5 0.002991359614
5.002 0.002997280412
5.004 0.003003207102
5.006 0.003009139636
5.008 0.003015077971
5.01 0.003021022063
5.012 0.00302697187
5.014 0.003032927353
5.016 0.003038888463
5.018 0.003044855158
5.02 0.003050827408
5.022 0.00305680518
5.024 0.003062788445
5.026 0.003068777175
5.028 0.003074771343
5.03 0.003080770928
5.032 0.003086775906
5.034 0.003092786259
5.036 0.003098801899
5.038 0.003104822769
5.04 0.003110848883
5.042 0.003116880235
5.044 0.003122916818
5.046 0.003128958625
5.048 0.003135005651
5.05 0.003141057893
5.052 0.003147115347
5.054 0.003153178013
5.056 0.003159245888
5.058 0.003165318972
5.06 0.003171397266
5.062 0.003177480769
5.064 0.003183569482
5.066 0.003189663405
5.068 0.003195762539
5.07 0.003201866885
5.072 0.003207976443
5.074 0.003214091212
5.076 0.003220211191
5.078 0.00322633638
5.08 0.003232466777
5.082 0.003238602379
5.084 0.003244743184
5.086 0.003250889187
5.088 0.003257040385
5.09 0.003263196773
5.092 0.003270078549
5.094 0.003276967887
5.096 0.003283865515
5.098 0.003290771391
5.1 0.003297685594
5.102 0.003304608162
5.104 0.003311539136
5.106 0.003318478551
5.108 0.003325426437
5.11 0.003332382821
5.112 0.003339347725
5.114 0.003346321169
5.116 0.003353303168
5.118 0.003360293737
5.12 0.003367292887
5.122 0.003374300626
5.124 0.003381316962
5.126 0.0033883419
5.128 0.003395375442
5.13 0.003402417591
5.132 0.003409468345
5.134 0.003416527705
5.136 0.003423595665
5.138 0.003430672221
5.14 0.003437757364
5.142 0.003444851086
5.144 0.003451953377
5.146 0.003459064225
5.148 0.00346618362
5.15 0.003473311547
5.152 0.003480447994
5.154 0.003487592945
5.156 0.003494746386
5.158 0.003501908301
5.16 0.003509078673
5.162 0.003516257486
5.164 0.003523444723
5.166 0.003530640367
5.168 0.0035378444
5.17 0.003545056807
5.172 0.003552277569
5.174 0.00355950667
5.176 0.003566744095
5.178 0.003573989827
5.18 0.003581243848
5.182 0.003588506144
5.184 0.003595776702
5.186 0.003603055509
5.188 0.003610342554
5.19 0.003617637825
5.192 0.003624941313
5.194 0.003632253011
5.196 0.003639572909
5.198 0.003646901003
5.2 0.003654237287
5.202 0.003661581756
5.204 0.003668934377
5.206 0.003676295177
5.208 0.003683664158
5.21 0.00369104132
5.212 0.003698426664
5.214 0.003705820193
5.216 0.003713221911
5.218 0.003720631826
5.22 0.003728049944
5.222 0.003735476273
5.224 0.003742910822
5.226 0.003750353601
5.228 0.003757804622
5.23 0.003765263894
5.232 0.003772731432
5.234 0.003780207247
5.236 0.003787691353
5.238 0.003795183765
5.24 0.003802684498
5.242 0.003810193566
5.244 0.003817710985
5.246 0.003825236773
5.248 0.003832770944
5.25 0.003840313507
5.252 0.003847864473
5.254 0.003855423862
5.256 0.003862991691
5.258 0.003870567976
5.26 0.003878152736
5.262 0.003885745987
5.264 0.003893347748
5.266 0.003900958036
5.268 0.003908576869
5.27 0.003916204263
5.272 0.003923840238
5.274 0.003931484812
5.276 0.003939138002
5.278 0.003946799825
5.28 0.003954470297
5.282 0.003962149438
5.284 0.003969837266
5.286 0.003977533799
5.288 0.003985239056
5.29 0.003992953054
5.292 0.004000675813
5.294 0.004008407351
5.296 0.004016147686
5.298 0.004023899054
5.3 0.004031662782
5.302 0.004039437965
5.304 0.004047224466
5.306 0.004055022152
5.308 0.004062830894
5.31 0.00407065057
5.312 0.00407848106
5.314 0.004086322254
5.316 0.004094174045
5.318 0.004102036335
5.32 0.004109909032
5.322 0.004117792054
5.324 0.004125685325
5.326 0.004133588777
5.328 0.004141502349
5.33 0.004149425987
5.332 0.004157359646
5.334 0.00416530329
5.336 0.004173256889
5.338 0.004181220421
5.34 0.004189193872
5.342 0.004197177235
5.344 0.00420517051
5.346 0.004213173702
5.348 0.004221186856
5.35 0.004229210016
5.352 0.004237243194
5.354 0.004245286418
5.356 0.004253339719
5.358 0.004261403133
5.36 0.004269476699
5.362 0.004277560459
5.364 0.004285654458
5.366 0.004293758741
5.368 0.004301873351
5.37 0.004309998328
5.372 0.004318133713
5.374 0.004326279547
5.376 0.004334435872
5.378 0.004342602728
5.38 0.004350780157
5.382 0.004358968199
5.384 0.004367166892
5.386 0.004375376274
5.388 0.004383596381
5.39 0.004391827246
5.392 0.004400068903
5.394 0.00440832138
5.396 0.004416078207
5.398 0.004423732431
5.4 0.00443133459
5.402 0.004438878683
5.404 0.004446367829
5.406 0.00445380385
5.408 0.004461189043
5.41 0.00446852605
5.412 0.004475817558
5.414 0.004483066111
5.416 0.004490274419
5.418 0.00449744526
5.42 0.004504581466
5.422 0.004511685906
5.424 0.004518761476
5.426 0.004525811085
5.428 0.004532837635
5.43 0.004539844015
5.432 0.00454683308
5.434 0.004553807642
5.436 0.004560770451
5.438 0.004567724188
5.44 0.004574671446
5.442 0.004581614721
5.444 0.0045885564
5.446 0.004595498748
5.448 0.004602443906
5.45 0.004609393873
5.452 0.004616350506
5.454 0.004623315512
5.456 0.004630290446
5.458 0.004637276705
5.46 0.004644275524
5.462 0.00465128798
5.464 0.004658314992
5.466 0.004665357322
5.468 0.004672415579
5.47 0.004679490225
5.472 0.004686581577
5.474 0.004693689818
5.476 0.004700814999
5.478 0.004707957053
5.48 0.0047151158
5.482 0.004722290954
5.484 0.004729482137
5.486 0.00473668889
5.488 0.004743910682
5.49 0.004751146921
5.492 0.004758396964
5.494 0.004765660128
5.496 0.0047729357
5.498 0.004780222946
5.5 0.004787521124
5.502 0.004794829488
5.504 0.0048021473
5.506 0.004809473838
5.508 0.004816808404
5.51 0.004824150327
5.512 0.004831498973
5.514 0.00483885375
5.516 0.004846214237
5.518 0.00485358002
5.52 0.004860950682
5.522 0.004868325863
5.524 0.004875705252
5.526 0.004883088592
5.528 0.004890475679
5.53 0.004897866363
5.532 0.004905260552
5.534 0.004912658205
5.536 0.004920059332
5.538 0.004927464008
5.54 0.004934872349
5.542 0.004942284498
5.544 0.004949700646
5.546 0.00495712102
5.548 0.004964545878
5.55 0.004971975509
5.552 0.004979410224
5.554 0.004986850357
5.556 0.004994296254
5.558 0.005001748276
5.56 0.00500920679
5.562 0.005016672167
5.564 0.005024144778
5.566 0.005031624989
5.568 0.00503911316
5.57 0.00504660964
5.572 0.005054114767
5.574 0.005061628859
5.576 0.00506915222
5.578 0.005076685131
5.58 0.005084227855
5.582 0.005091780677
5.584 0.005099343789
5.586 0.005106917363
5.588 0.005114501568
5.59 0.005122096544
5.592 0.005129702409
5.594 0.005137319255
5.596 0.005144947153
5.598 0.00515258615
5.6 0.005160236275
5.602 0.005167897534
5.604 0.005175569916
5.606 0.00518325339
5.608 0.005190947913
5.61 0.005198653426
5.612 0.005206369858
5.614 0.005214097126
5.616 0.005221835141
5.618 0.005229583805
5.62 0.005237343016
5.622 0.005245112668
5.624 0.005252892654
5.626 0.005260682864
5.628 0.005268483193
5.63 0.005276293537
5.632 0.005284113794
5.634 0.00529194387
5.636 0.005299783676
5.638 0.00530763313
5.64 0.005315492157
5.642 0.005323360692
5.644 0.005331238677
5.646 0.005339126066
5.648 0.005347022819
5.65 0.005354928914
5.652 0.005362844335
5.654 0.005370769074
5.656 0.005378703131
5.658 0.005386646519
5.66 0.005394599538
5.662 0.005402562391
5.664 0.005410535004
5.666 0.005418517404
5.668 0.005426509622
5.67 0.005434511695
5.672 0.005442523661
5.674 0.005450545561
5.676 0.005458577438
5.678 0.005466619341
5.68 0.005474671322
5.682 0.005482733437
5.684 0.005490805739
5.686 0.005498888285
5.688 0.00550698113
5.69 0.005515084328
5.692 0.005523197935
5.694 0.005531322005
5.696 0.005539456588
5.698 0.005547601732
5.7 0.00555575748
5.702 0.005563923844
5.704 0.005572100845
5.706 0.00558028853
5.708 0.005588486926
5.71 0.00559669606
5.712 0.005604915953
5.714 0.005613146622
5.716 0.005621388082
5.718 0.005629640341
5.72 0.005637903405
5.722 0.005646177276
5.724 0.005654461953
5.726 0.005662757432
5.728 0.005671063704
5.73 0.005679380761
5.732 0.005687708589
5.734 0.005696047179
5.736 0.005704396516
5.738 0.005712756578
5.74 0.005721127344
5.742 0.005729508793
5.744 0.005737900902
5.746 0.005746303651
5.748 0.005754717015
5.75 0.005763140974
5.752 0.005771575505
5.754 0.005780020329
5.756 0.00578847525
5.758 0.005796940336
5.76 0.005805415572
5.762 0.005813900721
5.764 0.005822395622
5.766 0.005830900354
5.768 0.005839414919
5.77 0.00584793932
5.772 0.00585647356
5.774 0.00586501764
5.776 0.005873571565
5.778 0.00588213534
5.78 0.005890708974
5.782 0.005899292476
5.784 0.005907885861
5.786 0.005916489142
5.788 0.005925102329
5.79 0.005933725435
5.792 0.005942358472
5.794 0.005951001454
5.796 0.005959654393
5.798 0.005968317304
5.8 0.005976990199
5.802 0.005985673087
5.804 0.005994365979
5.806 0.006003068884
5.808 0.006011781813
5.81 0.006020504773
5.812 0.006029237761
5.814 0.006037980776
5.816 0.006046733829
5.818 0.006055496929
5.82 0.006064270083
5.822 0.006073053299
5.824 0.006081846584
5.826 0.006090649934
5.828 0.006099463316
5.83 0.006108286768
5.832 0.006117120303
5.834 0.006125963925
5.836 0.006134817642
5.838 0.00614368146
5.84 0.006152555384
5.842 0.006161439419
5.844 0.00617033357
5.846 0.006179237845
5.848 0.00618815225
5.85 0.00619707679
5.852 0.006206011468
5.854 0.00621495629
5.856 0.006223911259
5.858 0.006232876381
5.86 0.006241851659
5.862 0.006250837096
5.864 0.006259832696
5.866 0.006268838462
5.868 0.006277854398
5.87 0.006286880507
5.872 0.006295916792
5.874 0.006304963256
5.876 0.006314019901
5.878 0.00632308673
5.88 0.006332163746
5.882 0.00634125095
5.884 0.006350348368
5.886 0.006359456016
5.888 0.006368573889
5.89 0.006377701988
5.892 0.006386840314
5.894 0.006395988869
5.896 0.006405147653
5.898 0.006414316667
5.9 0.006423495913
5.902 0.006432685392
5.904 0.006441885107
5.906 0.006451095065
5.908 0.006460315272
5.91 0.006469545733
5.912 0.006478786452
5.914 0.006488037436
5.916 0.006497298688
5.918 0.006506570213
5.92 0.006515852016
5.922 0.0065251441
5.924 0.006534446348
5.926 0.006543758681
5.928 0.006553081139
5.93 0.00656241374
5.932 0.006571756497
5.934 0.006581109407
5.936 0.006590472472
5.938 0.006599845697
5.94 0.006609229083
5.942 0.006618622636
5.944 0.006628026359
5.946 0.006637440256
5.948 0.006646864333
5.95 0.006656298593
5.952 0.006665743042
5.954 0.006675197687
5.956 0.006684662532
5.958 0.006694137584
5.96 0.006703622849
5.962 0.006713118332
5.964 0.006722624038
5.966 0.006732139973
5.968 0.006741666144
5.97 0.006751202559
5.972 0.006760749224
5.974 0.006770306145
5.976 0.006779873284
5.978 0.006789450614
5.98 0.006799038158
5.982 0.006808635923
5.984 0.006818243917
5.986 0.006827862146
5.988 0.006837490618
5.99 0.006847129341
5.992 0.006856778323
5.994 0.006866437572
5.996 0.006876107095
5.998 0.006885786902
6 0.006895476999
6.002 0.006905177394
6.004 0.006914888096
6.006 0.006924609112
6.008 0.006934340449
6.01 0.006944082115
6.012 0.006953834118
6.014 0.006963595608
6.016 0.006973366047
6.018 0.006983145762
6.02 0.006992934789
6.022 0.007002733181
6.024 0.007012540995
6.026 0.007022358276
6.028 0.007032185071
6.03 0.00704202143
6.032 0.007051867399
6.034 0.007061723023
6.036 0.007071588343
6.038 0.007081463384
6.04 0.007091348174
6.042 0.007101242754
6.044 0.007111147163
6.046 0.007121061432
6.048 0.007130985593
6.05 0.007140919643
6.052 0.007150863586
6.054 0.007160806872
6.056 0.007170741209
6.058 0.00718066656
6.06 0.007190582863
6.062 0.007200490053
6.064 0.00721038806
6.066 0.007220276813
6.068 0.007230156241
6.07 0.007240026273
6.072 0.007249886842
6.074 0.007259737886
6.076 0.007269579348
6.078 0.007279411176
6.08 0.007289233326
6.082 0.007299045764
6.084 0.007308848462
6.086 0.007318641402
6.088 0.007328424575
6.09 0.007338197984
6.092 0.00734796164
6.094 0.007357715565
6.096 0.007367459813
6.098 0.007377194436
6.1 0.007386919467
6.102 0.007396634959
6.104 0.007406340972
6.106 0.007416037552
6.108 0.00742572477
6.11 0.007435402721
6.112 0.007445071502
6.114 0.007454731213
6.116 0.007464381958
6.118 0.007474023846
6.12 0.00748365699
6.122 0.007493281503
6.124 0.007502897501
6.126 0.007512505103
6.128 0.007522104428
6.13 0.007531695593
6.132 0.007541278798
6.134 0.007550854216
6.136 0.007560422103
6.138 0.007569982671
6.14 0.007579535961
6.142 0.007589082067
6.144 0.007598621137
6.146 0.007608153271
6.148 0.007617678521
6.15 0.007627196972
6.152 0.007636708699
6.154 0.00764621377
6.156 0.00765571225
6.158 0.007665204199
6.16 0.007674689675
6.162 0.007684168729
6.164 0.007693641409
6.166 0.007703107762
6.168 0.007712567831
6.17 0.007722021657
6.172 0.007731469281
6.174 0.007740910785
6.176 0.007750346295
6.178 0.007759775923
6.18 0.007769199776
6.182 0.007778617957
6.184 0.00778803057
6.186 0.007797437713
6.188 0.007806839486
6.19 0.007816235985
6.192 0.007825627226
6.194 0.007835013167
6.196 0.007844393869
6.198 0.007853769331
6.2 0.007863139572
6.202 0.007872504676
6.204 0.007881864705
6.206 0.00789121971
6.208 0.007900569684
6.21 0.007909914599
6.212 0.007919254445
6.214 0.007928589219
6.216 0.007937918918
6.218 0.007947243547
6.22 0.007956563115
6.222 0.007965877635
6.224 0.007975187126
6.226 0.007984491609
6.228 0.007993791113
6.23 0.00800308567
6.232 0.008012375316
6.234 0.00802166009
6.236 0.008030940037
6.238 0.008040215202
6.24 0.008049485636
6.242 0.008058751392
6.244 0.008068012528
6.246 0.008077269102
6.248 0.008086521174
6.25 0.008095768809
6.252 0.008105012071
6.254 0.008114251027
6.256 0.008123485746
6.258 0.008132716295
6.26 0.008141942766
6.262 0.008151165239
6.264 0.008160383778
6.266 0.008169598449
6.268 0.008178809319
6.27 0.008188016454
6.272 0.008197219921
6.274 0.008206419785
6.276 0.008215616112
6.278 0.008224808964
6.28 0.008233998391
6.282 0.00824318444
6.284 0.00825236716
6.286 0.008261546599
6.288 0.008270722809
6.29 0.00827989584
6.292 0.008289065743
6.294 0.008298232567
6.296 0.008307396365
6.298 0.008316557188
6.3 0.008325715089
6.302 0.008334870121
6.304 0.008344022337
6.306 0.008353171792
6.308 0.008362318543
6.31 0.008371462645
6.312 0.008380604159
6.314 0.00838974314
6.316 0.008398879647
6.318 0.008408013744
6.32 0.008417145495
6.322 0.008426274963
6.324 0.008435402216
6.326 0.008444527307
6.328 0.008453650298
6.33 0.008462771262
6.332 0.008471890271
6.334 0.008481007399
6.336 0.008490122719
6.338 0.00849923631
6.34 0.008508348247
6.342 0.008517458612
6.344 0.008526567485
6.346 0.008535674948
6.348 0.008544781085
6.35 0.008553886007
6.352 0.008562989954
6.354 0.008572093257
6.356 0.008581196247
6.358 0.008590299263
6.36 0.00859940262
6.362 0.008608506625
6.364 0.008617611571
6.366 0.008626717742
6.368 0.008635825411
6.37 0.008644934843
6.372 0.008654046295
6.374 0.008663160013
6.376 0.008672276238
6.378 0.008681395204
6.38 0.008690517137
6.382 0.008699642277
6.384 0.008708770851
6.386 0.008717903061
6.388 0.008727039108
6.39 0.008736179192
6.392 0.008745323506
6.394 0.00875447224
6.396 0.008763625583
6.398 0.008772783716
6.4 0.008781946815
6.402 0.008791115056
6.404 0.008800288607
6.406 0.008809467637
6.408 0.008818652312
6.41 0.008827842794
6.412 0.008837039248
6.414 0.00884624181
6.416 0.008855450504
6.418 0.008864665463
6.42 0.008873886831
6.422 0.008883114872
6.424 0.00889234981
6.426 0.008901591747
6.428 0.008910840825
6.43 0.008920097184
6.432 0.008929360966
6.434 0.008938632308
6.436 0.00894791135
6.438 0.00895719823
6.44 0.008966493088
6.442 0.008975796067
6.444 0.008985107321
6.446 0.008994427011
6.448 0.009003755295
6.45 0.009013092336
6.452 0.009022438296
6.454 0.009031793331
6.456 0.009041157602
6.458 0.009050531256
6.46 0.009059914454
6.462 0.009069307307
6.464 0.009078709877
6.466 0.00908812096
6.468 0.00909753981
6.47 0.009106966943
6.472 0.009116402458
6.474 0.009125846473
6.476 0.009135299099
6.478 0.009144760473
6.48 0.009154230754
6.482 0.009163710101
6.484 0.009173198688
6.486 0.0091826967
6.488 0.009192204333
6.49 0.009201721765
6.492 0.009211249171
6.494 0.009220786736
6.496 0.009230334623
6.498 0.009239893009
6.5 0.009249462073
6.502 0.009259041993
6.504 0.009268632955
6.506 0.009278235145
6.508 0.009287848761
6.51 0.009297474
6.512 0.009307111061
6.514 0.009316760132
6.516 0.009326421405
6.518 0.00933609506
6.52 0.00934578128
6.522 0.00935548026
6.524 0.009365192183
6.526 0.009374917225
6.528 0.009384655567
6.53 0.009394407384
6.532 0.009404172854
6.534 0.00941395215
6.536 0.009423745449
6.538 0.009433552923
6.54 0.009443374746
6.542 0.009453211091
6.544 0.009463062138
6.546 0.009472928064
6.548 0.009482809043
6.55 0.009492705254
6.552 0.009502616877
6.554 0.009512544094
6.556 0.009522486814
6.558 0.009532445061
6.56 0.00954241914
6.562 0.00955240926
6.564 0.009562415626
6.566 0.009572438453
6.568 0.009582477964
6.57 0.009592534379
6.572 0.009602607919
6.574 0.009612698808
6.576 0.009622807264
6.578 0.009632933504
6.58 0.00964307775
6.582 0.009653240337
6.584 0.0096634216
6.586 0.009673621761
6.588 0.009683841069
6.59 0.009694079766
6.592 0.009704338087
6.594 0.009714616258
6.596 0.009724914459
6.598 0.009735233124
6.6 0.009745572637
6.602 0.009755933143
6.604 0.009766314865
6.606 0.009776718025
6.608 0.009787142981
6.61 0.00979759006
6.612 0.009808056297
6.614 0.009818541815
6.616 0.009829046826
6.618 0.009839571762
6.62 0.009850119031
6.622 0.009860688847
6.624 0.009871281436
6.626 0.009881897027
6.628 0.00989253585
6.63 0.009903007318
6.632 0.009913523555
6.634 0.009924084772
6.636 0.009934692318
6.638 0.009945346863
6.64 0.009956048809
6.642 0.009966798288
6.644 0.009977595191
6.646 0.009988439207
6.648 0.009999329936
6.65 0.0100102668
6.652 0.010021249
6.654 0.01003227567
6.656 0.01004334588
6.658 0.01005445863
6.66 0.01006561289
6.662 0.01007680761
6.664 0.01008804174
6.666 0.01009931422
6.668 0.01011062408
6.67 0.01012197035
6.672 0.01013335209
6.674 0.01014476844
6.676 0.01015621862
6.678 0.0101677019
6.68 0.01017921768
6.682 0.01019076541
6.684 0.01020234465
6.686 0.01021395506
6.688 0.01022559638
6.69 0.01023726846
6.692 0.01024897124
6.694 0.01026070477
6.696 0.01027246918
6.698 0.0102842647
6.7 0.01029609165
6.702 0.01030795043
6.704 0.01031984151
6.706 0.01033176544
6.708 0.01034372282
6.71 0.0103557143
6.712 0.01036774061
6.714 0.0103798025
6.716 0.01039190076
6.718 0.01040403621
6.72 0.01041620969
6.722 0.01042842206
6.724 0.01044067418
6.726 0.01045296694
6.728 0.01046530102
6.73 0.01047767717
6.732 0.0104900963
6.734 0.01050255924
6.736 0.0105150668
6.738 0.01052761976
6.74 0.01054021889
6.742 0.01055286491
6.744 0.01056555852
6.746 0.01057830038
6.748 0.01059109112
6.75 0.01060393131
6.752 0.01061682159
6.754 0.01062976242
6.756 0.01064275431
6.758 0.01065579774
6.76 0.01066889314
6.762 0.01068204095
6.764 0.01069524153
6.766 0.01070849524
6.768 0.01072180243
6.77 0.01073516341
6.772 0.01074857851
6.774 0.01076204803
6.776 0.0107755723
6.778 0.0107891516
6.78 0.01080278623
6.782 0.01081647653
6.784 0.01083022279
6.786 0.01084402535
6.788 0.01085788417
6.79 0.01087179956
6.792 0.01088577213
6.794 0.01089980221
6.796 0.01091389023
6.798 0.01092803665
6.8 0.01094224191
6.802 0.01095650652
6.804 0.01097083111
6.806 0.01098521636
6.808 0.01099966282
6.81 0.01101417111
6.812 0.01102874188
6.814 0.0110433758
6.816 0.01105807357
6.818 0.01107283589
6.82 0.01108766353
6.822 0.01110255725
6.824 0.01111751786
6.826 0.01113254617
6.828 0.01114764301
6.83 0.01116280921
6.832 0.01117804566
6.834 0.01119335323
6.836 0.01120873283
6.838 0.0112241854
6.84 0.01123947151
6.842 0.01125482546
6.844 0.01127024964
6.846 0.01128574151
6.848 0.01130130131
6.85 0.01131692829
6.852 0.01133262212
6.854 0.01134838246
6.856 0.01136420918
6.858 0.01138010221
6.86 0.01139606167
6.862 0.01141208785
6.864 0.0114281812
6.866 0.01144434239
6.868 0.01146057228
6.87 0.01147687198
6.872 0.01149324281
6.874 0.01150968635
6.876 0.01152620438
6.878 0.01154279894
6.88 0.01155947222
6.882 0.01157622666
6.884 0.01159306499
6.886 0.01160999013
6.888 0.01162700523
6.89 0.01164411363
6.892 0.01166131889
6.894 0.01167862463
6.896 0.01169603467
6.898 0.0117135529
6.9 0.01173118335
6.902 0.01174893012
6.904 0.01176679736
6.906 0.01178478854
6.908 0.01180290744
6.91 0.01182115864
6.912 0.01184143792
6.914 0.01186226446
6.916 0.01188348978
6.918 0.01190513857
6.92 0.01192720784
6.922 0.01194969508
6.924 0.01197259469
6.926 0.0119958997
6.928 0.01201960168
6.93 0.01204369116
6.932 0.01206815801
6.934 0.01209299171
6.936 0.0121181816
6.938 0.01214371707
6.94 0.01216958777
6.942 0.01219578373
6.944 0.01222229561
6.946 0.01224911452
6.948 0.01227623235
6.95 0.01230364185
6.952 0.01233133641
6.954 0.01235931034
6.956 0.01238755883
6.958 0.01241607375
6.96 0.01244484877
6.962 0.01247388177
6.964 0.01250317158
6.966 0.01253271803
6.968 0.01256252182
6.97 0.01259258452
6.972 0.01262290851
6.974 0.01265349693
6.976 0.01268435403
6.978 0.01271548465
6.98 0.01274689392
6.982 0.01277858772
6.984 0.01281057252
6.986 0.01284285375
6.988 0.0128754378
6.99 0.01290833282
6.992 0.01294154691
6.994 0.01297508837
6.996 0.01300896572
6.998 0.01304318692
7 0.01307776022
7.002 0.01311269469
7.004 0.01314799902
7.006 0.01318368208
7.008 0.01321975266
7.01 0.01325621942
7.012 0.01329309114
7.014 0.01333037608
7.016 0.01336808243
7.018 0.01340621822
7.02 0.01344465355
7.022 0.01348353179
7.024 0.01352285909
7.026 0.01356264258
7.028 0.01360288918
7.03 0.01364360557
7.032 0.01368479832
7.034 0.01372647383
7.036 0.01376863837
7.038 0.01381129808
7.04 0.01385445905
7.042 0.01389812704
7.044 0.01394230782
7.046 0.01398700735
7.048 0.01403223151
7.05 0.01407798621
7.052 0.01412427606
7.054 0.0141711062
7.056 0.01421848327
7.058 0.01426641353
7.06 0.0143149032
7.062 0.0143639587
7.064 0.01441358657
7.066 0.01446379353
7.068 0.01451458665
7.07 0.01456597313
7.072 0.01461796018
7.074 0.01467055529
7.076 0.01472016658
7.078 0.01477041115
7.08 0.01482127606
7.082 0.01487277298
7.084 0.01492491159
7.086 0.01497770212
7.088 0.01503115508
7.09 0.01508528111
7.092 0.01514009091
7.094 0.01519559915
7.096 0.01525184132
7.098 0.01530882793
7.1 0.01536656926
7.102 0.0154250754
7.104 0.01548435596
7.106 0.01554442012
7.108 0.01560527682
7.11 0.01566693447
7.112 0.01572940095
7.114 0.01579268367
7.116 0.0158567885
7.118 0.01592172112
7.12 0.01598748787
7.122 0.0160540892
7.124 0.01612152748
7.126 0.01618980947
7.128 0.01625895186
7.13 0.01632894652
7.132 0.01639979739
7.134 0.01647150771
7.136 0.01654408116
7.138 0.01661752214
7.14 0.01669183341
7.142 0.01676701746
7.144 0.01684307661
7.146 0.01692001375
7.148 0.01699783153
7.15 0.01707653177
7.152 0.01715611659
7.154 0.01723658813
7.156 0.0173179487
7.158 0.01740020058
7.16 0.01748334496
7.162 0.01756738328
7.164 0.01765231799
7.166 0.01773815138
7.168 0.01782488587
7.17 0.0179125239
7.172 0.01800106783
7.174 0.01809051718
7.176 0.01818086731
7.178 0.01827204276
7.18 0.01836409536
7.182 0.01845701902
7.184 0.0185508074
7.186 0.01864545401
7.188 0.01874095221
7.19 0.0188367295
7.192 0.01893275021
7.194 0.01902899614
7.196 0.01912544944
7.198 0.01922209157
7.2 0.01931890386
7.202 0.01941586868
7.204 0.01951296838
7.206 0.01961018538
7.208 0.01971575302
7.21 0.01982203187
7.212 0.01992901594
7.214 0.02003669774
7.216 0.02014507169
7.218 0.02025413147
7.22 0.02036386986
7.222 0.02047427901
7.224 0.02058535033
7.226 0.02069707442
7.228 0.02080944119
7.23 0.02092243987
7.232 0.021036059
7.234 0.02115028666
7.236 0.02126499217
7.238 0.02137899726
7.24 0.02149227507
7.242 0.02160480969
7.244 0.02171661682
7.246 0.02182767834
7.248 0.02193853928
7.25 0.02205013347
7.252 0.02216245933
7.254 0.02227550756
7.256 0.0223892676
7.258 0.02250373301
7.26 0.02261889284
7.262 0.022734734
7.264 0.02285124222
7.266 0.02296840199
7.268 0.02308619814
7.27 0.02320461525
7.272 0.02332363571
7.274 0.02344324136
7.276 0.02356378717
7.278 0.02368452835
7.28 0.02380543786
7.282 0.02392649214
7.284 0.02404766755
7.286 0.02416894092
7.288 0.02429028891
7.29 0.02441168853
7.292 0.02453311698
7.294 0.02465455169
7.296 0.02477597041
7.298 0.02489735124
7.3 0.02501867259
7.302 0.02513991328
7.304 0.02526104777
7.306 0.02538723497
7.308 0.02551180817
7.31 0.02563459832
7.312 0.02575551521
7.314 0.02587448175
7.316 0.02599141978
7.318 0.0261062512
7.32 0.0262178544
7.322 0.02632712344
7.324 0.02643415577
7.326 0.02653871551
7.328 0.02664074832
7.33 0.02674019316
7.332 0.0268383468
7.334 0.02693514589
7.336 0.0270304881
7.338 0.02712427089
7.34 0.02721639085
7.342 0.02730674341
7.344 0.02739522342
7.346 0.02748172546
7.348 0.0275661441
7.35 0.02764837468
7.352 0.02772831374
7.354 0.02780585926
7.356 0.02788090341
7.358 0.02795324237
7.36 0.02802277417
7.362 0.02808940058
7.364 0.02818045125
7.366 0.02826772588
7.368 0.028349597
7.37 0.02842600462
7.372 0.02849667197
7.374 0.02856145291
7.376 0.02862022972
7.378 0.02867293567
7.38 0.0287194307
7.382 0.02875963445
7.384 0.0287936247
7.386 0.02882168456
7.388 0.02884385703
7.39 0.02886022394
7.392 0.02887088209
7.394 0.02887594037
7.396 0.02887551664
7.398 0.02886975757
7.4 0.02885882101
7.402 0.02884286252
7.404 0.02882205075
7.406 0.02879631828
7.408 0.0287658269
7.41 0.02873065911
7.412 0.02869099381
7.414 0.02864698841
7.416 0.02859880222
7.418 0.02854660243
7.42 0.02849056188
7.422 0.02843091564
7.424 0.02836788125
7.426 0.0283016196
7.428 0.02823231438
7.43 0.02816014898
7.432 0.02808530567
7.434 0.02800796143
7.436 0.02792829492
7.438 0.02784648816
7.44 0.02776310143
7.442 0.02767818872
7.444 0.02759330774
7.446 0.02750882893
7.448 0.02742489411
7.45 0.02734163427
7.452 0.02725916928
7.454 0.0271776057
7.456 0.02709703756
7.458 0.02701750812
7.46 0.02693884828
7.462 0.02685988883
7.464 0.02678036081
7.466 0.02670037281
7.468 0.0265033573
7.47 0.02630687703
7.472 0.0261102719
7.474 0.02591405358
7.476 0.025720598
7.478 0.0255288213
7.48 0.02534221599
7.482 0.02515716587
7.484 0.02497353469
7.486 0.0247917496
7.488 0.02461527574
7.49 0.02444491234
7.492 0.02427875147
7.494 0.02411704219
7.496 0.02380960516
7.498 0.02351148583
7.5 0.02322547295
7.502 0.02295335438
7.504 0.02269554594
7.506 0.02245328566
7.508 0.02223021296
7.51 0.02202618166
7.512 0.0218432479
7.514 0.02167061665
7.516 0.02151930463
7.518 0.02139015737
7.52 0.02128344122
7.522 0.0211995792
7.524 0.02113767917
7.526 0.02109776737
7.528 0.0210773554
7.53 0.02108038011
7.532 0.02110622862
7.534 0.02115407832
7.536 0.02122405319
7.538 0.0213142198
7.54 0.02142161822
7.542 0.02154363976
7.544 0.0216788138
7.546 0.02184348807
7.548 0.02201563744
7.55 0.02219399418
7.552 0.02237746473
7.554 0.02256496902
7.556 0.02275405235
7.558 0.02294374392
7.56 0.02313314572
7.562 0.02332145529
7.564 0.02350796832
7.566 0.02369205614
7.568 0.02387275332
7.57 0.02404930659
7.572 0.02422129311
7.574 0.02438841805
7.576 0.02455037659
7.578 0.02470043445
7.58 0.02484722722
7.582 0.02499069891
7.584 0.02512988551
7.586 0.0252657002
7.588 0.02539815515
7.59 0.02552724911
7.592 0.02562544128
7.594 0.02571485634
7.596 0.02579590803
7.598 0.02587126864
7.6 0.02593923874
7.602 0.02600040298
7.604 0.02605528784
7.606 0.02610438267
7.608 0.02614814257
7.61 0.02618698295
7.612 0.02622145772
7.614 0.02625422826
7.616 0.02628504014
7.618 0.02631281989
7.62 0.02633781944
7.622 0.0263602906
7.624 0.02638045625
7.626 0.02639851574
7.628 0.02641325804
7.63 0.02642528576
7.632 0.02643469612
7.634 0.02644247347
7.636 0.02644924941
7.638 0.0264547479
7.64 0.0264589904
7.642 0.02646198006
7.644 0.02646496658
7.646 0.02646661706
7.648 0.02646695453
7.65 0.02646593392
7.652 0.02646416254
7.654 0.02646197231
7.656 0.02645911226
7.658 0.02645553309
7.66 0.02645118604
7.662 0.02644602174
7.664 0.02643998857
7.666 0.02643308417
7.668 0.02642558252
7.67 0.02641743065
7.672 0.02640855768
7.674 0.02639927575
7.676 0.02638991082
7.678 0.02638043564
7.68 0.02637228138
7.682 0.02636369103
7.684 0.02635479234
7.686 0.0263455762
7.688 0.02633605311
7.69 0.02632509625
7.692 0.02631388663
7.694 0.02630246067
7.696 0.02629082731
7.698 0.02627900225
7.7 0.02626699805
7.702 0.02625482698
7.704 0.02624250041
7.706 0.02623002745
7.708 0.02621709424
7.71 0.02620351782
7.712 0.02618943712
7.714 0.02618289845
7.716 0.0261756846
7.718 0.02616782711
7.72 0.02615935705
7.722 0.02615030069
7.724 0.02614315319
7.726 0.02613475502
7.728 0.02612519957
7.73 0.02611452674
7.732 0.02610277461
7.734 0.02608997471
7.736 0.02607615323
7.738 0.02606133171
7.74 0.0260455274
7.742 0.02602875369
7.744 0.02601102063
7.746 0.02599233544
7.748 0.02597270387
7.75 0.02595212971
7.752 0.02593065038
7.754 0.02590828618
7.756 0.02588502993
7.758 0.02586086961
7.76 0.02583580071
7.762 0.02580981374
7.764 0.02578289926
7.766 0.02575504722
7.768 0.02572624379
7.77 0.02569647653
7.772 0.02566573662
7.774 0.02563998558
7.776 0.02561303771
7.778 0.02558529126
7.78 0.02555682282
7.782 0.0255277379
7.784 0.02549808473
7.786 0.02546792153
7.788 0.02543727656
7.79 0.02540614153
7.792 0.02537450435
7.794 0.02534235915
7.796 0.02530967484
7.798 0.02527641781
7.8 0.02524255206
7.802 0.02520803975
7.804 0.02517284136
7.806 0.02513691662
7.808 0.025100225
7.81 0.02506271344
7.812 0.02502433292
7.814 0.02498504686
7.816 0.02494481589
7.818 0.02490360272
7.82 0.02486137098
7.822 0.02481808539
7.824 0.02477371737
7.826 0.02472823675
7.828 0.02468160857
7.83 0.02463379771
7.832 0.02458477146
7.834 0.02453450101
7.836 0.02448298353
7.838 0.02443024
7.84 0.02437625408
7.842 0.02432100708
7.844 0.02426448154
7.846 0.0242066619
7.848 0.02414753312
7.85 0.02408708016
7.852 0.02402528911
7.854 0.02396214676
7.856 0.02389763962
7.858 0.02383175676
7.86 0.02376448835
7.862 0.02369552018
7.864 0.02362463063
7.866 0.02355179271
7.868 0.02347698666
7.87 0.02340019611
7.872 0.02332140412
7.874 0.02324056928
7.876 0.02315804857
7.878 0.02307505897
7.88 0.02299162963
7.882 0.02290555944
7.884 0.02281926061
7.886 0.02273275998
7.888 0.02264607058
7.89 0.02255900668
7.892 0.02247098357
7.894 0.02238088878
7.896 0.02229000166
7.898 0.0221983729
7.9 0.02210602705
7.902 0.02201300001
7.904 0.02191933268
7.906 0.02182821543
7.908 0.02167886046
7.91 0.02175085511
7.912 0.02161164897
7.914 0.02172398372
7.916 0.02159963864
7.918 0.02176016038
7.92 0.02165532351
7.922 0.0215569653
7.924 0.02179867473
7.926 0.02172634648
7.928 0.02166211076
7.93 0.02160519418
7.932 0.02155637519
7.934 0.0219604415
7.936 0.02201055398
7.938 0.02206181273
7.94 0.02211681313
7.942 0.02217590548
7.944 0.0222386722
7.946 0.02230483299
7.948 0.02237410495
7.95 0.0224461117
7.952 0.02252052904
7.954 0.02259718456
7.956 0.02267603562
7.958 0.02275702108
7.96 0.02284006411
7.962 0.02292506344
7.964 0.02301189539
7.966 0.02310058814
7.968 0.02320660615
7.97 0.02331691746
7.972 0.02343148808
7.974 0.02355117626
7.976 0.02367253098
7.978 0.0237951579
7.98 0.0239187061
7.982 0.02404279248
7.984 0.02416700957
7.986 0.02429093042
7.988 0.02441394132
7.99 0.02453547704
7.992 0.02465514955
7.994 0.02477250951
7.996 0.02488712049
7.998 0.02499856507
8 0.02510645208
8.002 0.02521041976
8.004 0.02531014448
8.006 0.02540529106
8.008 0.02549561122
8.01 0.02558096265
8.012 0.02566125009
8.014 0.02573643624
8.016 0.02580654246
8.018 0.02587164711
8.02 0.02593188301
8.022 0.02598743706
8.024 0.02603856685
8.026 0.02608557299
8.028 0.02612878255
8.03 0.02616856694
8.032 0.02620533048
8.034 0.02623950617
8.036 0.02627155119
8.038 0.02630194531
8.04 0.02633118663
8.042 0.02635978821
8.044 0.02638829607
8.046 0.0264172624
8.048 0.02644723499
8.05 0.0264787882
8.052 0.02651271139
8.054 0.02654937328
8.056 0.02658942
8.058 0.02663351937
8.06 0.02668238049
8.062 0.02673676509
8.064 0.02679746806
8.066 0.02686534356
8.068 0.02694131218
8.07 0.02702652833
8.072 0.02712217045
8.074 0.02722934089
8.076 0.02734933825
8.078 0.02748361852
8.08 0.02763382677
8.082 0.02780176653
8.084 0.02798922532
8.086 0.02819875719
8.088 0.02843321961
8.09 0.0286962112
8.092 0.02903765023
8.094 0.02942173028
8.096 0.02985410661
8.098 0.03034264183
8.1 0.03089744784
8.102 0.03153154686
8.104 0.0322621862
8.106 0.03314169988
8.108 0.03419163701
8.11 0.03542556403
8.112 0.03677081454
8.114 0.03847059949
8.116 0.04062127223
8.118 0.04413699402
8.12 0.04529402544
8.122 0.04716783802
8.124 0.04934273949
8.126 0.05084262623
8.128 0.052336213
8.13 0.05375721871
8.132 0.05485445906
8.134 0.05786695437
8.136 0.05970339905
8.138 0.0618870426
8.14 0.06403377758
8.142 0.06708803266
8.144 0.07229137098
8.146 0.07832145619
8.148 0.08345169034
8.15 0.08778135354
8.152 0.09145047354
8.154 0.09456843832
8.156 0.09722710125
8.158 0.09956132334
8.16 0.1016474673
8.162 0.1035420345
8.164 0.1052579733
8.166 0.1068680062
8.168 0.1084198171
8.17 0.1099468924
8.172 0.1114931338
8.174 0.1128392178
8.176 0.1141921644
8.178 0.1155582584
8.18 0.1169267348
8.182 0.1182982393
8.184 0.11967451
8.186 0.120936102
8.188 0.1221664817
8.19 0.1233550265
8.192 0.1247549002
8.194 0.1271450231
8.196 0.1296441249
8.198 0.1322108455
8.2 0.1347929942
8.202 0.1373816482
8.204 0.1399472846
8.206 0.1424679974
8.208 0.1450409693
8.21 0.1474478985
8.212 0.1497233726
8.214 0.1519480141
8.216 0.1542537366
8.218 0.1564147353
8.22 0.1585165171
8.222 0.1604409689
8.224 0.1621152889
8.226 0.1636037225
8.228 0.1647711019
8.23 0.1653521446
8.232 0.1650977524
8.234 0.1653248447
8.236 0.1640898567
8.238 0.1607392839
8.24 0.156913096
8.242 0.153239667
8.244 0.1467926184
8.246 0.1389229106
8.248 0.1277774509
8.25 0.153414496
8.252 0.1447106383
8.254 0.1313329261
8.256 0.1198042136
8.258 0.1153469911
8.26 0.1241862345
8.262 0.1304316413
8.264 0.1356971717
8.266 0.1431755697
8.268 0.1477617245
8.27 0.1556629148
8.272 0.1629434165
8.274 0.1708437027
8.276 0.1793964067
8.278 0.1824827893
8.28 0.1897957654
8.282 0.1927372738
8.284 0.1968654131
