0.002 1.922218177e-06
0.004 3.604531168e-06
0.006 5.362972417e-06
0.008 7.107678723e-06
0.01 8.867272202e-06
0.012 1.06203013e-05
0.014 1.236306828e-05
0.016 1.408474259e-05
0.018 1.577888536e-05
0.02 1.743875114e-05
0.022 1.905926812e-05
0.024 2.063602613e-05
0.026 2.216557645e-05
0.028 2.364515837e-05
0.03 2.507270314e-05
0.032 2.644672637e-05
0.034 2.776628467e-05
0.036 2.903091306e-05
0.038 3.02405786e-05
0.04 3.139563358e-05
0.042 3.249677213e-05
0.044 3.354499183e-05
0.046 3.454155574e-05
0.048 3.548795687e-05
0.05 3.666511918e-05
0.052 3.781433021e-05
0.054 3.893203757e-05
0.056 4.001762137e-05
0.058 4.10705009e-05
0.06 4.209013818e-05
0.062 4.341558381e-05
0.064 4.564166121e-05
0.066 4.791979336e-05
0.068 5.024929446e-05
0.07 5.2629478e-05
0.072 5.505966247e-05
0.074 5.753917635e-05
0.076 6.006736217e-05
0.078 6.264357946e-05
0.08 6.52672091e-05
0.082 6.793765409e-05
0.084 7.065434087e-05
0.086 7.341672155e-05
0.088 7.622427234e-05
0.09 7.907649409e-05
0.092 8.197291218e-05
0.094 8.491307447e-05
0.096 8.789654768e-05
0.098 9.09229231e-05
0.1 9.399180883e-05
0.102 9.710283032e-05
0.104 0.0001002556263
0.106 0.0001034498477
0.108 0.0001066851528
0.11 0.0001099612091
0.112 0.0001132776865
0.114 0.0001166342568
0.116 0.0001200305912
0.118 0.0001234663575
0.12 0.0001269412182
0.122 0.0001304548283
0.124 0.0001340068332
0.126 0.0001375968678
0.128 0.0001412245538
0.13 0.0001448894989
0.132 0.0001485912949
0.134 0.0001523295172
0.136 0.0001561037246
0.138 0.0001599134572
0.14 0.0001637582379
0.142 0.0001676375671
0.144 0.0001715509311
0.146 0.0001754977942
0.148 0.0001794776037
0.15 0.0001834897877
0.152 0.0001875337572
0.154 0.0001916089045
0.156 0.0001957146103
0.158 0.0001998502341
0.16 0.0002040151209
0.162 0.0002082086007
0.164 0.000212429992
0.166 0.0002166786013
0.168 0.0002209537202
0.17 0.0002252546324
0.172 0.0002295806057
0.174 0.0002339309043
0.176 0.0002383047864
0.178 0.0002427015024
0.18 0.000247120298
0.182 0.0002515604114
0.184 0.0002560210778
0.186 0.0002605015287
0.188 0.0002650009925
0.19 0.000269518695
0.192 0.0002740538599
0.194 0.0002786057097
0.196 0.0002831734694
0.198 0.0002877563538
0.2 0.0002923535829
0.202 0.0002969643752
0.204 0.0003015879488
0.206 0.0003062235214
0.208 0.0003108703072
0.21 0.0003155275268
0.212 0.0003201943961
0.214 0.0003248701296
0.216 0.0003295539411
0.218 0.0003342450432
0.22 0.0003389426463
0.222 0.0003436459588
0.224 0.000348354187
0.226 0.0003530665343
0.228 0.0003577822014
0.23 0.0003625003854
0.232 0.0003672202794
0.234 0.0003719410726
0.236 0.0003766619602
0.238 0.0003813821114
0.24 0.0003861006973
0.242 0.0003908168914
0.244 0.0003955298581
0.246 0.0004002387558
0.248 0.0004049427366
0.25 0.0004096409518
0.252 0.0004143325337
0.254 0.0004190166179
0.256 0.0004236923311
0.258 0.0004283587938
0.26 0.0004330151205
0.262 0.0004376604204
0.264 0.0004422937953
0.266 0.0004469143385
0.268 0.0004515211381
0.27 0.0004561132636
0.272 0.0004606898131
0.274 0.000465249843
0.276 0.0004697924342
0.278 0.000474316647
0.28 0.0004788215405
0.282 0.0004833061694
0.284 0.0004877695861
0.286 0.0004922108296
0.288 0.0004966288773
0.29 0.0005010228791
0.292 0.0005053918505
0.294 0.0005097348335
0.296 0.0005140508712
0.298 0.0005183390043
0.3 0.0005225982848
0.302 0.0005268277423
0.304 0.0005310264332
0.306 0.0005351934044
0.308 0.0005393277087
0.31 0.0005434284001
0.312 0.0005474945384
0.314 0.0005515251885
0.316 0.0005555194202
0.318 0.0005594763148
0.32 0.000563394943
0.322 0.0005672743951
0.324 0.0005711137655
0.326 0.000574912156
0.328 0.0005786686765
0.33 0.0005825287794
0.332 0.0005862052089
0.334 0.0005898361904
0.336 0.0005934220788
0.338 0.0005969617942
0.34 0.0006004545905
0.342 0.0006038996472
0.344 0.0006072961625
0.346 0.0006106433389
0.348 0.0006139403769
0.35 0.0006171865009
0.352 0.0006203809421
0.354 0.0006235229428
0.356 0.0006266117559
0.358 0.0006296466506
0.36 0.0006326269179
0.362 0.0006355518723
0.364 0.000638420776
0.366 0.0006412329423
0.368 0.0006439877095
0.37 0.0006466844198
0.372 0.0006493224074
0.374 0.0006519010765
0.376 0.0006544198152
0.378 0.0006568780184
0.38 0.0006592751011
0.382 0.000661610497
0.384 0.0006638836495
0.386 0.0006660940079
0.388 0.0006682410449
0.39 0.0006703242551
0.392 0.0006723431477
0.394 0.0006742972059
0.396 0.0006761859742
0.398 0.0006780089773
0.4 0.0006797657447
0.402 0.0006814558701
0.404 0.0006830789887
0.406 0.000684634673
0.408 0.0006861225277
0.41 0.0006875420859
0.412 0.0006888930911
0.414 0.000690175187
0.416 0.0006913880692
0.418 0.0006925314285
0.42 0.0006936049842
0.422 0.0006946084333
0.424 0.0006955415268
0.426 0.0006964040158
0.428 0.0006971956755
0.43 0.0006979162966
0.432 0.0006985656892
0.434 0.0006991436698
0.436 0.0006996502088
0.438 0.0007000850386
0.44 0.0007004480941
0.442 0.0007007391421
0.444 0.0007009581657
0.446 0.0007011052533
0.448 0.0007011803015
0.45 0.000701183286
0.452 0.0007011142012
0.454 0.0007009730798
0.456 0.0007007594066
0.458 0.0007004700998
0.46 0.0007001089422
0.462 0.0006996760403
0.464 0.0006991715174
0.466 0.0006985955331
0.468 0.0006979482706
0.47 0.0006972299113
0.472 0.0006964406775
0.474 0.0006955808105
0.476 0.0006946505688
0.478 0.0006936502397
0.48 0.0006925801325
0.482 0.0006914405854
0.484 0.0006902319421
0.486 0.0006889545816
0.488 0.0006876089031
0.49 0.0006861953282
0.492 0.0006847142996
0.494 0.000683166284
0.496 0.0006815517708
0.498 0.0006798712723
0.5 0.0006781253183
0.502 0.000676314453
0.504 0.0006744392577
0.506 0.0006725003284
0.508 0.0006704982839
0.51 0.000668433765
0.512 0.000666307425
0.514 0.0006641199308
0.516 0.0006618720009
0.518 0.0006595643697
0.52 0.0006571977578
0.522 0.0006547729302
0.524 0.0006522906664
0.526 0.0006497517649
0.528 0.0006471565079
0.53 0.0006445064581
0.532 0.0006418023199
0.534 0.0006390449504
0.536 0.0006362352387
0.538 0.0006333740785
0.54 0.0006304623849
0.542 0.0006275010826
0.544 0.0006244911313
0.546 0.0006214334929
0.548 0.0006183291521
0.55 0.0006151791074
0.552 0.0006119843629
0.554 0.000608745962
0.556 0.0006054649467
0.558 0.0006021423714
0.56 0.0005987793087
0.562 0.0005953768427
0.564 0.0005919360583
0.566 0.0005884580702
0.568 0.0005849440088
0.57 0.0005813950052
0.572 0.0005778122049
0.574 0.000574196765
0.576 0.0005705498508
0.578 0.0005668725956
0.58 0.0005631662554
0.582 0.0005594320141
0.584 0.0005556713162
0.586 0.0005518850572
0.588 0.0005480745415
0.59 0.0005442409831
0.592 0.0005403856176
0.594 0.0005365096976
0.596 0.000532614483
0.598 0.000528701237
0.6 0.0005247712333
0.602 0.0005208257444
0.604 0.0005168657454
0.606 0.000512892958
0.608 0.0005089084931
0.61 0.0005049137471
0.612 0.0005009099946
0.614 0.0004968985388
0.616 0.0004928806865
0.618 0.0004888577466
0.62 0.0004848310304
0.622 0.0004808018451
0.624 0.000476771512
0.626 0.0004727413442
0.628 0.0004687126564
0.63 0.000464689617
0.632 0.0004606697917
0.634 0.0004566554381
0.636 0.0004526478609
0.638 0.0004486483638
0.64 0.000444658264
0.642 0.0004406788553
0.644 0.0004367114326
0.646 0.000432757288
0.648 0.0004288177036
0.65 0.0004248939652
0.652 0.0004209873486
0.654 0.0004170991112
0.656 0.0004132305074
0.658 0.0004093827896
0.66 0.0004055571975
0.662 0.0004017549661
0.664 0.0003979773286
0.666 0.0003942254706
0.668 0.000390504326
0.67 0.0003868101496
0.672 0.0003831453802
0.674 0.0003795111843
0.676 0.000375908726
0.678 0.0003723391443
0.68 0.0003688035632
0.682 0.0003653030557
0.684 0.0003618387769
0.686 0.0003584117966
0.688 0.0003550231818
0.69 0.0003516737362
0.692 0.00034836482
0.694 0.0003450973744
0.696 0.0003418723967
0.698 0.0003386909152
0.7 0.0003355538464
0.702 0.0003324621279
0.704 0.0003294166893
0.706 0.0003264184338
0.708 0.0003234682466
0.71 0.0003205669562
0.712 0.0003177154531
0.714 0.0003149145472
0.716 0.0003121650384
0.718 0.0003094676762
0.72 0.0003068232734
0.722 0.0003042325455
0.724 0.0003016962013
0.726 0.0002992149262
0.728 0.0002967893816
0.73 0.0002944202045
0.732 0.0002921080061
0.734 0.0002898533639
0.736 0.0002876568547
0.738 0.000285518998
0.74 0.0002834403106
0.742 0.0002814212794
0.744 0.0002794623629
0.746 0.0002775639947
0.748 0.0002757265816
0.75 0.0002739505021
0.752 0.0002722361076
0.754 0.0002705837228
0.756 0.0002689936442
0.758 0.0002674657922
0.76 0.0002660009002
0.762 0.0002645990538
0.764 0.0002632604357
0.766 0.0002619851999
0.768 0.0002607735851
0.77 0.0001660544136
0.772 0.0001646955854
0.774 0.0001633947022
0.776 0.0001621210109
0.778 0.0001608940208
0.78 0.0001597118227
0.782 0.0001585785951
0.784 0.0001574977664
0.786 0.0001564733803
0.788 0.0001555095037
0.79 0.0001546102038
0.792 0.0001537794849
0.794 0.0001530209611
0.796 0.000152338081
0.798 0.0001517339457
0.8 0.0001512112853
0.802 0.000150772437
0.804 0.0001504193293
0.806 0.0001501562842
0.808 0.0001499805389
0.81 0.000149893755
0.812 0.0001498962206
0.814 0.0001499878394
0.816 0.0001501681494
0.818 0.0001504363451
0.82 0.0001507913016
0.822 0.0001512315938
0.824 0.000151755546
0.826 0.0001523612328
0.828 0.0001530465217
0.83 0.0001538090991
0.832 0.0001546464984
0.834 0.0001555561273
0.836 0.0001565352943
0.838 0.0001575812348
0.84 0.0001586911347
0.842 0.0001598621533
0.844 0.0001610914636
0.846 0.0001623762191
0.848 0.0001637136208
0.85 0.0001651009179
0.852 0.0001665354222
0.854 0.0001680145203
0.856 0.0001695356838
0.858 0.0001710964815
0.86 0.0001726945823
0.862 0.0001743248752
0.864 0.000175989209
0.866 0.0001776845829
0.868 0.000179409201
0.87 0.0001811611632
0.872 0.0001829388066
0.874 0.0001847406108
0.876 0.0001865651422
0.878 0.000188411052
0.88 0.0001902771043
0.882 0.0001921621142
0.884 0.0001941033575
0.886 0.0001960893679
0.888 0.000198089953
0.89 0.0002001042511
0.892 0.000202131453
0.894 0.0002041707924
0.896 0.0002062215375
0.898 0.0002082829831
0.9 0.0002103544418
0.902 0.0002124352369
0.904 0.0002145247164
0.906 0.0002166221697
0.908 0.0002187269153
0.91 0.0002208382464
0.912 0.0002229554359
0.914 0.0002250777305
0.916 0.0002272043408
0.918 0.0002293344543
0.92 0.0002314672146
0.922 0.0002336017273
0.924 0.0002357370605
0.926 0.0002378722379
0.928 0.000240006564
0.93 0.0002421385537
0.932 0.0002442672205
0.934 0.0002463914339
0.936 0.0002485100222
0.938 0.0002506217866
0.94 0.000252725489
0.942 0.0002548198653
0.944 0.0002569036253
0.946 0.0002589754564
0.948 0.0002610340254
0.95 0.000263077975
0.952 0.0002651059484
0.954 0.0002671165777
0.956 0.0002691084897
0.958 0.0002710803103
0.96 0.0002730305651
0.962 0.0002749580279
0.964 0.0002768613064
0.966 0.0002787390529
0.968 0.0002805899363
0.97 0.0002824126432
0.972 0.0002842058802
0.974 0.0002859683847
0.976 0.0002876989013
0.978 0.0002893962108
0.98 0.0002910591205
0.982 0.0002926864675
0.984 0.0002942771194
0.986 0.0002958299754
0.988 0.000297343967
0.99 0.0002988180586
0.992 0.0003002512478
0.994 0.0003016425643
0.996 0.0003029910741
0.998 0.0003042958756
1 0.0003055561008
1.002 0.0003067709145
1.004 0.0003079395145
1.006 0.0003090611314
1.008 0.0003101350265
1.01 0.0003111604837
1.012 0.0003121368368
1.014 0.0003130634384
1.016 0.000313939672
1.018 0.0003147649493
1.02 0.0003155387083
1.022 0.000316260424
1.024 0.0003169295826
1.026 0.0003175457349
1.028 0.0003181083678
1.03 0.000318617083
1.032 0.0003190714763
1.034 0.0003194711683
1.036 0.0003198158032
1.038 0.0003201050442
1.04 0.0003203385922
1.042 0.0003205161565
1.044 0.0003206374744
1.046 0.0003207023058
1.048 0.000320710429
1.05 0.0003206616511
1.052 0.0003205558002
1.054 0.0003203927286
1.056 0.0003201723058
1.058 0.0003198944262
1.06 0.0003195590069
1.062 0.0003191659877
1.064 0.0003187153298
1.066 0.0003182070175
1.068 0.0003176410573
1.07 0.0003170174787
1.072 0.0003163363344
1.074 0.0003155976977
1.076 0.0003148016665
1.078 0.00031394836
1.08 0.0003130379193
1.082 0.0003120705101
1.084 0.0003110463201
1.086 0.0003099655596
1.088 0.0003088284663
1.09 0.000307635285
1.092 0.0003063862986
1.094 0.0003050818069
1.096 0.0003037221317
1.098 0.0003023076167
1.1 0.0003008386278
1.102 0.000299315552
1.104 0.0002977387981
1.106 0.0002961087962
1.108 0.0002944259976
1.11 0.0002926908747
1.112 0.0002909039205
1.114 0.0002890656483
1.116 0.0002871765923
1.118 0.000285237306
1.12 0.0002832483633
1.122 0.0002812099092
1.124 0.0002791231165
1.126 0.0002769885563
1.128 0.000274806853
1.13 0.0002725786754
1.132 0.0002703047111
1.134 0.0002679856674
1.136 0.0002656222664
1.138 0.0002632152492
1.14 0.0002607653748
1.142 0.0002582734195
1.144 0.0002557401744
1.146 0.0002531664474
1.148 0.0002505530681
1.15 0.0002479008772
1.152 0.0002452107219
1.154 0.0002424872247
1.156 0.0002397261619
1.158 0.0002369296977
1.16 0.0002340987682
1.162 0.000231234301
1.164 0.0002283372445
1.166 0.0002254085611
1.168 0.0002224492268
1.17 0.0002194602308
1.172 0.0002164425092
1.174 0.0002133971693
1.176 0.0002103252148
1.178 0.0002072276862
1.18 0.0002041056347
1.182 0.0002009601234
1.184 0.000197792227
1.186 0.0001946030308
1.188 0.0001913936312
1.19 0.0001881651369
1.192 0.0001849186662
1.194 0.0001816553471
1.196 0.0001783763187
1.198 0.0001750827496
1.2 0.0001717759366
1.202 0.0001684568853
1.204 0.000165126792
1.206 0.00016178687
1.208 0.0001584383378
1.21 0.0001550824262
1.212 0.0001517203938
1.214 0.0001483534993
1.216 0.0001449888139
1.218 0.000141652632
1.22 0.0001383152189
1.222 0.0001349779133
1.224 0.0001316420842
1.226 0.0001283091342
1.228 0.0001249805042
1.23 0.0001216576792
1.232 0.0001183421941
1.234 0.0001150356389
1.236 0.0001117396092
1.238 0.0001084559524
1.24 0.0001051864207
1.242 0.0001019329239
1.244 9.869748348e-05
1.246 9.548225013e-05
1.248 9.22895242e-05
1.25 8.912175081e-05
1.252 8.598165548e-05
1.254 8.287208523e-05
1.256 7.979627535e-05
1.258 7.675765702e-05
1.26 7.376017471e-05
1.262 7.080801487e-05
1.264 6.790600376e-05
1.266 6.505952494e-05
1.268 6.227398272e-05
1.27 5.95570066e-05
1.272 5.691612043e-05
1.274 5.436004182e-05
1.276 5.624268206e-05
1.278 4.954316828e-05
1.28 4.730602662e-05
1.282 4.520124112e-05
1.284 4.324415161e-05
1.286 4.145134114e-05
1.288 3.984028377e-05
1.29 3.842878325e-05
1.292 3.723409625e-05
1.294 3.627190249e-05
1.296 3.555503244e-05
1.298 3.509223789e-05
1.3 3.488708326e-05
1.302 3.500140141e-05
1.304 3.541105876e-05
1.306 3.605361773e-05
1.308 3.691004441e-05
1.31 3.795909722e-05
1.312 3.917860047e-05
1.314 4.054664343e-05
1.316 4.204234522e-05
1.318 4.364636898e-05
1.32 4.534118119e-05
1.322 4.711112536e-05
1.324 4.894237187e-05
1.326 5.082279451e-05
1.328 5.274180994e-05
1.33 5.469020374e-05
1.332 5.665996144e-05
1.334 5.864411038e-05
1.336 6.063657476e-05
1.338 6.263205231e-05
1.34 6.462590405e-05
1.342 6.661406096e-05
1.344 6.859293842e-05
1.346 7.055937367e-05
1.348 7.251062805e-05
1.35 7.444414426e-05
1.352 7.635771452e-05
1.354 7.824935842e-05
1.356 8.011730043e-05
1.358 8.195994239e-05
1.36 8.377620236e-05
1.362 8.556432818e-05
1.364 8.732326601e-05
1.366 8.9051971e-05
1.368 9.074941708e-05
1.37 9.241475897e-05
1.372 9.40474329e-05
1.374 9.56463551e-05
1.376 9.721095827e-05
1.378 9.874063041e-05
1.38 0.0001002348283
1.382 0.000101693052
1.384 0.0001031148488
1.386 0.0001044998023
1.388 0.0001058475399
1.39 0.0001071577232
1.392 0.000108430049
1.394 0.000109664246
1.396 0.000110860072
1.398 0.0001120173134
1.4 0.0001131357826
1.402 0.0001142153174
1.404 0.0001152557794
1.406 0.0001162570544
1.408 0.0001172190432
1.41 0.0001181416786
1.412 0.0001190249051
1.414 0.0001198686886
1.416 0.0001206730134
1.418 0.0001214378812
1.42 0.000122163312
1.422 0.0001228493422
1.424 0.0001234960245
1.426 0.0001241034681
1.428 0.0001246717022
1.43 0.0001252008391
1.432 0.0001256909935
1.434 0.0001261422938
1.436 0.0001265548831
1.438 0.0001269288829
1.44 0.000127264532
1.442 0.0001275619492
1.444 0.0001278214002
1.446 0.0001280430318
1.448 0.0001282271344
1.45 0.0001283738823
1.452 0.0001284835924
1.454 0.0001285564659
1.456 0.0001285928112
1.458 0.0001285929545
1.46 0.0001285571372
1.462 0.000128485707
1.464 0.0001283789959
1.466 0.0001282373481
1.468 0.0001280611215
1.47 0.000127850687
1.472 0.0001276061302
1.474 0.0001273282819
1.476 0.00012701744
1.478 0.0001266740269
1.48 0.0001262984797
1.482 0.0001258912488
1.484 0.0001254527983
1.486 0.0001249836061
1.488 0.0001244841642
1.49 0.0001239549799
1.492 0.0001233965722
1.494 0.0001228094755
1.496 0.0001221942363
1.498 0.0001215514201
1.5 0.0001208816039
1.502 0.0001201853813
1.504 0.000119463362
1.506 0.0001187161676
1.508 0.0001179444363
1.51 0.0001171488219
1.512 0.000116329996
1.514 0.0001154886422
1.516 0.0001146254616
1.518 0.0001137411711
1.52 0.0001128365028
1.522 0.0001119122102
1.524 0.0001109690603
1.526 0.0001100078388
1.528 0.0001090293466
1.53 0.0001080344047
1.532 0.0001070238492
1.534 0.0001059985371
1.536 0.0001049594484
1.538 0.0001039073353
1.54 0.0001028431409
1.542 0.000101767794
1.544 0.000100682241
1.546 9.95874531e-05
1.548 9.848442046e-05
1.55 9.737415404e-05
1.552 9.625768645e-05
1.554 9.513607495e-05
1.556 9.401039177e-05
1.558 9.288173107e-05
1.56 9.175120714e-05
1.562 9.061995988e-05
1.564 8.948909591e-05
1.566 8.835991004e-05
1.568 8.723353596e-05
1.57 8.611119845e-05
1.572 8.499413931e-05
1.574 8.388362057e-05
1.576 8.278092292e-05
1.578 8.168734502e-05
1.58 8.060420193e-05
1.582 7.953282396e-05
1.584 7.847455492e-05
1.586 7.743074989e-05
1.588 7.640277265e-05
1.59 7.539199316e-05
1.592 7.439978426e-05
1.594 7.342751786e-05
1.596 7.247656143e-05
1.598 7.15482728e-05
1.6 7.064399523e-05
1.602 6.976505167e-05
1.604 6.891273965e-05
1.606 6.808832396e-05
1.608 6.72930299e-05
1.61 6.652803613e-05
1.612 6.579459103e-05
1.614 6.509358213e-05
1.616 6.442602057e-05
1.618 6.379283138e-05
1.62 6.319484228e-05
1.622 6.263278694e-05
1.624 6.210729713e-05
1.626 6.161889572e-05
1.628 6.116799011e-05
1.63 6.075486687e-05
1.632 6.037968717e-05
1.634 6.004248303e-05
1.636 5.97431556e-05
1.638 5.948147332e-05
1.64 5.925707292e-05
1.642 5.906946062e-05
1.644 5.891801529e-05
1.646 5.880199282e-05
1.648 5.872053119e-05
1.65 5.867265791e-05
1.652 5.86572967e-05
1.654 5.867327587e-05
1.656 5.871933782e-05
1.658 5.88439904e-05
1.66 5.900000535e-05
1.662 5.918106076e-05
1.664 5.938555235e-05
1.666 5.961184847e-05
1.668 5.985830055e-05
1.67 6.012325044e-05
1.672 6.040504007e-05
1.674 6.070201935e-05
1.676 6.101255311e-05
1.678 6.133502739e-05
1.68 6.166785591e-05
1.682 6.200948394e-05
1.684 6.235839647e-05
1.686 6.271311821e-05
1.688 6.307221843e-05
1.69 6.34343139e-05
1.692 6.379807087e-05
1.694 6.416220753e-05
1.696 6.452549458e-05
1.698 6.488675727e-05
1.7 6.524487579e-05
1.702 6.559878588e-05
1.704 6.594747935e-05
1.706 6.629000068e-05
1.708 6.662545516e-05
1.71 6.695300419e-05
1.712 6.727186369e-05
1.714 6.758130566e-05
1.716 6.788064528e-05
1.718 6.816926612e-05
1.72 6.844660646e-05
1.722 6.871215744e-05
1.724 6.896546438e-05
1.726 6.920612535e-05
1.728 6.94337881e-05
1.73 6.964816289e-05
1.732 6.984900465e-05
1.734 7.003612347e-05
1.736 7.020938057e-05
1.738 7.036868836e-05
1.74 7.051401122e-05
1.742 7.064536528e-05
1.744 7.076281784e-05
1.746 7.086652549e-05
1.748 7.095661505e-05
1.75 7.10333574e-05
1.752 7.109696466e-05
1.754 7.114798132e-05
1.756 7.118635655e-05
1.758 7.121275268e-05
1.76 7.122764736e-05
1.762 7.123157656e-05
1.764 7.122512698e-05
1.766 7.120893836e-05
1.768 7.118370296e-05
1.77 7.115016548e-05
1.772 7.110912337e-05
1.774 7.10614259e-05
1.776 7.100797445e-05
1.778 7.094972168e-05
1.78 7.0887671e-05
1.782 7.082287586e-05
1.784 7.075643855e-05
1.786 7.068950963e-05
1.788 7.062328557e-05
1.79 7.055900744e-05
1.792 7.049795814e-05
1.794 7.044146056e-05
1.796 7.039066905e-05
1.798 7.034742093e-05
1.8 7.031289588e-05
1.802 7.028855022e-05
1.804 7.027585902e-05
1.806 7.027631582e-05
1.808 7.029142582e-05
1.81 7.032270113e-05
1.812 7.037165461e-05
1.814 7.043979373e-05
1.816 7.052861388e-05
1.818 7.063914744e-05
1.82 7.077344183e-05
1.822 7.093274993e-05
1.824 7.11184523e-05
1.826 7.133187673e-05
1.828 0.0001075732887
1.83 7.192991944e-05
1.832 7.228361095e-05
1.834 0.0001023584392
1.836 7.308930678e-05
1.838 9.762676907e-05
1.84 7.403147089e-05
1.842 9.280816108e-05
1.844 7.511572892e-05
1.846 8.812493377e-05
1.848 8.169956886e-05
1.85 7.701617517e-05
1.852 7.917052101e-05
1.854 7.846845084e-05
1.856 7.925030599e-05
1.858 8.206546326e-05
1.86 8.092463179e-05
1.862 8.18165574e-05
1.864 8.274448234e-05
1.866 8.370791286e-05
1.868 8.470629632e-05
1.87 8.573900968e-05
1.872 8.680536679e-05
1.874 8.790462307e-05
1.876 8.902291847e-05
1.878 9.017675084e-05
1.88 9.136085687e-05
1.882 9.257433989e-05
1.884 9.38162582e-05
1.886 9.508563894e-05
1.888 9.638148114e-05
1.89 9.770275909e-05
1.892 9.904842613e-05
1.894 0.0001004171548
1.896 0.0001018082376
1.898 0.0001032204906
1.9 0.0001046528146
1.902 0.0001061041036
1.904 0.0001075732497
1.906 0.000109059142
1.908 0.0001105606699
1.91 0.0001120767238
1.912 0.0001136061967
1.914 0.000115147986
1.916 0.0001167009959
1.918 0.0001182641367
1.92 0.0001198363294
1.922 0.0001214164995
1.924 0.0001230059564
1.926 0.0001246005458
1.928 0.0001261999206
1.93 0.0001278030535
1.932 0.0001294088913
1.934 0.0001310164456
1.936 0.0001326247062
1.938 0.0001342326852
1.94 0.0001358394075
1.942 0.0001374439127
1.944 0.000139045255
1.946 0.0001406424985
1.948 0.0001422347236
1.95 0.0001438210224
1.952 0.0001454004955
1.954 0.0001469722652
1.956 0.0001485354749
1.958 0.00015008926
1.96 0.0001516327857
1.962 0.0001531652252
1.964 0.0001546857656
1.966 0.0001561936084
1.968 0.0001576879696
1.97 0.0001591680759
1.972 0.000160633168
1.974 0.0001620825018
1.976 0.0001635154315
1.978 0.0001649311217
1.98 0.0001663289013
1.982 0.0001677080808
1.984 0.0001690679854
1.986 0.0001704079541
1.988 0.0001717273397
1.99 0.0001730255095
1.992 0.000174301849
1.994 0.000175555747
1.996 0.000176786615
1.998 0.000177993877
2 0.0001791769713
2.002 0.000180335351
2.004 0.0001814684834
2.006 0.0001825758085
2.008 0.0001836568652
2.01 0.0001847111588
2.012 0.0001857382167
2.014 0.0001867376065
2.016 0.000187708849
2.018 0.0001886515252
2.02 0.0001895652273
2.022 0.0001904498262
2.024 0.0001913050126
2.026 0.0001921299244
2.028 0.0001929243506
2.03 0.0001936879461
2.032 0.0001944204045
2.034 0.0001951214226
2.036 0.000195790712
2.038 0.0001964280039
2.04 0.0001970330447
2.042 0.0001976055977
2.044 0.0001981454425
2.046 0.0001986523754
2.048 0.0001991262095
2.05 0.0001995667719
2.052 0.0001999739134
2.054 0.000200347496
2.056 0.0002006874006
2.058 0.0002009935239
2.06 0.0002012657802
2.062 0.0002015041003
2.064 0.0002017084336
2.066 0.0002018791017
2.068 0.0002020155788
2.07 0.0002021180065
2.072 0.0002021864007
2.074 0.000202220799
2.076 0.0002022212552
2.078 0.00020218784
2.08 0.0002021206417
2.082 0.0002020197713
2.084 0.0002018853431
2.086 0.000201717655
2.088 0.0002015167258
2.09 0.0002012826538
2.092 0.0002010156764
2.094 0.0002007160131
2.096 0.0002003838967
2.098 0.0002000195948
2.1 0.0001996233769
2.102 0.0001991955275
2.104 0.0001987363846
2.106 0.0001982462228
2.108 0.000197725393
2.11 0.0001971742526
2.112 0.0001965931763
2.114 0.0001959824947
2.116 0.0001953427297
2.118 0.0001946742642
2.12 0.0001939774481
2.122 0.0001932528936
2.124 0.0001925010306
2.126 0.0001917222932
2.128 0.0001909173115
2.13 0.0001900865172
2.132 0.0001892302784
2.134 0.0001883494795
2.136 0.0001874446934
2.138 0.000186516432
2.14 0.0001855652477
2.142 0.0001845919977
2.144 0.0001835971991
2.146 0.0001825815779
2.148 0.0001815458364
2.15 0.0001804907448
2.152 0.000179416937
2.154 0.0001783252113
2.156 0.0001772163433
2.158 0.0001760911218
2.16 0.0001735825234
2.162 0.0001724475114
2.164 0.0001712872652
2.166 0.0001701158037
2.168 0.0001689308959
2.17 0.0001677345057
2.172 0.000166527741
2.174 0.0001653115399
2.176 0.0001640870611
2.178 0.0001628554451
2.18 0.0001616177832
2.182 0.0001603752105
2.184 0.0001591288361
2.186 0.0001578797795
2.188 0.0001566291626
2.19 0.0001553781413
2.192 0.0001541278476
2.194 0.0001528794253
2.196 0.000151633937
2.198 0.0001503925903
2.2 0.0001491566512
2.202 0.0001479272107
2.204 0.0001467054401
2.206 0.0001454925018
2.208 0.0001442895622
2.21 0.0001430977901
2.212 0.000141918354
2.214 0.0001407524244
2.216 0.0001396011697
2.218 0.0001384657561
2.22 0.0001373473446
2.222 0.000136247092
2.224 0.0001351661485
2.226 0.000134105655
2.228 0.0001330667412
2.23 0.0001320505232
2.232 0.0001310581012
2.234 0.0001300905565
2.236 0.0001291489951
2.238 0.000128234391
2.24 0.0001273476718
2.242 0.0001264899569
2.244 0.0001256621454
2.246 0.0001248651413
2.248 0.000124099805
2.25 0.0001233669514
2.252 0.0001226673474
2.254 0.0001220017074
2.256 0.0001213706894
2.258 0.0001207749476
2.26 0.0001202149369
2.262 0.0001196911558
2.264 0.0001192040089
2.266 0.0001187538322
2.268 0.0001183408854
2.27 0.0001179653517
2.272 0.0001176273418
2.274 0.0001173268921
2.276 0.0001170639622
2.278 0.0001168384368
2.28 0.0001166501175
2.282 0.0001164987317
2.284 0.0001163839316
2.286 0.0001163052943
2.288 0.0001162623287
2.29 0.0001162544742
2.292 0.0001162854365
2.294 0.0001163493358
2.296 0.000116446407
2.298 0.0001165809287
2.3 0.0001167770929
2.302 0.0001170036593
2.304 0.0001172593057
2.306 0.0001175427564
2.308 0.0001178533325
2.31 0.000118189887
2.312 0.0001185513521
2.314 0.0001189366081
2.316 0.0001193445199
2.318 0.0001197739384
2.32 0.0001202237036
2.322 0.0001206926425
2.324 0.0001211795804
2.326 0.0001216833537
2.328 0.0001222027852
2.33 0.0001227355552
2.332 0.0001232820507
2.334 0.0001238407793
2.336 0.0001244106024
2.338 0.0001249904172
2.34 0.0001255791333
2.342 0.000126175779
2.344 0.0001267791566
2.346 0.0001273882847
2.348 0.0001280021607
2.35 0.0001286198095
2.352 0.0001292395583
2.354 0.0001298615451
2.356 0.0001304845634
2.358 0.0001311077496
2.36 0.0001317302553
2.362 0.0001323512653
2.364 0.0001329699932
2.366 0.0001335856828
2.368 0.0001341976069
2.37 0.0001348050672
2.372 0.000135407397
2.374 0.0001360039566
2.376 0.0001364260112
2.378 0.0001370095701
2.38 0.0001375984956
2.382 0.0001381721859
2.384 0.0001387410761
2.386 0.0001393003627
2.388 0.0001398511778
2.39 0.0001403927305
2.392 0.0001409248869
2.394 0.0001414473236
2.396 0.0001419597767
2.398 0.0001424619613
2.4 0.0001429535945
2.402 0.0001434339781
2.404 0.0001439034242
2.406 0.000144361493
2.408 0.0001448079094
2.41 0.0001452424055
2.412 0.0001456647263
2.414 0.0001460746304
2.416 0.0001464718924
2.418 0.0001468563046
2.42 0.0001472276786
2.422 0.0001475858469
2.424 0.000147930664
2.426 0.0001482620075
2.428 0.0001485797785
2.43 0.0001488839027
2.432 0.0001491743312
2.434 0.0001494510409
2.436 0.0001497140341
2.438 0.0001499633396
2.44 0.000150199016
2.442 0.0001504211384
2.444 0.000150629815
2.446 0.0001508251779
2.448 0.000151007384
2.45 0.0001511766147
2.452 0.000151333075
2.454 0.0001514769929
2.456 0.0001516086182
2.458 0.0001517282267
2.46 0.0001518361064
2.462 0.0001519325664
2.464 0.0001520179348
2.466 0.0001520925544
2.468 0.0001521567861
2.47 0.0001522110032
2.472 0.0001522555927
2.474 0.000152290952
2.476 0.000152318266
2.478 0.0001523369666
2.48 0.0001523476939
2.482 0.0001523508837
2.484 0.0001523469657
2.486 0.0001523373125
2.488 0.0001523210311
2.49 0.0001522989382
2.492 0.0001522714727
2.494 0.0001522390876
2.496 0.0001522022241
2.498 0.0001521613277
2.5 0.0001521168371
2.502 0.0001520691869
2.504 0.0001520188077
2.506 0.0001519661247
2.508 0.000151911557
2.51 0.0001518556355
2.512 0.0001517987146
2.514 0.0001517411422
2.516 0.0001516833222
2.518 0.0001516256265
2.52 0.0001515682454
2.522 0.0001515114904
2.524 0.0001514559207
2.526 0.0001514018468
2.528 0.0001513496423
2.53 0.0001512996459
2.532 0.000151252189
2.534 0.0001512073691
2.536 0.0001511657751
2.538 0.0001511276433
2.54 0.0001510932556
2.542 0.0001510628866
2.544 0.0001510367985
2.546 0.000172067484
2.548 0.0001509984442
2.55 0.000150986656
2.552 0.0001509800619
2.554 0.0001509788931
2.556 0.0001509833311
2.558 0.0001645180462
2.56 0.0001510097221
2.562 0.0001510320135
2.564 0.0001510605581
2.566 0.000157672552
2.568 0.0001511369597
2.57 0.0001511850322
2.572 0.0001512397857
2.574 0.000153359068
2.576 0.0001513696679
2.578 0.0001514449397
2.58 0.0001515271082
2.582 0.0001516162313
2.584 0.0001517123125
2.586 0.0001518152796
2.588 0.0001519252397
2.59 0.0001520421002
2.592 0.0001521658003
2.594 0.0001522962834
2.596 0.0001524335498
2.598 0.000152577456
2.6 0.0001527279531
2.602 0.0001528848972
2.604 0.0001530482516
2.606 0.0001532178741
2.608 0.0001533935703
2.61 0.000153575324
2.612 0.0001537632356
2.614 0.0001539567031
2.616 0.0001541557093
2.618 0.000154360059
2.62 0.0001545695466
2.622 0.0001547840504
2.624 0.0001550033587
2.626 0.0001552273317
2.628 0.0001554557397
2.63 0.0001556883825
2.632 0.0001559251346
2.634 0.0001561657429
2.636 0.0001564100797
2.638 0.0001566579331
2.64 0.0001569090737
2.642 0.0001571615329
2.644 0.000157417696
2.646 0.0001576767411
2.648 0.000157938421
2.65 0.0001582026292
2.652 0.0001584691613
2.654 0.0001587378253
2.656 0.0001590085201
2.658 0.0001592810411
2.66 0.0001595553167
2.662 0.0001598311556
2.664 0.0001601085002
2.666 0.000160387176
2.668 0.0001606671447
2.67 0.000160948281
2.672 0.0001612304736
2.674 0.0001615137156
2.676 0.0001617978832
2.678 0.0001620829875
2.68 0.0001623680899
2.682 0.0001626544006
2.684 0.0001629415289
2.686 0.0001632295403
2.688 0.0001635182733
2.69 0.0001638079184
2.692 0.0001640986534
2.694 0.0001643904196
2.696 0.000164683202
2.698 0.000164977064
2.7 0.0001652721636
2.702 0.0001655685705
2.704 0.0001658663723
2.706 0.00016616577
2.708 0.0001664668402
2.71 0.0001667698094
2.712 0.0001670747836
2.714 0.0001673820167
2.716 0.0001676916727
2.718 0.00016800393
2.72 0.000168319088
2.722 0.000168637312
2.724 0.0001689589242
2.726 0.0001692841538
2.728 0.0001696132199
2.73 0.0001699465385
2.732 0.0001702843266
2.734 0.000170626863
2.736 0.0001709743762
2.738 0.0001713287213
2.74 0.0001716882954
2.742 0.0001720539325
2.744 0.0001724259864
2.746 0.0001728049006
2.748 0.0001731909914
2.75 0.0001735846187
2.752 0.0001739862715
2.754 0.0001743962825
2.756 0.000174815095
2.758 0.0001752430455
2.76 0.0001756806216
2.762 0.0001761282232
2.764 0.0001765861964
2.766 0.0001770550266
2.768 0.0001775351046
2.77 0.0001780268343
2.772 0.0001785305618
2.774 0.0001790468414
2.776 0.0001795760139
2.778 0.0001801184847
2.78 0.000180674641
2.782 0.000181244869
2.784 0.0001873001221
2.786 0.0001824292981
2.788 0.0001830441822
2.79 0.0001836746627
2.792 0.0001843211218
2.794 0.0001897064716
2.796 0.0001856632589
2.798 0.0002032910061
2.8 0.000187073324
2.802 0.000187804573
2.804 0.0001885536609
2.806 0.0001893208859
2.808 0.0001901067858
2.81 0.0001909108362
2.812 0.0001917338299
2.814 0.0001925758487
2.816 0.0001934370822
2.818 0.0001943176986
2.82 0.0001952178496
2.822 0.0001961376677
2.824 0.0001970772669
2.826 0.0001980367424
2.828 0.0001990161668
2.83 0.0002000156023
2.832 0.0002010350857
2.834 0.0002020746228
2.836 0.0002031342161
2.838 0.0002042138451
2.84 0.0002053134693
2.842 0.0002064330293
2.844 0.0002075724459
2.846 0.0002087310191
2.848 0.0002099094986
2.85 0.0002111075041
2.852 0.0002123248848
2.854 0.0002135615154
2.856 0.0002148171509
2.858 0.0002160916119
2.86 0.0002173844803
2.862 0.0002186956484
2.864 0.0002200248542
2.866 0.0002213718364
2.868 0.0002227363182
2.87 0.0002241180044
2.872 0.0002255165828
2.874 0.0002269317265
2.876 0.0002283630942
2.878 0.0002298103308
2.88 0.0002312730685
2.882 0.0002327509269
2.884 0.000234243514
2.886 0.000235750427
2.888 0.0002372712523
2.89 0.0002388055691
2.892 0.0002403529422
2.894 0.000241912932
2.896 0.0002434850467
2.898 0.0002450690438
2.9 0.0002466643214
2.902 0.000248270413
2.904 0.0002498868264
2.906 0.0002515130733
2.908 0.0002531486605
2.91 0.0002547930934
2.912 0.0002564458746
2.914 0.0002581065049
2.916 0.0002597744834
2.918 0.0002614493452
2.92 0.0002631305191
2.922 0.0002648175243
2.924 0.0002665098576
2.926 0.000268207016
2.928 0.0002699084964
2.93 0.0002716137965
2.932 0.0002733224156
2.934 0.0002750338513
2.936 0.0002767476064
2.938 0.0002784631847
2.94 0.0002801800923
2.942 0.0002818978383
2.944 0.0002836159344
2.946 0.0002853338963
2.948 0.0002870512429
2.95 0.0002887674979
2.952 0.0002904821888
2.954 0.0002921948471
2.956 0.0002939050113
2.958 0.000295612223
2.96 0.0002973160303
2.962 0.0002990159863
2.964 0.0003007116504
2.966 0.0003024025881
2.968 0.0003040883673
2.97 0.0003057685694
2.972 0.0003074421402
2.974 0.000309109536
2.976 0.0003107701553
2.978 0.0003124236011
2.98 0.0003140694899
2.982 0.0003157074432
2.984 0.0003173370871
2.986 0.0003189580548
2.988 0.0003205699919
2.99 0.0003221725503
2.992 0.00032376539
2.994 0.0003253481789
2.996 0.0003269205933
2.998 0.0003284823179
3 0.0003300330456
3.002 0.0003315724786
3.004 0.0003331002415
3.006 0.0003346161305
3.008 0.0003361198799
3.01 0.0003376112214
3.012 0.0003390899015
3.014 0.0003405556799
3.016 0.0003420083215
3.018 0.0003434476001
3.02 0.0003447753834
3.022 0.0003461903424
3.024 0.0003475818767
3.026 0.0003489619088
3.028 0.0003503255816
3.03 0.0003516745465
3.032 0.0003530080972
3.034 0.0003543262353
3.036 0.0003556287365
3.038 0.0003569154542
3.04 0.0003581862335
3.042 0.0003594409461
3.044 0.0003606794838
3.046 0.0003619017633
3.048 0.0003631077258
3.05 0.0003642973332
3.052 0.0003654705738
3.054 0.0003666274569
3.056 0.000367768013
3.058 0.0003688922922
3.06 0.0003700003416
3.062 0.0003710922723
3.064 0.0003721681659
3.066 0.0003732281485
3.068 0.0003742723415
3.07 0.0003753008637
3.072 0.0003763138784
3.074 0.0003773115291
3.076 0.0003782939684
3.078 0.0003792613427
3.08 0.0003802138316
3.082 0.0003811515926
3.084 0.0003820747876
3.086 0.0003829835783
3.088 0.0003838781232
3.09 0.0003847585789
3.092 0.000385625099
3.094 0.0003864778326
3.096 0.0003873169249
3.098 0.0003881425165
3.1 0.0003889547564
3.102 0.0003897537607
3.104 0.0003905396588
3.106 0.0003913125736
3.108 0.0003920726229
3.11 0.0003928199245
3.112 0.0003935545859
3.114 0.0003942767168
3.116 0.0003949864244
3.118 0.0003956838148
3.12 0.0003963689939
3.122 0.0003970420679
3.124 0.0003977031449
3.126 0.0003983523347
3.128 0.0003989897518
3.13 0.0003996155118
3.132 0.0004002297374
3.134 0.0004008325567
3.136 0.0004014239386
3.138 0.0004020043477
3.14 0.0004025737525
3.142 0.0004031323387
3.144 0.0004036802705
3.146 0.0004042146696
3.148 0.0004047400289
3.15 0.0004052551735
3.152 0.000405760658
3.154 0.0004062564991
3.156 0.0004067429436
3.158 0.0004072202231
3.16 0.0004076884165
3.162 0.0004081479643
3.164 0.0004085991953
3.166 0.0004090423384
3.168 0.0004094775192
3.17 0.0004099053624
3.172 0.000410325994
3.174 0.0004107397609
3.176 0.0004111468187
3.178 0.0004115478815
3.18 0.0004119430344
3.182 0.0004123325052
3.184 0.0004127169734
3.186 0.0004130966105
3.188 0.0004134716345
3.19 0.0004138427439
3.192 0.0004142101181
3.194 0.0004145739859
3.196 0.0004149350484
3.198 0.0004152933189
3.2 0.0004156495312
3.202 0.0004160038661
3.204 0.0004163564459
3.206 0.0004167081701
3.208 0.000417058918
3.21 0.0004174094648
3.212 0.0004177599624
3.214 0.000418110623
3.216 0.0004184621197
3.218 0.00041881446
3.22 0.0004191683517
3.222 0.0004195236615
3.224 0.000419881295
3.226 0.0004202410864
3.228 0.0004206037797
3.23 0.0004209693108
3.232 0.0004213383656
3.234 0.0004217108862
3.236 0.0004220874429
3.238 0.0004224681721
3.24 0.0004228536101
3.242 0.0004232437281
3.244 0.0004236391716
3.246 0.0004240402118
3.248 0.0004244468849
3.25 0.0004248594209
3.252 0.00042527834
3.254 0.0004257035823
3.256 0.0004261356083
3.258 0.0004265748078
3.26 0.0004270209986
3.262 0.0004274750198
3.264 0.0004279366056
3.266 0.0004284062717
3.268 0.0004288843759
3.27 0.0004293707166
3.272 0.0004298661244
3.274 0.0004303703165
3.276 0.0004308837975
3.278 0.000431406615
3.28 0.000431938975
3.282 0.0004324814254
3.284 0.0004330341809
3.286 0.0004335971811
3.288 0.0004341708399
3.29 0.0004347553956
3.292 0.000435350935
3.294 0.0004359577457
3.296 0.0004365762258
3.298 0.0004372062204
3.3 0.0004378480411
3.302 0.0004385022338
3.304 0.0004391685166
3.306 0.0004398473579
3.308 0.0004405390682
3.31 0.000441243378
3.312 0.00044196091
3.314 0.000442691667
3.316 0.0004434360404
3.318 0.0004441938605
3.32 0.000444965525
3.322 0.0004457512279
3.324 0.0004465510035
3.326 0.0004473650989
3.328 0.0004481936901
3.33 0.0004490371061
3.332 0.0004498951411
3.334 0.0004507680571
3.336 0.0004516561744
3.338 0.0004525596871
3.34 0.0004534784283
3.342 0.0004544127395
3.344 0.0004553627117
3.346 0.0004563285504
3.348 0.0004573102359
3.35 0.0004583079734
3.352 0.0004593218934
3.354 0.0004603522831
3.356 0.0004613988837
3.358 0.0004624620341
3.36 0.0004635417921
3.362 0.0004646383358
3.364 0.0004657516099
3.366 0.0004668817924
3.368 0.0004680289832
3.37 0.0004691934473
3.372 0.0004703748861
3.374 0.0004715736112
3.376 0.0004727896512
3.378 0.000474023277
3.38 0.0004752741712
3.382 0.0004765426334
3.384 0.0004778286769
3.386 0.0004791325605
3.388 0.0004804539519
3.39 0.0004817931413
3.392 0.0004831501253
3.394 0.0004845251498
3.396 0.0004859178591
3.398 0.0004873285292
3.4 0.0004887571414
3.402 0.000490203929
3.404 0.0004916685169
3.406 0.0004931511675
3.408 0.0004946518468
3.41 0.0004961707742
3.412 0.0004977075458
3.414 0.0004992624041
3.416 0.0005008354959
3.418 0.000502426418
3.42 0.0005040354117
3.422 0.0005056624127
3.424 0.0005073076162
3.426 0.0005089705873
3.428 0.0005106515496
3.43 0.0005123506274
3.432 0.0005140673739
3.434 0.000515802004
3.436 0.000517554424
3.438 0.0005193247986
3.44 0.0005211126524
3.442 0.0005229181802
3.444 0.0005247414748
3.446 0.0005265820449
3.448 0.000528440079
3.45 0.000530315655
3.452 0.0005322082645
3.454 0.0005341180797
3.456 0.0005360451657
3.458 0.0005379889942
3.46 0.0005399497241
3.462 0.0005419274063
3.464 0.0005439214932
3.466 0.0005459321304
3.468 0.0005479593541
3.47 0.0005500025966
3.472 0.0005520620039
3.474 0.0005541375814
3.476 0.0005562287477
3.478 0.0005583356216
3.48 0.0005604582106
3.482 0.0005625959115
3.484 0.0005647488256
3.486 0.0005669169525
3.488 0.000569099669
3.49 0.0005712970681
3.492 0.00057350913
3.494 0.0005757352157
3.496 0.000577975406
3.498 0.0005802296694
3.5 0.0005824973499
3.502 0.0005847785168
3.504 0.0005870731328
3.506 0.0005893805127
3.508 0.0005917009501
3.51 0.0005940336905
3.512 0.0005963787962
3.514 0.0005987362363
3.516 0.0006011052716
3.518 0.000603485958
3.52 0.0006058782231
3.522 0.0006082813541
3.524 0.0006106956234
3.526 0.0006131202363
3.528 0.000615555233
3.53 0.0006180005301
3.532 0.0006204553912
3.534 0.0006229200808
3.536 0.0006253937812
3.538 0.0006278765227
3.54 0.0006303682105
3.542 0.0006328680884
3.544 0.0006353764155
3.546 0.0006378923545
3.548 0.0006404159284
3.55 0.0006429470337
3.552 0.0006454849002
3.554 0.0006480297827
3.556 0.0006505808258
3.558 0.0006531380482
3.56 0.0006557013405
3.562 0.0006582699176
3.564 0.000660844035
3.566 0.0006634230426
3.568 0.0006660066154
3.57 0.0006685947492
3.572 0.0006711866458
3.574 0.0006737825675
3.576 0.0006763816456
3.578 0.0006789838904
3.58 0.0006815891956
3.582 0.0006841967611
3.584 0.0006868068521
3.586 0.0006894186005
3.588 0.0006920320011
3.59 0.0006946469668
3.592 0.0006972626883
3.594 0.0006998794401
3.596 0.0007024963386
3.598 0.0007051134152
3.6 0.0007077305685
3.602 0.0007103470282
3.604 0.0007129630321
3.606 0.000715577709
3.608 0.0007181910984
3.61 0.0007208031106
3.612 0.0007234129407
3.614 0.0007260208953
3.616 0.0007286260912
3.618 0.0007312285855
3.62 0.0007338283019
3.622 0.0007364244433
3.624 0.0007390173344
3.626 0.0007416060987
3.628 0.0007441908118
3.63 0.0007467714147
3.632 0.0007493471188
3.634 0.0007519180009
3.636 0.0007544840118
3.638 0.0007570443734
3.64 0.0007595994477
3.642 0.000762148377
3.644 0.0007646912729
3.646 0.0007672281109
3.648 0.0007697581299
3.65 0.000772281444
3.652 0.0007747980415
3.654 0.0007773071691
3.656 0.0007798089572
3.658 0.0007823034096
3.66 0.0007847897852
3.662 0.000787268232
3.664 0.0007897387698
3.666 0.0007922006695
3.668 0.0007946260073
3.67 0.0007970512194
3.672 0.0007994670422
3.674 0.0008018735932
3.676 0.0008042710358
3.678 0.0008066587138
3.68 0.0008090368788
3.682 0.0008114056428
3.684 0.0008137643459
3.686 0.0008161132392
3.688 0.00081845244
3.69 0.0008207812915
3.692 0.0008231000569
3.694 0.000825408578
3.696 0.0008277070778
3.698 0.0008299949056
3.7 0.0008322723447
3.702 0.0008345392572
3.704 0.0008367958912
3.706 0.0008390416159
3.708 0.0008412767407
3.71 0.0008435011527
3.712 0.0008457151264
3.714 0.0008479180506
3.716 0.0008501102624
3.718 0.0008522916721
3.72 0.0008544625818
3.722 0.0008566223984
3.724 0.0008587714867
3.726 0.0008609097807
3.728 0.0008630373124
3.73 0.0008651544019
3.732 0.0008672604849
3.734 0.0008693559507
3.736 0.0008714407519
3.738 0.0008735149552
3.74 0.0008755789122
3.742 0.0008776320833
3.744 0.0008796748989
3.746 0.0008817073512
3.748 0.0008837295326
3.75 0.0008857415284
3.752 0.0008877437288
3.754 0.0008897356232
3.756 0.0008917176838
3.758 0.0008936899383
3.76 0.0008956863574
3.762 0.0008976631254
3.764 0.0008996307387
3.766 0.0009015894054
3.768 0.0009035341716
3.77 0.0009054717821
3.772 0.0009074008353
3.774 0.0009093213832
3.776 0.0009112335637
3.778 0.0009131375159
3.78 0.0009150333895
3.782 0.0009169213433
3.784 0.000918801542
3.786 0.0009206741578
3.788 0.0009225393697
3.79 0.0009243973628
3.792 0.0009262483283
3.794 0.0009280924635
3.796 0.0009299299362
3.798 0.0009317609695
3.8 0.0009335857816
3.802 0.0009354053758
3.804 0.0009372175611
3.806 0.0009390250725
3.808 0.0009408272767
3.81 0.0009426244155
3.812 0.000944416738
3.814 0.0009462045001
3.816 0.0009479879619
3.818 0.000949767389
3.82 0.0009515430514
3.822 0.000953315225
3.824 0.0009550841923
3.826 0.0009568502364
3.828 0.0009586136483
3.83 0.0009603747228
3.832 0.0009621345776
3.834 0.0009638909929
3.836 0.0009656468857
3.838 0.0009674016781
3.84 0.0009691556595
3.842 0.0009709091549
3.844 0.0009726624875
3.846 0.0009744159821
3.848 0.0009761699656
3.85 0.0009779247677
3.852 0.0009796807203
3.854 0.000981438157
3.856 0.0009831974136
3.858 0.0009849588264
3.86 0.0009867227336
3.862 0.0009884894745
3.864 0.0009902593891
3.866 0.000992032818
3.868 0.0009938101024
3.87 0.0009955915835
3.872 0.0009973776031
3.874 0.0009991685024
3.876 0.001000964623
3.878 0.001002766305
3.88 0.001004573889
3.882 0.001006387715
3.884 0.001008208122
3.886 0.001010035448
3.888 0.001011870029
3.89 0.001013712203
3.892 0.001015562303
3.894 0.001017420663
3.896 0.001019287615
3.898 0.001021163489
3.9 0.001023048599
3.902 0.001024943295
3.904 0.001026847897
3.906 0.00102876273
3.908 0.001030688118
3.91 0.00103262438
3.912 0.001034571837
3.914 0.001036530804
3.916 0.001038501601
3.918 0.001040484536
3.92 0.001042479923
3.922 0.001044488069
3.924 0.001046509284
3.926 0.001048543871
3.928 0.001050592134
3.93 0.001052654372
3.932 0.001054730885
3.934 0.001056821964
3.936 0.001058927903
3.938 0.001061048995
3.94 0.001063185529
3.942 0.001065337791
3.944 0.001067506059
3.946 0.001069690613
3.948 0.001071891732
3.95 0.001074109688
3.952 0.001076344751
3.954 0.001078597189
3.956 0.001080867267
3.958 0.001083155245
3.96 0.00108546138
3.962 0.001087785927
3.964 0.001090129135
3.966 0.001092491253
3.968 0.001094872524
3.97 0.001097273187
3.972 0.001099161666
3.974 0.001100817417
3.976 0.001102488319
3.978 0.001104174279
3.98 0.001105875395
3.982 0.001107591653
3.984 0.001109323272
3.986 0.001111070314
3.988 0.001112832866
3.99 0.001114611024
3.992 0.001116404884
3.994 0.001118214544
3.996 0.001120040106
3.998 0.001121881675
4 0.001123739359
4.002 0.001125613267
4.004 0.00112750351
4.006 0.001129410202
4.008 0.001131333457
4.01 0.001133273388
4.012 0.001135230111
4.014 0.001137203738
4.016 0.001139194384
4.018 0.001141202158
4.02 0.001143227171
4.022 0.001145269529
4.024 0.001147329335
4.026 0.001149406689
4.028 0.001151501688
4.03 0.001153614423
4.032 0.001155754218
4.034 0.001157915154
4.036 0.001160095416
4.038 0.001162295186
4.04 0.001164514394
4.042 0.001166753032
4.044 0.001169011084
4.046 0.001171288539
4.048 0.001173585386
4.05 0.001175901611
4.052 0.001178237196
4.054 0.001180592118
4.056 0.00118296635
4.058 0.001185359857
4.06 0.001187772595
4.062 0.001190204517
4.064 0.001192655567
4.066 0.001195125684
4.068 0.001197614795
4.07 0.00120012282
4.072 0.001202649674
4.074 0.001205195263
4.076 0.001207759487
4.078 0.00121034224
4.08 0.00121294341
4.082 0.00121556288
4.084 0.001218200525
4.086 0.001220856219
4.088 0.001223529828
4.09 0.001226221217
4.092 0.001228930244
4.094 0.001231656767
4.096 0.001234400639
4.098 0.00123716171
4.1 0.001239939828
4.102 0.00124273484
4.104 0.00124554659
4.106 0.00124837492
4.108 0.00125121967
4.11 0.001254080681
4.112 0.00125695779
4.114 0.001259850834
4.116 0.00126275965
4.118 0.001265684072
4.12 0.001268623935
4.122 0.001271579071
4.124 0.001274549313
4.126 0.001277534492
4.128 0.001280534437
4.13 0.001283548979
4.132 0.001286577944
4.134 0.00128962116
4.136 0.001292678451
4.138 0.001295749642
4.14 0.001298834555
4.142 0.00130193301
4.144 0.001305044828
4.146 0.001308169824
4.148 0.001311306485
4.15 0.001314455999
4.152 0.001317618096
4.154 0.001320792546
4.156 0.001323979206
4.158 0.001327177895
4.16 0.001330388431
4.162 0.001333610624
4.164 0.00133684428
4.166 0.001340089198
4.168 0.001343345174
4.17 0.001346611999
4.172 0.001349889462
4.174 0.001353177349
4.176 0.001356475442
4.178 0.001359783521
4.18 0.001363101362
4.182 0.00136642874
4.184 0.001369765428
4.186 0.001373111196
4.188 0.001376465813
4.19 0.001379829044
4.192 0.001383200654
4.194 0.001386580406
4.196 0.001389968062
4.198 0.001393363383
4.2 0.001396766128
4.202 0.001400176056
4.204 0.001403592925
4.206 0.001407016492
4.208 0.001410446514
4.21 0.001413882747
4.212 0.001417324946
4.214 0.00142077287
4.216 0.001424226276
4.218 0.001427684923
4.22 0.001431148568
4.222 0.001434616968
4.224 0.001438089883
4.226 0.001441567074
4.228 0.001445048301
4.23 0.001448533331
4.232 0.001452021923
4.234 0.00145551384
4.236 0.001459008855
4.238 0.001462506734
4.24 0.001466007247
4.242 0.001469510169
4.244 0.001473015272
4.246 0.001476522333
4.248 0.001480031132
4.25 0.001483541451
4.252 0.001487053068
4.254 0.001490565771
4.256 0.001494079346
4.258 0.001497593585
4.26 0.001501108279
4.262 0.001504623225
4.264 0.00150813822
4.266 0.001511653065
4.268 0.001515167561
4.27 0.001518681497
4.272 0.001522194697
4.274 0.00152570697
4.276 0.001529218131
4.278 0.001532728
4.28 0.001536236399
4.282 0.001539743152
4.284 0.001543248087
4.286 0.001546751035
4.288 0.001550251831
4.29 0.001553750313
4.292 0.001557246323
4.294 0.001560739704
4.296 0.001564230306
4.298 0.001567717978
4.3 0.001571202577
4.302 0.001574683962
4.304 0.001578161994
4.306 0.00158163654
4.308 0.00158510747
4.31 0.001588574659
4.312 0.001592037984
4.314 0.001595497326
4.316 0.001598952573
4.318 0.001602404916
4.32 0.001605850273
4.322 0.00160929261
4.324 0.001612730443
4.326 0.001616163668
4.328 0.001619592197
4.33 0.001623015951
4.332 0.001626434852
4.334 0.001629849974
4.336 0.001633257695
4.338 0.001636661624
4.34 0.001640060435
4.342 0.001643454066
4.344 0.001646842467
4.346 0.001650225594
4.348 0.00165360341
4.35 0.001656975879
4.352 0.00166034297
4.354 0.00166370466
4.356 0.001667060778
4.358 0.001670411505
4.36 0.001673756785
4.362 0.001677096615
4.364 0.001680430996
4.366 0.001683758273
4.368 0.001687080583
4.37 0.00169039745
4.372 0.001693708897
4.374 0.001697014962
4.376 0.001700315683
4.378 0.001703611103
4.38 0.001706901269
4.382 0.001710186236
4.384 0.001713466061
4.386 0.001716740806
4.388 0.001720010538
4.39 0.001723275331
4.392 0.001726535388
4.394 0.001729790621
4.396 0.001733041161
4.398 0.001736287101
4.4 0.001739528537
4.402 0.001742765572
4.404 0.001745998313
4.406 0.001749226859
4.408 0.001752451327
4.41 0.001755671841
4.412 0.001758888536
4.414 0.001762101535
4.416 0.001765310976
4.418 0.001768517
4.42 0.001771719753
4.422 0.001774919385
4.424 0.001778116051
4.426 0.001781309911
4.428 0.001784501128
4.43 0.001787689869
4.432 0.001790876308
4.434 0.001794060608
4.436 0.001797242943
4.438 0.001800423495
4.44 0.00180360245
4.442 0.00180678
4.444 0.001809956339
4.446 0.001813131667
4.448 0.001816306187
4.45 0.001819480107
4.452 0.001822653638
4.454 0.001825827026
4.456 0.001829000514
4.458 0.001832174281
4.46 0.001835348557
4.462 0.001838523562
4.464 0.001841699525
4.466 0.001844876676
4.468 0.001848055254
4.47 0.001851235494
4.472 0.001854417639
4.474 0.001857601929
4.476 0.001860788614
4.478 0.001863977945
4.48 0.001867170171
4.482 0.001870365549
4.484 0.001873564335
4.486 0.001876766788
4.488 0.001879973167
4.49 0.001883183739
4.492 0.001886398767
4.494 0.001889618515
4.496 0.001892843251
4.498 0.001896073243
4.5 0.001899310202
4.502 0.001902550003
4.504 0.001905797833
4.506 0.001909051003
4.508 0.001912311388
4.51 0.001915578618
4.512 0.001918853008
4.514 0.001922134828
4.516 0.001925424357
4.518 0.001928721872
4.52 0.001932027651
4.522 0.001935341971
4.524 0.001938665111
4.526 0.001941997351
4.528 0.001945338967
4.53 0.001948690242
4.532 0.001952051478
4.534 0.001955422957
4.536 0.001958804959
4.538 0.001962197765
4.54 0.001965601656
4.542 0.001969016907
4.544 0.001972443796
4.546 0.001975882593
4.548 0.001979333579
4.55 0.001982797029
4.552 0.001986273212
4.554 0.001989762403
4.556 0.001993264872
4.558 0.001996780699
4.56 0.002000310393
4.562 0.002003854163
4.564 0.002007412287
4.566 0.002010985014
4.568 0.002014572614
4.57 0.002018175345
4.572 0.002021793472
4.574 0.002025427251
4.576 0.002029077027
4.578 0.002032743038
4.58 0.002036425534
4.582 0.002040124769
4.584 0.002043840991
4.586 0.002047574452
4.588 0.002051325397
4.59 0.002055094072
4.592 0.00205888071
4.594 0.002062685563
4.596 0.002066508866
4.598 0.002070350858
4.6 0.002074211702
4.602 0.002078091602
4.604 0.002081992269
4.606 0.002085910877
4.608 0.002089847806
4.61 0.002093806236
4.612 0.002097784815
4.614 0.002041844155
4.616 0.002032297547
4.618 0.00202823651
4.62 0.002023412717
4.622 0.002018595567
4.624 0.002013713811
4.626 0.002008855088
4.628 0.002004084817
4.63 0.001999468101
4.632 0.00199506268
4.634 0.001990918755
4.636 0.001987078908
4.638 0.00198357858
4.64 0.001980446686
4.642 0.001977688858
4.644 0.001975345267
4.646 0.001973423765
4.648 0.001971933165
4.65 0.001970878575
4.652 0.001970261586
4.654 0.001970080622
4.656 0.001970331192
4.658 0.00197100614
4.66 0.001972095875
4.662 0.001973588578
4.664 0.00197547042
4.666 0.001977725758
4.668 0.001980337344
4.67 0.001983286527
4.672 0.001986553453
4.674 0.001990117277
4.676 0.001993956356
4.678 0.00199804843
4.68 0.002002370921
4.682 0.002006901006
4.684 0.002011615871
4.686 0.002016492888
4.688 0.00202150977
4.69 0.002026646058
4.692 0.002031877936
4.694 0.002037185427
4.696 0.002042551941
4.698 0.002047957893
4.7 0.002053386299
4.702 0.002058821469
4.704 0.002064249075
4.706 0.002069656194
4.708 0.002075031357
4.71 0.002080364578
4.712 0.002085647363
4.714 0.00209087271
4.716 0.002096035084
4.718 0.002101131176
4.72 0.002106157258
4.722 0.002111112209
4.724 0.002115995937
4.726 0.002120809537
4.728 0.00212555522
4.73 0.002130236214
4.732 0.00213485667
4.734 0.00213942156
4.736 0.002143936577
4.738 0.002148408028
4.74 0.002152842723
4.742 0.002157247879
4.744 0.002161631012
4.746 0.002165999836
4.748 0.00217036217
4.75 0.002174725845
4.752 0.002179098615
4.754 0.002183488081
4.756 0.002187901611
4.758 0.002192346278
4.76 0.002196828798
4.762 0.002201355477
4.764 0.002205932165
4.766 0.002210564228
4.768 0.002215256492
4.77 0.00222001325
4.772 0.002224838229
4.774 0.002229734587
4.776 0.002234704914
4.778 0.002239751221
4.78 0.002244874974
4.782 0.002250077135
4.784 0.002255358022
4.786 0.002260717545
4.788 0.002266155127
4.79 0.002271669744
4.792 0.002277259967
4.794 0.002282923997
4.796 0.002288659707
4.798 0.002294464668
4.8 0.002300336211
4.802 0.002306271447
4.804 0.002312267319
4.806 0.002318320632
4.808 0.002324428111
4.81 0.002330586434
4.812 0.002336792239
4.814 0.00234304219
4.816 0.002349332991
4.818 0.002355661434
4.82 0.002362024406
4.822 0.002368418945
4.824 0.002374842195
4.826 0.00238129151
4.828 0.002387764417
4.83 0.002394258644
4.832 0.002400771992
4.834 0.002407302815
4.836 0.002413849442
4.838 0.002420410477
4.84 0.002426984733
4.842 0.002433571258
4.844 0.002440169328
4.846 0.002446778422
4.848 0.002453398223
4.85 0.002460028606
4.852 0.002466669624
4.854 0.002473321499
4.856 0.002479984612
4.858 0.002486659464
4.86 0.002493346691
4.862 0.002500047034
4.864 0.002506761327
4.866 0.002513490475
4.868 0.00252023546
4.87 0.002526997272
4.872 0.002533776955
4.874 0.002540575565
4.876 0.002547394154
4.878 0.002554233771
4.88 0.002561095426
4.882 0.002567980101
4.884 0.002574888731
4.886 0.002581822197
4.888 0.002588781317
4.89 0.002595766837
4.892 0.002602779429
4.894 0.002609819687
4.896 0.002616888119
4.898 0.002623985149
4.9 0.002631111084
4.902 0.002638266227
4.904 0.00264545072
4.906 0.002652682589
4.908 0.002659937371
4.91 0.002667220712
4.912 0.00267453244
4.914 0.002681872231
4.916 0.002689239779
4.918 0.00269663472
4.92 0.002704056658
4.922 0.002711505152
4.924 0.002718979721
4.926 0.00272647985
4.928 0.002734004996
4.93 0.002741554589
4.932 0.002749128042
4.934 0.002756724753
4.936 0.002764344113
4.938 0.002771985511
4.94 0.002779648339
4.942 0.002787332181
4.944 0.002795036193
4.946 0.002802759869
4.948 0.002810502662
4.95 0.002818252986
4.952 0.002826023687
4.954 0.002833811349
4.956 0.002841615572
4.958 0.002849436034
4.96 0.002857272434
4.962 0.00286512451
4.964 0.002872992055
4.966 0.002880874898
4.968 0.002888772903
4.97 0.002896685985
4.972 0.002904614103
4.974 0.002912557253
4.976 0.00292051547
4.978 0.002928488906
4.98 0.002936477594
4.982 0.002944481704
4.984 0.002950446055
4.986 0.002953520276
4.988 0.002956574814
4.99 0.002959605666
4.992 0.002962612296
4.994 0.002965593935
4.996 0.002968550102
4.998 0.002971480449
5 0.002974384919
5.002 0.002977263539
5.004 0.002980116532
5.006 0.002982944533
5.008 0.002985748908
5.01 0.002988529978
5.012 0.002991288492
5.014 0.002994025298
5.016 0.002996731006
5.018 0.00299942115
5.02 0.003002092835
5.022 0.003004747259
5.024 0.003007385523
5.026 0.003010008792
5.028 0.00301261823
5.03 0.003015215006
5.032 0.003017800271
5.034 0.003020375154
5.036 0.003022871356
5.038 0.003025386492
5.04 0.003027896752
5.042 0.003030402434
5.044 0.003032903542
5.046 0.003035401111
5.048 0.003037895809
5.05 0.003040388237
5.052 0.003042878916
5.054 0.0030453683
5.056 0.003047856764
5.058 0.003050344624
5.06 0.003052832113
5.062 0.003055319393
5.064 0.003057806561
5.066 0.003060293648
5.068 0.003062780789
5.07 0.00306526768
5.072 0.003067754242
5.074 0.003070240293
5.076 0.003072725609
5.078 0.003075209931
5.08 0.003077692971
5.082 0.003080174411
5.084 0.003082653913
5.086 0.00308513113
5.088 0.003087605705
5.09 0.003090077274
5.092 0.003468552102
5.094 0.003472582127
5.096 0.003476775542
5.098 0.003480958844
5.1 0.003485158357
5.102 0.003489367476
5.104 0.00349358763
5.106 0.003497818406
5.108 0.003502059297
5.11 0.00350630959
5.112 0.003510568519
5.114 0.003514835305
5.116 0.003519109098
5.118 0.003523389018
5.12 0.003527674172
5.122 0.003531963657
5.124 0.00353625656
5.126 0.003540551978
5.128 0.00354484901
5.13 0.003549146773
5.132 0.003553444542
5.134 0.003557741483
5.136 0.003562036584
5.138 0.003566328672
5.14 0.003570617098
5.142 0.003574901113
5.144 0.00357917999
5.146 0.00358345305
5.148 0.003587719686
5.15 0.003591979283
5.152 0.003596231307
5.154 0.003600475267
5.156 0.003604710729
5.158 0.003608937316
5.16 0.003613154709
5.162 0.003617362675
5.164 0.003621560994
5.166 0.003625749548
5.168 0.003629928276
5.17 0.003634097181
5.172 0.003638256331
5.174 0.003642405858
5.176 0.003646545966
5.178 0.003650676914
5.18 0.003654796266
5.182 0.003658908365
5.184 0.003663012478
5.186 0.003667109176
5.188 0.00367119893
5.19 0.003675282275
5.192 0.003679359777
5.194 0.003683432046
5.196 0.003687499712
5.198 0.003691563429
5.2 0.003695623869
5.202 0.003699681716
5.204 0.003703721684
5.206 0.003707775375
5.208 0.003711828769
5.21 0.003715882188
5.212 0.003719934586
5.214 0.003723989099
5.216 0.003728045743
5.218 0.003732105163
5.22 0.003736167956
5.222 0.003740234697
5.224 0.003744306138
5.226 0.003748382326
5.228 0.003752463879
5.23 0.003756551252
5.232 0.00376064487
5.234 0.003764745127
5.236 0.003768852384
5.238 0.003772966969
5.24 0.003777089182
5.242 0.003781219291
5.244 0.003785357591
5.246 0.003789504025
5.248 0.003793658823
5.25 0.003797812941
5.252 0.003801978712
5.254 0.003806153259
5.256 0.003810336661
5.258 0.003814529005
5.26 0.003818730354
5.262 0.003822940758
5.264 0.003827160254
5.266 0.003831388869
5.268 0.00383562662
5.27 0.003839873522
5.272 0.003844129801
5.274 0.003848395494
5.276 0.003852670568
5.278 0.003856953325
5.28 0.003861246025
5.282 0.003865548121
5.284 0.003869859642
5.286 0.003874180626
5.288 0.003878511095
5.29 0.003882851088
5.292 0.003887200651
5.294 0.003891559841
5.296 0.003895928724
5.298 0.003902664918
5.3 0.003908505289
5.302 0.003914276528
5.304 0.003919977746
5.306 0.00392560948
5.308 0.003931173198
5.31 0.003936670717
5.312 0.003942104386
5.314 0.003947476957
5.316 0.003952791551
5.318 0.003958051717
5.32 0.003963261282
5.322 0.003968425611
5.324 0.003973546856
5.326 0.003978629759
5.328 0.003983678739
5.33 0.003988698253
5.332 0.003993692754
5.334 0.003998666677
5.336 0.00400362441
5.338 0.004008570256
5.34 0.004013508403
5.342 0.004018442896
5.344 0.004023377605
5.346 0.004028316207
5.348 0.004033293143
5.35 0.004038272455
5.352 0.004043264074
5.354 0.004048271571
5.356 0.004053297318
5.358 0.004058343474
5.36 0.004063411899
5.362 0.004068504158
5.364 0.004073621546
5.366 0.004078765086
5.368 0.004083929611
5.37 0.004089116625
5.372 0.004094326331
5.374 0.004099559053
5.376 0.004104814903
5.378 0.004110093703
5.38 0.004115395113
5.382 0.004120718592
5.384 0.004126063437
5.386 0.00413142881
5.388 0.004136813742
5.39 0.004142217466
5.392 0.004147638382
5.394 0.004153075326
5.396 0.004036537897
5.398 0.004048289839
5.4 0.004037004905
5.402 0.004026512664
5.404 0.004010304582
5.406 0.003991012837
5.408 0.003969054396
5.41 0.003945569482
5.412 0.003920891115
5.414 0.00389571363
5.416 0.003870544624
5.418 0.003845811721
5.42 0.00382186545
5.422 0.003798989228
5.424 0.003777407134
5.426 0.003757291615
5.428 0.003738770292
5.43 0.003721932033
5.432 0.0037068323
5.434 0.003693497812
5.436 0.00368193063
5.438 0.00367211177
5.44 0.003664004186
5.442 0.003657555541
5.444 0.003652700619
5.446 0.003649363426
5.448 0.003647459062
5.45 0.003646895414
5.452 0.003647574898
5.454 0.003649395473
5.456 0.003652253749
5.458 0.003656040006
5.46 0.003660646881
5.462 0.003665966529
5.464 0.003671892159
5.466 0.003678319365
5.468 0.00368514534
5.47 0.003692271538
5.472 0.003699603362
5.474 0.003707050934
5.476 0.003714529626
5.478 0.003721960576
5.48 0.003729269808
5.482 0.003736390489
5.484 0.003743263748
5.486 0.003749837251
5.488 0.003756065755
5.49 0.003761911145
5.492 0.003767342453
5.494 0.003772335709
5.496 0.003776873691
5.498 0.003780945915
5.5 0.003784548398
5.502 0.003787683183
5.504 0.003790358
5.506 0.003792585865
5.508 0.003794384621
5.51 0.003795776455
5.512 0.003796787397
5.514 0.003797446809
5.516 0.003797804966
5.518 0.003797898479
5.52 0.00379775262
5.522 0.003797403849
5.524 0.00379689111
5.526 0.003796249259
5.528 0.003795516338
5.53 0.003794729269
5.532 0.003793924064
5.534 0.00379313546
5.536 0.003792396748
5.538 0.003791753299
5.54 0.003791212962
5.542 0.003790808077
5.544 0.003790562646
5.546 0.003790498767
5.548 0.003790634483
5.55 0.003790986043
5.552 0.003791566481
5.554 0.003792386186
5.556 0.003793452784
5.558 0.003794771229
5.56 0.003796343911
5.562 0.003798170777
5.564 0.00380024944
5.566 0.003802575398
5.568 0.003805142172
5.57 0.003807941458
5.572 0.003810963285
5.574 0.003814196366
5.576 0.003817628115
5.578 0.003821244984
5.58 0.003825032651
5.582 0.003828987818
5.584 0.003833078844
5.586 0.003837290999
5.588 0.003841613637
5.59 0.003846030568
5.592 0.00385052688
5.594 0.003855086564
5.596 0.003859697212
5.598 0.00386434484
5.6 0.00386901665
5.602 0.00387370069
5.604 0.003878386104
5.606 0.003883062607
5.608 0.003887721271
5.61 0.00389235417
5.612 0.003896954492
5.614 0.003901516519
5.616 0.003906035598
5.618 0.003910508246
5.62 0.003914932021
5.622 0.003919305503
5.624 0.003923628254
5.626 0.00392790075
5.628 0.003932124327
5.63 0.003936300606
5.632 0.003940433055
5.634 0.003944524953
5.636 0.003948580339
5.638 0.003952603527
5.64 0.003956599671
5.642 0.003960573858
5.644 0.003964531492
5.646 0.00396847813
5.648 0.003972419386
5.65 0.003976365595
5.652 0.003980316722
5.654 0.0039842799
5.656 0.003988260218
5.658 0.003992265871
5.66 0.003996599752
5.662 0.004000858439
5.664 0.004005145278
5.666 0.004009462815
5.668 0.004013813446
5.67 0.004018198842
5.672 0.004022620331
5.674 0.004027077536
5.676 0.004031573843
5.678 0.004036110949
5.68 0.004040689678
5.682 0.004045310306
5.684 0.004049972918
5.686 0.004054677311
5.688 0.004059423087
5.69 0.004064209333
5.692 0.004069036173
5.694 0.004073902113
5.696 0.004078804412
5.698 0.004083741242
5.7 0.004088710663
5.702 0.004093678817
5.704 0.004098687391
5.706 0.004103722396
5.708 0.004108780987
5.71 0.004113860416
5.712 0.004118958336
5.714 0.004124072127
5.716 0.004129199413
5.718 0.004134337925
5.72 0.004139485427
5.722 0.004144639358
5.724 0.004149798228
5.726 0.004154960043
5.728 0.004160123034
5.73 0.004165285617
5.732 0.004170446861
5.734 0.004175609458
5.736 0.004180766138
5.738 0.004185914816
5.74 0.00419105813
5.742 0.004196194608
5.744 0.004201323835
5.746 0.004206445532
5.748 0.004211559799
5.75 0.004216667032
5.752 0.004221766281
5.754 0.004226595748
5.756 0.004231506546
5.758 0.004236411916
5.76 0.004241312569
5.762 0.00424598315
5.764 0.004250727916
5.766 0.004255485843
5.768 0.004260242113
5.77 0.004265008138
5.772 0.004269777162
5.774 0.004274551972
5.776 0.004279333426
5.778 0.004284122276
5.78 0.004288919191
5.782 0.004293725948
5.784 0.004298544686
5.786 0.004303372412
5.788 0.004308210236
5.79 0.004313058292
5.792 0.004317916838
5.794 0.004322785952
5.796 0.004327665612
5.798 0.00433255576
5.8 0.004337455065
5.802 0.004342362779
5.804 0.004347279079
5.806 0.004352203749
5.808 0.004357136541
5.81 0.004362077178
5.812 0.004367011359
5.814 0.004371957433
5.816 0.004376910558
5.818 0.00438187049
5.82 0.004386836926
5.822 0.004391809575
5.824 0.004396788603
5.826 0.00440176098
5.828 0.004406728432
5.83 0.004411717754
5.832 0.004416713199
5.834 0.004421714238
5.836 0.004426720735
5.838 0.004431732326
5.84 0.004436748822
5.842 0.00444177004
5.844 0.004446796229
5.846 0.004451828267
5.848 0.004456864622
5.85 0.004461905457
5.852 0.004466950635
5.854 0.004472000073
5.856 0.004477053657
5.858 0.004482111249
5.86 0.004487172713
5.862 0.004492237937
5.864 0.004497306869
5.866 0.004502379429
5.868 0.004507455539
5.87 0.004512535117
5.872 0.004517618084
5.874 0.004522704357
5.876 0.004527793848
5.878 0.004532886484
5.88 0.004537982183
5.882 0.00454308086
5.884 0.004548212803
5.886 0.004553337272
5.888 0.004558464595
5.89 0.004563594127
5.892 0.004568725847
5.894 0.004573859838
5.896 0.004578996051
5.898 0.004584134452
5.9 0.004589275063
5.902 0.00459441847
5.904 0.004599566555
5.906 0.004604719656
5.908 0.004609877266
5.91 0.004615039301
5.912 0.004620205661
5.914 0.004625376244
5.916 0.004630550977
5.918 0.004635729786
5.92 0.00464091258
5.922 0.004646099322
5.924 0.004651167668
5.926 0.004656278826
5.928 0.004661392615
5.93 0.004666523751
5.932 0.004671652956
5.934 0.004676785607
5.936 0.004681921693
5.938 0.004687061393
5.94 0.004692204862
5.942 0.004697352417
5.944 0.004702503978
5.946 0.004707659741
5.948 0.004712819861
5.95 0.004717984572
5.952 0.004723154121
5.954 0.004728328611
5.956 0.004733508149
5.958 0.004738692855
5.96 0.004743882834
5.962 0.004749076227
5.964 0.004754275529
5.966 0.004759480263
5.968 0.004764690506
5.97 0.004769906346
5.972 0.004775127857
5.974 0.004780355065
5.976 0.004785537157
5.978 0.004790741309
5.98 0.004795951323
5.982 0.004801167252
5.984 0.004806389233
5.986 0.004811617371
5.988 0.00481685184
5.99 0.004822092605
5.992 0.004827339754
5.994 0.004832593333
5.996 0.004837853434
5.998 0.00484311999
6 0.00484839299
6.002 0.004853672433
6.004 0.004858958304
6.006 0.004864250576
6.008 0.004869549218
6.01 0.004874854188
6.012 0.004880165442
6.014 0.004884620983
6.016 0.004889391665
6.018 0.004894182288
6.02 0.004898994273
6.022 0.004903843446
6.024 0.004908719469
6.026 0.004913621307
6.028 0.00491855183
6.03 0.00492350956
6.032 0.004928493848
6.034 0.004933504013
6.036 0.004938538865
6.038 0.004943577754
6.04 0.004948646745
6.042 0.004953737898
6.044 0.004958850204
6.046 0.00496398255
6.048 0.004969133837
6.05 0.004974269254
6.052 0.004979433199
6.054 0.004979202715
6.056 0.004974722733
6.058 0.004970202445
6.06 0.004965638614
6.062 0.004961029201
6.064 0.004956372857
6.066 0.004951669033
6.068 0.004946917959
6.07 0.004942120614
6.072 0.00493727876
6.074 0.004932395163
6.076 0.004927472899
6.078 0.004922515494
6.08 0.004917527024
6.082 0.0049125121
6.084 0.004907475544
6.086 0.00490242254
6.088 0.004897358454
6.09 0.004892289036
6.092 0.004887220071
6.094 0.004882156835
6.096 0.00487712856
6.098 0.004872103839
6.1 0.004867097578
6.102 0.004862114883
6.104 0.004857160585
6.106 0.004852208219
6.108 0.004847308694
6.11 0.00484245364
6.112 0.004837646374
6.114 0.00483288986
6.116 0.00482818672
6.118 0.004823539175
6.12 0.004818949031
6.122 0.004814417613
6.124 0.004809945932
6.126 0.004805535642
6.128 0.004801186711
6.13 0.004796899027
6.132 0.004792754708
6.134 0.004788644557
6.136 0.004784758272
6.138 0.004780869166
6.14 0.004777031164
6.142 0.004773242024
6.144 0.004769559385
6.146 0.00476587964
6.148 0.004762250463
6.15 0.004758662182
6.152 0.00475511223
6.154 0.00475159821
6.156 0.004748117937
6.158 0.004744668992
6.16 0.004741249291
6.162 0.004737856397
6.164 0.004734489322
6.166 0.004731146417
6.168 0.004727826354
6.17 0.004724528232
6.172 0.004721250944
6.174 0.004718041022
6.176 0.004714892609
6.178 0.004711800341
6.18 0.004708763017
6.182 0.004705779915
6.184 0.004702850204
6.186 0.004699972709
6.188 0.004697146996
6.19 0.004694372644
6.192 0.004691613176
6.194 0.004688841604
6.196 0.004686102626
6.198 0.004683336405
6.2 0.004680625161
6.202 0.004677948348
6.204 0.004675306375
6.206 0.004672685643
6.208 0.004670045181
6.21 0.00466740293
6.212 0.004664761129
6.214 0.004662122165
6.216 0.004659488545
6.218 0.004656862842
6.22 0.004654247681
6.222 0.004651645749
6.224 0.004649059569
6.226 0.004646491728
6.228 0.004643945433
6.23 0.004641422061
6.232 0.004638924177
6.234 0.004636453781
6.236 0.004634012827
6.238 0.004631602961
6.24 0.004629226131
6.242 0.004626884334
6.244 0.004624578874
6.246 0.004622310065
6.248 0.004620080586
6.25 0.004617890862
6.252 0.004615741437
6.254 0.004613633558
6.256 0.004611567648
6.258 0.004609544155
6.26 0.004607583832
6.262 0.004605658687
6.264 0.004603774833
6.266 0.004601932141
6.268 0.004600130573
6.27 0.004598369963
6.272 0.004596650167
6.274 0.004594971056
6.276 0.004593332506
6.278 0.004591732384
6.28 0.004590161056
6.282 0.00458862271
6.284 0.004587117628
6.286 0.004585646226
6.288 0.00458420899
6.29 0.004582805602
6.292 0.004581436511
6.294 0.004580102165
6.296 0.004578803082
6.298 0.004577539446
6.3 0.004576311882
6.302 0.004575120627
6.304 0.004573966441
6.306 0.004572849952
6.308 0.004571772148
6.31 0.004570733585
6.312 0.004569734995
6.314 0.004568774688
6.316 0.00456785702
6.318 0.004566981799
6.32 0.004566149847
6.322 0.004565362187
6.324 0.004564619455
6.326 0.004563909694
6.328 0.004563250651
6.33 0.004562639118
6.332 0.004562075966
6.334 0.004561562112
6.336 0.004561098467
6.338 0.004560685927
6.34 0.004560325421
6.342 0.004560017856
6.344 0.00455976414
6.346 0.00455956539
6.348 0.004559422524
6.35 0.004559360949
6.352 0.004559486788
6.354 0.004559784338
6.356 0.004560271954
6.358 0.004560936135
6.36 0.004561770865
6.362 0.004562770766
6.364 0.004563930744
6.366 0.004565246072
6.368 0.004566712282
6.37 0.00456832527
6.372 0.004570081139
6.374 0.004571976263
6.376 0.004574007224
6.378 0.004576170971
6.38 0.004578464369
6.382 0.004580901483
6.384 0.004583457301
6.386 0.004586134131
6.388 0.004588929957
6.39 0.004591842814
6.392 0.004594871129
6.394 0.004598010452
6.396 0.004601263508
6.398 0.004604625086
6.4 0.004608093655
6.402 0.004611667884
6.404 0.004615345733
6.406 0.004619126249
6.408 0.004623008411
6.41 0.004626991291
6.412 0.004631074048
6.414 0.004635243287
6.416 0.004639405883
6.418 0.00464365074
6.42 0.004647981005
6.422 0.004652530056
6.424 0.004657123501
6.426 0.004661804579
6.428 0.004666573984
6.43 0.004671432218
6.432 0.004676376072
6.434 0.004681407216
6.436 0.004686524724
6.438 0.004691729442
6.44 0.004697022008
6.442 0.00470240494
6.444 0.004707885499
6.446 0.004713462381
6.448 0.004719136674
6.45 0.004724908736
6.452 0.00473077909
6.454 0.004736743102
6.456 0.004742803889
6.458 0.004748951351
6.46 0.004755206313
6.462 0.004761493609
6.464 0.004767847872
6.466 0.004773087353
6.468 0.004778786157
6.47 0.004784553762
6.472 0.004790406457
6.474 0.004796346048
6.476 0.004802377114
6.478 0.004808519533
6.48 0.004814771658
6.482 0.004821141201
6.484 0.004827634214
6.486 0.004834255383
6.488 0.004841009105
6.49 0.004847874013
6.492 0.004854863654
6.494 0.004861970196
6.496 0.004869194963
6.498 0.004876539491
6.5 0.004884004207
6.502 0.004891589448
6.504 0.004899294631
6.506 0.004907121833
6.508 0.004915071402
6.51 0.004923155411
6.512 0.00493135641
6.514 0.004939678633
6.516 0.004948121741
6.518 0.004956680176
6.52 0.004965353387
6.522 0.004974150051
6.524 0.004983063997
6.526 0.004992096035
6.528 0.00500124605
6.53 0.005010513982
6.532 0.005019899875
6.534 0.005029403873
6.536 0.005039026301
6.538 0.005048767631
6.54 0.005058627904
6.542 0.005068607548
6.544 0.005078721885
6.546 0.00508895207
6.548 0.005099306391
6.55 0.005109785155
6.552 0.005120389817
6.554 0.005131121011
6.556 0.005141790737
6.558 0.005152681264
6.56 0.005163724936
6.562 0.005174909368
6.564 0.005186234309
6.566 0.005197714109
6.568 0.005209341732
6.57 0.005221117858
6.572 0.005233042902
6.574 0.005245114915
6.576 0.005257329415
6.578 0.00526968765
6.58 0.005282188906
6.582 0.005295071499
6.584 0.005308033917
6.586 0.005321145329
6.588 0.005334404942
6.59 0.005347808497
6.592 0.005361350655
6.594 0.00537503362
6.596 0.005388810796
6.598 0.005402933933
6.6 0.005417109243
6.602 0.005431418701
6.604 0.005445863448
6.606 0.005460444535
6.608 0.005475319927
6.61 0.005490293749
6.612 0.005504086537
6.614 0.005517994429
6.616 0.00553205278
6.618 0.005546370175
6.62 0.005561743579
6.622 0.005577264455
6.624 0.005592938499
6.626 0.005608767511
6.628 0.005624753703
6.63 0.005584293997
6.632 0.0056197192
6.634 0.005646733969
6.636 0.005674087041
6.638 0.005700430674
6.64 0.005726042868
6.642 0.005750925934
6.644 0.00577512911
6.646 0.005798693665
6.648 0.005821744281
6.65 0.005844214606
6.652 0.005866172227
6.654 0.005887665099
6.656 0.005908735925
6.658 0.005929430206
6.66 0.005949793229
6.662 0.005969870934
6.664 0.005989709757
6.666 0.006009356629
6.668 0.006028852368
6.67 0.006048248825
6.672 0.006067594084
6.674 0.006086934302
6.676 0.006106314288
6.678 0.0061257797
6.68 0.006145373264
6.682 0.006165136896
6.684 0.006185110165
6.686 0.006205327446
6.688 0.00622582412
6.69 0.006246632284
6.692 0.006267780093
6.694 0.006289292592
6.696 0.006311191592
6.698 0.006333494598
6.7 0.00635621543
6.702 0.006379364284
6.704 0.006402947766
6.706 0.006426966515
6.708 0.006451418183
6.71 0.00647629973
6.712 0.006501608852
6.714 0.006527331442
6.716 0.006553458095
6.718 0.006579976105
6.72 0.00660687066
6.722 0.006634132051
6.724 0.006661737935
6.726 0.00668967306
6.728 0.006717687699
6.73 0.006746081214
6.732 0.006774754711
6.734 0.006803699674
6.736 0.006832900978
6.738 0.006862346235
6.74 0.006892026583
6.742 0.006921928712
6.744 0.006952045108
6.746 0.006982370456
6.748 0.007012899862
6.75 0.007043647172
6.752 0.007074619775
6.754 0.007105765816
6.756 0.007137119221
6.758 0.007168680761
6.76 0.007200455618
6.762 0.007232448253
6.764 0.007264656181
6.766 0.00729709314
6.768 0.007329769625
6.77 0.007362700368
6.772 0.007395899764
6.774 0.007429392189
6.776 0.007463177577
6.778 0.007497269958
6.78 0.007531707327
6.782 0.007566489226
6.784 0.007601633395
6.786 0.00763715243
6.788 0.007673628882
6.79 0.007710475567
6.792 0.007747670932
6.794 0.007785291129
6.796 0.007823376847
6.798 0.007861915331
6.8 0.007900920599
6.802 0.007940424554
6.804 0.00798061083
6.806 0.00802128894
6.808 0.008062501634
6.81 0.008104267825
6.812 0.008146594863
6.814 0.008189490445
6.816 0.008232961509
6.818 0.008277014316
6.82 0.008321655662
6.822 0.008366917624
6.824 0.008412765272
6.826 0.008459212772
6.828 0.008506265136
6.83 0.008553923837
6.832 0.008602193983
6.834 0.00865107995
6.836 0.008700584361
6.838 0.008750709483
6.84 0.008719524972
6.842 0.008759486922
6.844 0.008805909595
6.846 0.008852012231
6.848 0.008899800668
6.85 0.008948709258
6.852 0.008999086447
6.854 0.0090509935
6.856 0.009104582685
6.858 0.009159969454
6.86 0.009217291559
6.862 0.009276671417
6.864 0.009338230994
6.866 0.00940207961
6.868 0.009468327949
6.87 0.009537070891
6.872 0.009608390643
6.874 0.009682363985
6.876 0.009759033628
6.878 0.009838440905
6.88 0.00992055872
6.882 0.01000545917
6.884 0.01009311226
6.886 0.01018348705
6.888 0.01027653651
6.89 0.01037219484
6.892 0.01047038256
6.894 0.01057100094
6.896 0.01067394293
6.898 0.01077908346
6.9 0.01088628382
6.902 0.01099540415
6.904 0.01110631426
6.906 0.01121825558
6.908 0.01133189902
6.91 0.01144688188
6.912 0.01362513081
6.914 0.01434979584
6.916 0.01468028164
6.918 0.01502101201
6.92 0.01531497135
6.922 0.01557810957
6.924 0.01581388126
6.926 0.01602751738
6.928 0.0162432198
6.93 0.01644195847
6.932 0.01662399759
6.934 0.0167928185
6.936 0.01695139924
6.938 0.01710229461
6.94 0.01724770127
6.942 0.01738950339
6.944 0.0175294453
6.946 0.01766868821
6.948 0.01780875215
6.95 0.01795048387
6.952 0.01809484512
6.954 0.01824263055
6.956 0.01839447767
6.958 0.01854993637
6.96 0.01870981053
6.962 0.01887553214
6.964 0.01904719569
6.966 0.0192250946
6.968 0.0194094256
6.97 0.01960031186
6.972 0.01979778441
6.974 0.02000183764
6.976 0.02021243499
6.978 0.02043200917
6.98 0.02065935733
6.982 0.02089259573
6.984 0.02113100532
6.986 0.02137398637
6.988 0.02162243588
6.99 0.02187554222
6.992 0.02213323496
6.994 0.02239511879
6.996 0.02266069349
6.998 0.02292828748
7 0.02319920397
7.002 0.02347248064
7.004 0.02374797272
7.006 0.02402496628
7.008 0.02430369338
7.01 0.02458372785
7.012 0.02486493445
7.014 0.02514648671
7.016 0.0254292214
7.018 0.02571218513
7.02 0.02594640753
7.022 0.02623238344
7.024 0.02651751081
7.026 0.0268030812
7.028 0.02708894933
7.03 0.02737516183
7.032 0.02766179923
7.034 0.02794895845
7.036 0.02823676612
7.038 0.0285253694
7.04 0.02881491137
7.042 0.02910548889
7.044 0.02939745384
7.046 0.02969097415
7.048 0.02998628655
7.05 0.03028359145
7.052 0.03058134549
7.054 0.03088219307
7.056 0.03118574942
7.058 0.031492196
7.06 0.03180176702
7.062 0.03211466892
7.064 0.03243109723
7.066 0.03275123726
7.068 0.033076014
7.07 0.03340456707
7.072 0.03373729526
7.074 0.03407432812
7.076 0.03387786252
7.078 0.03426730443
7.08 0.0346427981
7.082 0.03502603689
7.084 0.03541455076
7.086 0.03580830074
7.088 0.03620693095
7.09 0.03660994438
7.092 0.03701701846
7.094 0.03742816101
7.096 0.03784535501
7.098 0.03826512521
7.1 0.03868703042
7.102 0.03911057253
7.104 0.03953520946
7.106 0.03996056034
7.108 0.04038616949
7.11 0.04081168131
7.112 0.04123674456
7.114 0.04166103789
7.116 0.04208335268
7.118 0.04250465984
7.12 0.04292452733
7.122 0.04334100018
7.124 0.04375656781
7.126 0.04417026928
7.128 0.04458366141
7.13 0.0449961918
7.132 0.04540644938
7.134 0.04581495609
7.136 0.04622192747
7.138 0.04662775409
7.14 0.04703243301
7.142 0.04743615024
7.144 0.04783907326
7.146 0.04824465723
7.148 0.04865082059
7.15 0.04905695187
7.152 0.04946355822
7.154 0.0498705273
7.156 0.05027810582
7.158 0.05068703736
7.16 0.05109575256
7.162 0.05150608191
7.164 0.05191779947
7.166 0.05233107732
7.168 0.05274601975
7.17 0.05316257278
7.172 0.05358097111
7.174 0.05399759254
7.176 0.05441092722
7.178 0.05481132533
7.18 0.0552157235
7.182 0.05561669065
7.184 0.05601412293
7.186 0.05640791569
7.188 0.05679788532
7.19 0.05680058536
7.192 0.05678385838
7.194 0.05675933853
7.196 0.05672684858
7.198 0.05668541028
7.2 0.05663616875
7.202 0.05657883859
7.204 0.05651326333
7.206 0.05643938418
7.208 0.0609011141
7.21 0.06125167954
7.212 0.061620454
7.214 0.06198176408
7.216 0.06234109976
7.218 0.06269623121
7.22 0.06304665206
7.222 0.0633916392
7.224 0.06373061287
7.226 0.06406286103
7.228 0.06438783053
7.23 0.06470483648
7.232 0.06501351883
7.234 0.06531346644
7.236 0.06552878646
7.238 0.06499286257
7.24 0.06444484933
7.242 0.0638897067
7.244 0.0633311125
7.246 0.06276447843
7.248 0.06254094706
7.25 0.06290007322
7.252 0.06325677739
7.254 0.06360536177
7.256 0.06394446194
7.258 0.06427825055
7.26 0.06460299838
7.262 0.06491742425
7.264 0.06522095234
7.266 0.0655126783
7.268 0.06579362077
7.27 0.0660631133
7.272 0.06632078578
7.274 0.06656653371
7.276 0.06695596739
7.278 0.06697302883
7.28 0.06697334503
7.282 0.06696046095
7.284 0.06693391336
7.286 0.06689415302
7.288 0.06684152962
7.29 0.06677638415
7.292 0.06669896581
7.294 0.06660959308
7.296 0.06650854702
7.298 0.0663961349
7.3 0.06627256985
7.302 0.06613832978
7.304 0.06598839191
7.306 0.06850187511
7.308 0.0674581367
7.31 0.06633072868
7.312 0.06515627731
7.314 0.06394394045
7.316 0.06269178524
7.318 0.06140086019
7.32 0.05962482465
7.322 0.05812156648
7.324 0.056751599
7.326 0.05525016485
7.328 0.05373242897
7.33 0.05219130625
7.332 0.05138997787
7.334 0.05056206726
7.336 0.04968206067
7.338 0.04875043212
7.34 0.04776593335
7.342 0.0467281907
7.344 0.04563748381
7.346 0.04449445281
7.348 0.04330045816
7.35 0.04205762874
7.352 0.04076869924
7.354 0.03943692665
7.356 0.03806237309
7.358 0.03659958031
7.36 0.03510762876
7.362 0.03359569769
7.364 0.04580682991
7.366 0.0435310724
7.368 0.04047325043
7.37 0.03744851579
7.372 0.03443139501
7.374 0.03161269336
7.376 0.0288803659
7.378 0.02633327862
7.38 0.02396041606
7.382 0.02204020759
7.384 0.02067426072
7.386 0.01995473832
7.388 0.01988191815
7.39 0.02047305393
7.392 0.02165340339
7.394 0.02331051469
7.396 0.02532804291
7.398 0.02759457286
7.4 0.03009809562
7.402 0.03269537784
7.404 0.0353428294
7.406 0.03812798854
7.408 0.04092139549
7.41 0.04371185763
7.412 0.04650223229
7.414 0.04926223177
7.416 0.05198058797
7.418 0.05464537658
7.42 0.05725404376
7.422 0.05975923455
7.424 0.06221126737
7.426 0.06459429951
7.428 0.06690700995
7.43 0.06914667474
7.432 0.0713162644
7.434 0.07341324913
7.436 0.07543514706
7.438 0.07738178347
7.44 0.07902574719
7.442 0.08066516966
7.444 0.08142814614
7.446 0.08190375935
7.448 0.08233593998
7.45 0.08269199119
7.452 0.082984378
7.454 0.0832233737
7.456 0.08341507979
7.458 0.0835903251
7.46 0.08387681467
7.462 0.0848965218
7.464 0.08605690354
7.466 0.08712996522
7.468 0.1668582017
7.47 0.1671877431
7.472 0.1695146583
7.474 0.1718630599
7.476 0.1706943972
7.478 0.1727407767
7.48 0.1727086614
7.482 0.1752226693
7.484 0.1782210261
7.486 0.1811635658
7.488 0.181807522
7.49 0.1819975857
7.492 0.1837550153
7.494 0.1855066775
7.496 0.3069744449
7.498 0.3117830055
7.5 0.3152388337
7.502 0.3180904985
7.504 0.3211133777
7.506 0.3236732598
7.508 0.3236158753
7.51 0.3241658616
7.512 0.3235088142
7.514 0.3206138128
7.516 0.3181304467
7.518 0.3151004804
7.52 0.312404179
7.522 0.309819436
7.524 0.306534838
7.526 0.3027178559
7.528 0.3046094987
7.53 0.2982928957
7.532 0.2916020082
7.534 0.2847084241
7.536 0.2778609598
7.538 0.2698751997
7.54 0.2617250462
7.542 0.2534595479
7.544 0.2452817812
7.546 0.2402034676
7.548 0.2318105303
7.55 0.2245695112
7.552 0.2178273893
7.554 0.2144131091
7.556 0.2079501494
7.558 0.2015630983
7.56 0.1952678004
7.562 0.1890739932
7.564 0.1830050404
7.566 0.1770680729
7.568 0.1701402902
7.57 0.1627881145
7.572 0.1557679126
7.574 0.1491844643
7.576 0.142787159
7.578 0.1228625721
7.58 0.1221712526
7.582 0.1212106082
7.584 0.1199706359
7.586 0.1187843007
7.588 0.1175285129
7.59 0.1161971004
7.592 0.1113199019
7.594 0.1092763232
7.596 0.1074203881
7.598 0.1091531672
7.6 0.1071431189
7.602 0.1051948554
7.604 0.1032512092
7.606 0.1013110753
7.608 0.09937212249
7.61 0.09743239669
7.612 0.09573873055
7.614 0.09767599769
7.616 0.09822035851
7.618 0.09713358872
7.62 0.09602740875
7.622 0.09487330752
7.624 0.09367911642
7.626 0.09244924333
7.628 0.09137065723
7.63 0.08883568715
7.632 0.08632011619
7.634 0.08462335968
7.636 0.08267242894
7.638 0.08074368813
7.64 0.07883596634
7.642 0.07695108352
7.644 0.07467747053
7.646 0.07293947261
7.648 0.07118868987
7.65 0.06947937898
7.652 0.06737554174
7.654 0.06544110457
7.656 0.06354446222
7.658 0.06169081278
7.66 0.05986541212
7.662 0.05806808685
7.664 0.05629633645
7.666 0.05458079319
7.668 0.05318927598
7.67 0.05179836811
7.672 0.05041175333
7.674 0.04933445948
7.676 0.04854860191
7.678 0.04777071166
7.68 0.04814960003
7.682 0.0473887598
7.684 0.04663603562
7.686 0.04589940951
7.688 0.04517221031
7.69 0.04354999627
7.692 0.0429218658
7.694 0.04227725966
7.696 0.04163907419
7.698 0.04100450004
7.7 0.04037259888
7.702 0.03974330996
7.704 0.03911618742
7.706 0.03849188008
7.708 0.03789987316
7.71 0.03729305459
7.712 0.0366837502
7.714 0.04202913428
7.716 0.04112232417
7.718 0.04033989266
7.72 0.03954682173
7.722 0.0387568077
7.724 0.03686720407
7.726 0.03583956461
7.728 0.03482777272
7.73 0.0338585328
7.732 0.03293092278
7.734 0.03203471904
7.736 0.03117007167
7.738 0.03033712747
7.74 0.02953612123
7.742 0.02876746315
7.744 0.02803163592
7.746 0.02732890078
7.748 0.0266586965
7.75 0.02602245418
7.752 0.02543484044
7.754 0.02488839998
7.756 0.02437412549
7.758 0.02389298582
7.76 0.02344810648
7.762 0.02304022647
7.764 0.02267053491
7.766 0.02234063165
7.768 0.02205505055
7.77 0.02181104072
7.772 0.02160983798
7.774 0.03039946605
7.776 0.02243083677
7.778 0.02239369758
7.78 0.02236287207
7.782 0.02230690952
7.784 0.02222858379
7.786 0.02212929374
7.788 0.02201448489
7.79 0.02188932823
7.792 0.02175886942
7.794 0.02162854821
7.796 0.02150350601
7.798 0.02139037211
7.8 0.02129437694
7.802 0.02122098086
7.804 0.02117542897
7.806 0.02116254776
7.808 0.02118664137
7.81 0.02125500382
7.812 0.02136795466
7.814 0.02153477908
7.816 0.02177660575
7.818 0.02206684502
7.82 0.02240598697
7.822 0.0227940335
7.824 0.02322428281
7.826 0.02370484295
7.828 0.02423209506
7.83 0.02480650089
7.832 0.0254251555
7.834 0.02608485026
7.836 0.02677279686
7.838 0.0274620387
7.84 0.02817900794
7.842 0.02892161683
7.844 0.02968775307
7.846 0.03047450396
7.848 0.0312816204
7.85 0.03210706413
7.852 0.03294936144
7.854 0.03380716246
7.856 0.03467967968
7.858 0.03556417628
7.86 0.03646128859
7.862 0.0375764555
7.864 0.03884895354
7.866 0.04014120402
7.868 0.041449491
7.87 0.0427725276
7.872 0.04411024485
7.874 0.04548379976
7.876 0.04657323196
7.878 0.0467727913
7.88 0.04695256636
7.882 0.04785771198
7.884 0.04790103098
7.886 0.04791435783
7.888 0.04790950786
7.89 0.0480183415
7.892 0.04852049303
7.894 0.04960407983
7.896 0.04998123155
7.898 0.0503495316
7.9 0.05069324974
7.902 0.05100463068
7.904 0.05128504746
7.906 0.04927772145
7.908 0.07551457738
7.91 0.1672012874
7.912 0.07136770095
7.914 0.1928501442
7.916 0.08665471838
7.918 0.2220719896
7.92 0.1041816153
7.922 0.06147527564
7.924 0.2719174868
7.926 0.1139345628
7.928 0.06737845536
7.93 0.0651866457
7.932 0.06067930307
7.934 0.3715508749
7.936 0.1197029579
7.938 0.06249310399
7.94 0.05955026043
7.942 0.05040112436
7.944 0.05095942581
7.946 0.05149473492
7.948 0.05189469213
7.95 0.05214069417
7.952 0.0522447159
7.954 0.05236773687
7.956 0.0524903327
7.958 0.05259392934
7.96 0.0526644452
7.962 0.0526863866
7.964 0.05266172001
7.966 0.05268526969
7.968 0.06359469528
7.97 0.06504598412
7.972 0.06659817551
7.974 0.0676070191
7.976 0.06773862202
7.978 0.06767786372
7.98 0.06746494715
7.982 0.06708944229
7.984 0.06654353584
7.986 0.06582294178
7.988 0.06475130616
7.99 0.06356365297
7.992 0.06220085705
7.994 0.06066829582
7.996 0.0589732531
7.998 0.05712539687
8 0.05513642462
8.002 0.05301715536
8.004 0.05078414713
8.006 0.04841038341
8.008 0.04597179458
8.01 0.04348286292
8.012 0.04096212626
8.014 0.03843005032
8.016 0.0359073087
8.018 0.03341453045
8.02 0.0309726031
8.022 0.02860548637
8.024 0.02635433795
8.026 0.02621434454
8.028 0.02612664906
8.03 0.02589786159
8.032 0.02552439889
8.034 0.02500595102
8.036 0.02434681058
8.038 0.02355555547
8.04 0.02264318668
8.042 0.02162603733
8.044 0.0205283664
8.046 0.01936844872
8.048 0.02063752038
8.05 0.02264964701
8.052 0.02498894464
8.054 0.02760741239
8.056 0.03054832415
8.058 0.03381665638
8.06 0.03743012588
8.062 0.0414064997
8.064 0.04577789505
8.066 0.05059757111
8.068 0.05587769847
8.07 0.06178956357
8.072 0.06822738504
8.074 0.07529304308
8.076 0.08306659885
8.078 0.09163996357
8.08 0.1011227378
8.082 0.1114726736
8.084 0.1227172477
8.086 0.1355790348
8.088 0.1500458862
8.09 0.1663909172
8.092 0.2127860252
8.094 0.2367135409
8.096 0.2639180751
8.098 0.295577805
8.1 0.3329562542
8.102 0.377722494
8.104 0.4322630889
8.106 0.5194186616
8.108 0.6143764213
8.11 0.7166200595
8.112 0.7826126317
8.114 0.9985498878
8.116 1.309084106
8.118 1.855048767
8.12 3.277576951
8.122 1.181178037
8.124 1.27005969
8.126 1.103535496
8.128 1.041006805
8.13 1.209925714
8.132 2.425600784
8.134 19.96089005
8.136 3.780089842
8.138 5.029642617
8.14 4.218792628
8.142 2.953838256
8.144 2.596011195
8.146 3.000474977
8.148 2.558857729
8.15 2.171913861
8.152 1.848444256
8.154 1.646755059
8.156 1.380210687
8.158 1.413316858
8.16 1.56391817
8.162 1.439025582
8.164 1.422837257
8.166 1.401613884
8.168 1.363717472
8.17 1.359233067
8.172 1.403949589
8.174 1.467249655
8.176 1.407268019
8.178 1.364968903
8.18 1.392842053
8.182 1.39409628
8.184 1.405110287
8.186 1.440047607
8.188 1.454624631
8.19 1.472244463
8.192 1.485016584
8.194 1.497417105
8.196 1.558538635
8.198 1.621145223
8.2 1.673305824
8.202 1.739175661
8.204 1.803791184
8.206 1.859597229
8.208 1.929271669
8.21 1.940678858
8.212 1.995266159
8.214 2.057415967
8.216 2.162011444
8.218 2.260473262
8.22 2.375277807
8.222 2.500019757
8.224 2.658017894
8.226 2.934416149
8.228 3.140931231
8.23 3.414116575
8.232 3.614945466
8.234 3.139795852
8.236 3.434587181
8.238 3.577331535
8.24 3.831288167
8.242 4.359922509
8.244 5.491810356
8.246 7.989645475
8.248 14.90613064
8.25 30.31589528
8.252 5.245044046
8.254 8.114242824
8.256 6.309261309
8.258 5.911347611
8.26 5.23835701
8.262 5.470416251
8.264 5.635438799
8.266 4.84092529
8.268 4.460345959
8.27 12.94162504
8.272 4.166536469
8.274 5.263033697
8.276 9.19732367
8.278 8.707470347
8.28 5.246170185
8.282 5.463041225
8.284 5.610434704
