-0.984375	-7.933631e-06
-0.953125	-2.398484e-05
-0.921875	-4.060782e-05
-0.890625	-5.80507e-05
-0.859375	-7.57724e-05
-0.828125	-9.023362e-05
-0.796875	-9.097348e-05
-0.765625	-7.957624e-05
-0.734375	-0.0005542436
-0.703125	-0.0005198914
-0.671875	-0.0004986815
-0.640625	-0.0004850236
-0.609375	-0.0004721826
-0.578125	-0.000458021
-0.546875	-0.0004421236
-0.515625	-0.0004245627
-0.484375	-0.0004055223
-0.453125	-0.0003851935
-0.421875	-0.0003637531
-0.390625	-0.0003413615
-0.359375	-0.0003181648
-0.328125	-0.0002942951
-0.296875	-0.0002698705
-0.265625	-0.0002449943
-0.234375	-0.0002197542
-0.203125	-0.0001942232
-0.171875	-0.0001684601
-0.140625	-0.000142511
-0.109375	-0.0001164112
-0.078125	-9.018695e-05
-0.046875	-6.385714e-05
-0.015625	-3.743506e-05
0.015625	-1.092953e-05
0.046875	1.565345e-05
0.078125	4.231017e-05
0.109375	6.903801e-05
0.140625	9.583515e-05
0.171875	0.0001226998
0.203125	0.00014963
0.234375	0.0001766233
0.265625	0.0002036767
0.296875	0.0002307863
0.328125	0.0002579477
0.359375	0.0002851557
0.390625	0.0003124051
0.421875	0.000339691
0.453125	0.0003670098
0.484375	0.0003943602
0.515625	0.000421745
0.546875	0.0004491737
0.578125	0.0004766639
0.609375	0.0005042385
0.640625	0.0005319022
0.671875	0.0005595577
0.703125	0.0005868436
0.734375	0.000613274
0.765625	0.0003476281
0.796875	2.775428e-05
0.828125	-2.209372e-06
0.859375	-1.645321e-06
0.890625	-1.143446e-06
0.921875	-6.96577e-07
0.953125	-3.655903e-07
0.984375	-1.153802e-07
