-0.96875	-1.514614e-07
-0.90625	-1.388478e-06
-0.84375	-5.898713e-06
-0.78125	-7.95091e-06
-0.71875	-0.000624328
-0.65625	-0.0005607794
-0.59375	-0.0004996497
-0.53125	-0.0004457964
-0.46875	-0.0003947587
-0.40625	-0.0003439821
-0.34375	-0.0002926874
-0.28125	-0.0002408404
-0.21875	-0.0001886043
-0.15625	-0.0001361417
-0.09375	-8.356029e-05
-0.03125	-3.090982e-05
0.03125	2.181082e-05
0.09375	7.463198e-05
0.15625	0.000127593
0.21875	0.0001807156
0.28125	0.000233986
0.34375	0.0002873364
0.40625	0.0003406423
0.46875	0.0003937319
0.53125	0.0004464338
0.59375	0.000498694
0.65625	0.0005507344
0.71875	0.0006016124
0.78125	0.0002007571
0.84375	-9.06803e-06
0.90625	-5.719499e-06
0.96875	-1.989113e-06
