-0.984375	-3.489983e-07
-0.953125	-1.062298e-06
-0.921875	-1.847713e-06
-0.890625	-2.715808e-06
-0.859375	-3.430894e-06
-0.828125	-2.882298e-06
-0.796875	1.615877e-06
-0.765625	5.2287e-06
-0.734375	-0.0006438458
-0.703125	-0.0006132238
-0.671875	-0.0005815869
-0.640625	-0.0005524517
-0.609375	-0.0005247535
-0.578125	-0.0004977367
-0.546875	-0.0004709791
-0.515625	-0.0004442609
-0.484375	-0.0004174814
-0.453125	-0.0003906056
-0.421875	-0.0003636349
-0.390625	-0.00033659
-0.359375	-0.000309502
-0.328125	-0.0002824057
-0.296875	-0.0002553351
-0.265625	-0.0002283199
-0.234375	-0.0002013835
-0.203125	-0.000174542
-0.171875	-0.0001478042
-0.140625	-0.0001211727
-0.109375	-9.464402e-05
-0.078125	-6.821081e-05
-0.046875	-4.186231e-05
-0.015625	-1.558597e-05
0.015625	1.063194e-05
0.046875	3.680513e-05
0.078125	6.294705e-05
0.109375	8.906998e-05
0.140625	0.0001151851
0.171875	0.0001413017
0.203125	0.0001674278
0.234375	0.0001935692
0.265625	0.0002197302
0.296875	0.000245913
0.328125	0.0002721186
0.359375	0.0002983465
0.390625	0.0003245955
0.421875	0.0003508639
0.453125	0.000377151
0.484375	0.000403458
0.515625	0.0004297899
0.546875	0.0004561576
0.578125	0.0004825805
0.609375	0.0005090827
0.640625	0.00053567
0.671875	0.0005622462
0.703125	0.0005884516
0.734375	0.0006138019
0.765625	0.0003476209
0.796875	2.774971e-05
0.828125	-2.209242e-06
0.859375	-1.645284e-06
0.890625	-1.143452e-06
0.921875	-6.96574e-07
0.953125	-3.655814e-07
0.984375	-1.15375e-07
