-0.9921875	2.912503e-08
-0.9765625	8.848432e-08
-0.9609375	1.513856e-07
-0.9453125	2.201253e-07
-0.9296875	2.966892e-07
-0.9140625	3.823077e-07
-0.8984375	4.766871e-07
-0.8828125	5.764715e-07
-0.8671875	6.729136e-07
-0.8515625	7.482973e-07
-0.8359375	7.720572e-07
-0.8203125	6.991488e-07
-0.8046875	4.869171e-07
-0.7890625	2.416451e-07
-0.7734375	-0.00010515
-0.7578125	-0.0004154864
-0.7421875	-0.0006190083
-0.7265625	-0.0006070953
-0.7109375	-0.0005948699
-0.6953125	-0.000582332
-0.6796875	-0.0005695778
-0.6640625	-0.0005566935
-0.6484375	-0.0005437371
-0.6328125	-0.0005307409
-0.6171875	-0.0005177206
-0.6015625	-0.0005046821
-0.5859375	-0.0004916275
-0.5703125	-0.0004785572
-0.5546875	-0.0004654714
-0.5390625	-0.0004523706
-0.5234375	-0.0004392558
-0.5078125	-0.0004261282
-0.4921875	-0.0004129895
-0.4765625	-0.0003998414
-0.4609375	-0.0003866857
-0.4453125	-0.0003735242
-0.4296875	-0.0003603588
-0.4140625	-0.000347191
-0.3984375	-0.0003340224
-0.3828125	-0.0003208547
-0.3671875	-0.0003076889
-0.3515625	-0.0002945265
-0.3359375	-0.0002813684
-0.3203125	-0.0002682154
-0.3046875	-0.0002550684
-0.2890625	-0.000241928
-0.2734375	-0.0002287947
-0.2578125	-0.0002156688
-0.2421875	-0.0002025504
-0.2265625	-0.0001894399
-0.2109375	-0.0001763371
-0.1953125	-0.0001632419
-0.1796875	-0.0001501542
-0.1640625	-0.0001370736
-0.1484375	-0.0001239998
-0.1328125	-0.0001109324
-0.1171875	-9.787074e-05
-0.1015625	-8.481439e-05
-0.0859375	-7.176266e-05
-0.0703125	-5.871492e-05
-0.0546875	-4.567041e-05
-0.0390625	-3.262845e-05
-0.0234375	-1.958823e-05
-0.0078125	-6.549012e-06
0.0078125	6.49004e-06
0.0234375	1.952966e-05
0.0390625	3.25707e-05
0.0546875	4.561387e-05
0.0703125	5.866e-05
0.0859375	7.170974e-05
0.1015625	8.476388e-05
0.1171875	9.782301e-05
0.1328125	0.0001108878
0.1484375	0.0001239588
0.1640625	0.0001370365
0.1796875	0.0001501213
0.1953125	0.0001632137
0.2109375	0.0001763139
0.2265625	0.0001894221
0.2421875	0.0002025383
0.2578125	0.0002156627
0.2734375	0.000228795
0.2890625	0.0002419351
0.3046875	0.0002550826
0.3203125	0.0002682371
0.3359375	0.0002813978
0.3515625	0.0002945642
0.3671875	0.0003077352
0.3828125	0.0003209099
0.3984375	0.000334087
0.4140625	0.0003472653
0.4296875	0.0003604431
0.4453125	0.000373619
0.4609375	0.000386791
0.4765625	0.0003999574
0.4921875	0.0004131161
0.5078125	0.000426265
0.5234375	0.000439402
0.5390625	0.000452525
0.5546875	0.0004656317
0.5703125	0.0004787203
0.5859375	0.0004917889
0.6015625	0.0005048359
0.6171875	0.0005178595
0.6328125	0.000530857
0.6484375	0.0005438229
0.6640625	0.0005567442
0.6796875	0.0005695933
0.6953125	0.0005823187
0.7109375	0.0005948424
0.7265625	0.0006070815
0.7421875	0.0006189278
0.7578125	0.0004147727
0.7734375	0.0001042314
0.7890625	-2.408171e-07
0.8046875	-4.793357e-07
0.8203125	-6.843087e-07
0.8359375	-7.536245e-07
0.8515625	-7.287099e-07
0.8671875	-6.536671e-07
0.8828125	-5.58536e-07
0.8984375	-4.606279e-07
0.9140625	-3.684763e-07
0.9296875	-2.852544e-07
0.9453125	-2.111903e-07
0.9609375	-1.449843e-07
0.9765625	-8.46407e-08
0.9921875	-2.784337e-08
