-0.96875	-2.684189e-06
-0.90625	-1.136908e-05
-0.84375	-5.435558e-05
-0.78125	-0.0002662017
-0.71875	0.0002941492
-0.65625	0.0002920492
-0.59375	0.0003088485
-0.53125	0.0003204143
-0.46875	0.0003287789
-0.40625	0.0003364196
-0.34375	0.0003442301
-0.28125	0.0003523844
-0.21875	0.0003608434
-0.15625	0.0003695256
-0.09375	0.0003783519
-0.03125	0.0003872511
0.03125	0.0003961588
0.09375	0.000405013
0.15625	0.0004137498
0.21875	0.0004222991
0.28125	0.0004305775
0.34375	0.000438491
0.40625	0.0004459702
0.46875	0.0004531496
0.53125	0.0004608752
0.59375	0.0004714246
0.65625	0.0004847125
0.71875	0.0004594515
0.78125	0.0003252402
0.84375	6.606796e-05
0.90625	1.348424e-05
0.96875	3.286398e-06
