-0.96875	-2.279291e-05
-0.90625	-7.213555e-05
-0.84375	-0.0001347235
-0.78125	-0.000207965
-0.71875	-0.0003983982
-0.65625	-0.0003909947
-0.59375	-0.0003808794
-0.53125	-0.0003681779
-0.46875	-0.0003490165
-0.40625	-0.0003232888
-0.34375	-0.000292052
-0.28125	-0.0002563079
-0.21875	-0.0002168113
-0.15625	-0.0001741324
-0.09375	-0.0001287189
-0.03125	-8.092485e-05
0.03125	-3.102535e-05
0.09375	2.076483e-05
0.15625	7.42674e-05
0.21875	0.0001293137
0.28125	0.000185719
0.34375	0.0002432597
0.40625	0.0003016644
0.46875	0.0003606277
0.53125	0.0004198602
0.59375	0.0004792054
0.65625	0.0005387831
0.71875	0.0005976197
0.78125	0.0002027258
0.84375	-8.98084e-06
0.90625	-5.595307e-06
0.96875	-1.937055e-06
