-0.9921875	-1.39367e-08
-0.9765625	-4.019478e-08
-0.9609375	-6.533966e-08
-0.9453125	-8.298669e-08
-0.9296875	-9.420315e-08
-0.9140625	-9.133897e-08
-0.8984375	-7.414904e-08
-0.8828125	-3.458566e-08
-0.8671875	2.650088e-08
-0.8515625	1.168721e-07
-0.8359375	2.551238e-07
-0.8203125	6.164495e-07
-0.8046875	2.139735e-06
-0.7890625	9.443208e-06
-0.7734375	0.0009562446
-0.7578125	0.0009725265
-0.7421875	5.668849e-05
-0.7265625	5.725849e-05
-0.7109375	5.626426e-05
-0.6953125	5.587905e-05
-0.6796875	5.5851e-05
-0.6640625	5.5942e-05
-0.6484375	5.60502e-05
-0.6328125	5.614536e-05
-0.6171875	5.622122e-05
-0.6015625	5.628085e-05
-0.5859375	5.632607e-05
-0.5703125	5.636132e-05
-0.5546875	5.638708e-05
-0.5390625	5.640684e-05
-0.5234375	5.641972e-05
-0.5078125	5.642865e-05
-0.4921875	5.643231e-05
-0.4765625	5.643347e-05
-0.4609375	5.643037e-05
-0.4453125	5.642565e-05
-0.4296875	5.641748e-05
-0.4140625	5.64085e-05
-0.3984375	5.639659e-05
-0.3828125	5.638428e-05
-0.3671875	5.636951e-05
-0.3515625	5.635475e-05
-0.3359375	5.633778e-05
-0.3203125	5.632098e-05
-0.3046875	5.630222e-05
-0.2890625	5.628386e-05
-0.2734375	5.626366e-05
-0.2578125	5.624391e-05
-0.2421875	5.622248e-05
-0.2265625	5.620168e-05
-0.2109375	5.617924e-05
-0.1953125	5.615745e-05
-0.1796875	5.613416e-05
-0.1640625	5.611165e-05
-0.1484375	5.608767e-05
-0.1328125	5.606448e-05
-0.1171875	5.603994e-05
-0.1015625	5.601632e-05
-0.0859375	5.599136e-05
-0.0703125	5.596733e-05
-0.0546875	5.594207e-05
-0.0390625	5.591786e-05
-0.0234375	5.589242e-05
-0.0078125	5.586805e-05
0.0078125	5.584255e-05
0.0234375	5.581825e-05
0.0390625	5.57928e-05
0.0546875	5.576858e-05
0.0703125	5.574331e-05
0.0859375	5.57194e-05
0.1015625	5.569442e-05
0.1171875	5.567083e-05
0.1328125	5.564627e-05
0.1484375	5.562325e-05
0.1640625	5.559922e-05
0.1796875	5.557677e-05
0.1953125	5.555342e-05
0.2109375	5.553179e-05
0.2265625	5.550923e-05
0.2421875	5.548844e-05
0.2578125	5.54668e-05
0.2734375	5.54471e-05
0.2890625	5.542649e-05
0.3046875	5.540787e-05
0.3203125	5.538842e-05
0.3359375	5.537113e-05
0.3515625	5.535294e-05
0.3671875	5.533695e-05
0.3828125	5.532014e-05
0.3984375	5.530572e-05
0.4140625	5.52904e-05
0.4296875	5.527755e-05
0.4453125	5.52639e-05
0.4609375	5.525299e-05
0.4765625	5.524126e-05
0.4921875	5.523255e-05
0.5078125	5.522332e-05
0.5234375	5.521786e-05
0.5390625	5.521241e-05
0.5546875	5.52121e-05
0.5703125	5.52137e-05
0.5859375	5.522409e-05
0.6015625	5.524108e-05
0.6171875	5.52742e-05
0.6328125	5.532357e-05
0.6484375	5.539921e-05
0.6640625	5.549296e-05
0.6796875	5.558509e-05
0.6953125	5.558569e-05
0.7109375	5.526859e-05
0.7265625	5.400686e-05
0.7421875	5.049882e-05
0.7578125	-0.0009145666
0.7734375	-0.0009038018
0.7890625	-1.02673e-05
0.8046875	-2.49283e-06
0.8203125	-8.404714e-07
0.8359375	-4.33336e-07
0.8515625	-2.696666e-07
0.8671875	-1.597935e-07
0.8828125	-7.970703e-08
0.8984375	-2.272932e-08
0.9140625	1.092312e-08
0.9296875	2.911323e-08
0.9453125	3.303944e-08
0.9609375	2.979422e-08
0.9765625	1.907407e-08
0.9921875	6.8102e-09
