-0.9921875	-6.326649e-08
-0.9765625	-1.921006e-07
-0.9609375	-3.221499e-07
-0.9453125	-4.558617e-07
-0.9296875	-5.930817e-07
-0.9140625	-7.361233e-07
-0.8984375	-8.858508e-07
-0.8828125	-1.042739e-06
-0.8671875	-1.207524e-06
-0.8515625	-1.388064e-06
-0.8359375	-1.623518e-06
-0.8203125	-2.15066e-06
-0.8046875	-4.075178e-06
-0.7890625	-1.21055e-05
-0.7734375	-0.103652
-0.7578125	-0.1036119
-0.7421875	-1.011859e-05
-0.7265625	-8.326753e-06
-0.7109375	-9.06147e-06
-0.6953125	-9.252828e-06
-0.6796875	-9.063546e-06
-0.6640625	-8.740379e-06
-0.6484375	-8.406203e-06
-0.6328125	-8.100684e-06
-0.6171875	-7.835281e-06
-0.6015625	-7.608975e-06
-0.5859375	-7.421735e-06
-0.5703125	-7.270649e-06
-0.5546875	-7.154782e-06
-0.5390625	-7.070921e-06
-0.5234375	-7.018018e-06
-0.5078125	-6.992546e-06
-0.4921875	-6.993432e-06
-0.4765625	-7.016939e-06
-0.4609375	-7.062111e-06
-0.4453125	-7.12516e-06
-0.4296875	-7.205212e-06
-0.4140625	-7.298533e-06
-0.3984375	-7.404581e-06
-0.3828125	-7.519802e-06
-0.3671875	-7.643846e-06
-0.3515625	-7.773388e-06
-0.3359375	-7.908462e-06
-0.3203125	-8.046018e-06
-0.3046875	-8.18632e-06
-0.2890625	-8.326599e-06
-0.2734375	-8.467507e-06
-0.2578125	-8.606567e-06
-0.2421875	-8.744639e-06
-0.2265625	-8.879512e-06
-0.2109375	-9.012391e-06
-0.1953125	-9.14133e-06
-0.1796875	-9.267669e-06
-0.1640625	-9.3897e-06
-0.1484375	-9.509027e-06
-0.1328125	-9.624149e-06
-0.1171875	-9.736748e-06
-0.1015625	-9.845485e-06
-0.0859375	-9.952242e-06
-0.0703125	-1.005581e-05
-0.0546875	-1.015808e-05
-0.0390625	-1.025794e-05
-0.0234375	-1.035742e-05
-0.0078125	-1.045544e-05
0.0078125	-1.055399e-05
0.0234375	-1.065203e-05
0.0390625	-1.07516e-05
0.0546875	-1.085163e-05
0.0703125	-1.095407e-05
0.0859375	-1.10578e-05
0.1015625	-1.116476e-05
0.1171875	-1.127375e-05
0.1328125	-1.138656e-05
0.1484375	-1.150183e-05
0.1640625	-1.162132e-05
0.1796875	-1.17435e-05
0.1953125	-1.186991e-05
0.2109375	-1.199881e-05
0.2265625	-1.213163e-05
0.2421875	-1.226642e-05
0.2578125	-1.24043e-05
0.2734375	-1.254307e-05
0.2890625	-1.268369e-05
0.3046875	-1.28237e-05
0.3203125	-1.296372e-05
0.3359375	-1.310101e-05
0.3515625	-1.323602e-05
0.3671875	-1.336573e-05
0.3828125	-1.349025e-05
0.3984375	-1.360637e-05
0.4140625	-1.371402e-05
0.4296875	-1.380982e-05
0.4453125	-1.38934e-05
0.4609375	-1.396134e-05
0.4765625	-1.401318e-05
0.4921875	-1.404546e-05
0.5078125	-1.405758e-05
0.5234375	-1.404615e-05
0.5390625	-1.401055e-05
0.5546875	-1.394735e-05
0.5703125	-1.385569e-05
0.5859375	-1.373167e-05
0.6015625	-1.357371e-05
0.6171875	-1.337704e-05
0.6328125	-1.313852e-05
0.6484375	-1.285421e-05
0.6640625	-1.25287e-05
0.6796875	-1.218495e-05
0.6953125	-1.190446e-05
0.7109375	-1.188651e-05
0.7265625	-1.259425e-05
0.7421875	-1.471891e-05
0.7578125	0.1034239
0.7734375	0.1034552
0.7890625	1.343984e-05
0.8046875	4.38962e-06
0.8203125	2.205374e-06
0.8359375	1.614507e-06
0.8515625	1.372827e-06
0.8671875	1.195168e-06
0.8828125	1.032017e-06
0.8984375	8.770233e-07
0.9140625	7.297937e-07
0.9296875	5.883048e-07
0.9453125	4.525155e-07
0.9609375	3.201851e-07
0.9765625	1.909467e-07
0.9921875	6.289401e-08
