-0.9921875	1.282105e-07
-0.9765625	3.894545e-07
-0.9609375	6.65957e-07
-0.9453125	9.678406e-07
-0.9296875	1.304436e-06
-0.9140625	1.683179e-06
-0.8984375	2.107298e-06
-0.8828125	2.571319e-06
-0.8671875	3.05272e-06
-0.8515625	3.496991e-06
-0.8359375	3.792226e-06
-0.8203125	3.73066e-06
-0.8046875	2.976641e-06
-0.7890625	1.200118e-06
-0.7734375	-7.23113e-07
-0.7578125	-0.000204678
-0.7421875	-0.0006190131
-0.7265625	-0.0006093952
-0.7109375	-0.0005983981
-0.6953125	-0.000586743
-0.6796875	-0.0005747159
-0.6640625	-0.00056245
-0.6484375	-0.00055002
-0.6328125	-0.0005374659
-0.6171875	-0.0005248059
-0.6015625	-0.0005120468
-0.5859375	-0.0004991917
-0.5703125	-0.0004862431
-0.5546875	-0.0004732052
-0.5390625	-0.0004600833
-0.5234375	-0.0004468845
-0.5078125	-0.0004336169
-0.4921875	-0.0004202888
-0.4765625	-0.0004069092
-0.4609375	-0.0003934867
-0.4453125	-0.0003800296
-0.4296875	-0.000366546
-0.4140625	-0.0003530432
-0.3984375	-0.0003395282
-0.3828125	-0.0003260071
-0.3671875	-0.0003124854
-0.3515625	-0.0002989681
-0.3359375	-0.0002854594
-0.3203125	-0.0002719631
-0.3046875	-0.0002584821
-0.2890625	-0.0002450192
-0.2734375	-0.0002315763
-0.2578125	-0.000218155
-0.2421875	-0.0002047566
-0.2265625	-0.0001913818
-0.2109375	-0.0001780312
-0.1953125	-0.0001647048
-0.1796875	-0.0001514025
-0.1640625	-0.000138124
-0.1484375	-0.0001248687
-0.1328125	-0.000111636
-0.1171875	-9.842482e-05
-0.1015625	-8.52343e-05
-0.0859375	-7.206327e-05
-0.0703125	-5.891061e-05
-0.0546875	-4.577503e-05
-0.0390625	-3.265531e-05
-0.0234375	-1.955009e-05
-0.0078125	-6.458132e-06
0.0078125	6.621941e-06
0.0234375	1.969137e-05
0.0390625	3.275147e-05
0.0546875	4.580345e-05
0.0703125	5.884855e-05
0.0859375	7.188789e-05
0.1015625	8.492263e-05
0.1171875	9.795378e-05
0.1328125	0.0001109824
0.1484375	0.0001240093
0.1640625	0.0001370355
0.1796875	0.0001500617
0.1953125	0.0001630887
0.2109375	0.0001761171
0.2265625	0.0001891477
0.2421875	0.0002021808
0.2578125	0.0002152169
0.2734375	0.0002282566
0.2890625	0.0002413
0.3046875	0.0002543476
0.3203125	0.0002673994
0.3359375	0.0002804557
0.3515625	0.0002935165
0.3671875	0.0003065819
0.3828125	0.0003196519
0.3984375	0.0003327263
0.4140625	0.0003458051
0.4296875	0.0003588881
0.4453125	0.000371975
0.4609375	0.0003850657
0.4765625	0.0003981599
0.4921875	0.0004112571
0.5078125	0.0004243571
0.5234375	0.0004374595
0.5390625	0.000450564
0.5546875	0.0004636702
0.5703125	0.0004767778
0.5859375	0.0004898865
0.6015625	0.000502996
0.6171875	0.0005161053
0.6328125	0.0005292124
0.6484375	0.0005423117
0.6640625	0.0005553906
0.6796875	0.0005684215
0.6953125	0.0005813532
0.7109375	0.0005941075
0.7265625	0.0006065986
0.7421875	0.0006187254
0.7578125	0.0004299414
0.7734375	0.0001659096
0.7890625	1.803134e-05
0.8046875	-1.526494e-07
0.8203125	-2.840386e-07
0.8359375	-3.95558e-07
0.8515625	-4.369484e-07
0.8671875	-4.307189e-07
0.8828125	-3.977111e-07
0.8984375	-3.511598e-07
0.9140625	-2.985863e-07
0.9296875	-2.43908e-07
0.9453125	-1.889513e-07
0.9609375	-1.344095e-07
0.9765625	-8.039994e-08
0.9921875	-2.676711e-08
