-0.96875	-2.292544e-06
-0.90625	-9.212278e-06
-0.84375	-2.596411e-05
-0.78125	-0.0001106896
-0.71875	-0.0001552311
-0.65625	-0.0001166472
-0.59375	-0.0001017152
-0.53125	-9.652957e-05
-0.46875	-9.494057e-05
-0.40625	-9.440629e-05
-0.34375	-9.413858e-05
-0.28125	-9.393326e-05
-0.21875	-9.376968e-05
-0.15625	-9.364951e-05
-0.09375	-9.358939e-05
-0.03125	-9.358087e-05
0.03125	-9.36229e-05
0.09375	-9.369305e-05
0.15625	-9.378641e-05
0.21875	-9.388425e-05
0.28125	-9.399202e-05
0.34375	-9.409933e-05
0.40625	-9.418745e-05
0.46875	-9.407482e-05
0.53125	-9.305528e-05
0.59375	-8.894874e-05
0.65625	-7.793428e-05
0.71875	-6.174625e-05
0.78125	0.0001602806
0.84375	3.547314e-05
0.90625	1.09316e-05
0.96875	2.795493e-06
