-0.984375	-4.447804e-07
-0.953125	-1.419828e-06
-0.921875	-2.243922e-06
-0.890625	-2.680101e-06
-0.859375	-2.122353e-06
-0.828125	1.09072e-06
-0.796875	1.183175e-05
-0.765625	-0.04430172
-0.734375	0.0006351433
-0.703125	0.0006172687
-0.671875	0.0006132295
-0.640625	0.0006129712
-0.609375	0.0006136302
-0.578125	0.0006144956
-0.546875	0.0006153458
-0.515625	0.0006161127
-0.484375	0.0006167929
-0.453125	0.0006174147
-0.421875	0.0006180148
-0.390625	0.0006186334
-0.359375	0.0006193027
-0.328125	0.0006200517
-0.296875	0.0006208979
-0.265625	0.0006218558
-0.234375	0.0006229285
-0.203125	0.0006241176
-0.171875	0.000625415
-0.140625	0.0006268129
-0.109375	0.0006282954
-0.078125	0.0006298484
-0.046875	0.0006314512
-0.015625	0.0006330859
0.015625	0.0006347296
0.046875	0.0006363632
0.078125	0.0006379633
0.109375	0.0006395117
0.140625	0.0006409874
0.171875	0.0006423756
0.203125	0.0006436596
0.234375	0.0006448308
0.265625	0.0006458803
0.296875	0.0006468088
0.328125	0.000647618
0.359375	0.0006483205
0.390625	0.0006489313
0.421875	0.0006494756
0.453125	0.0006499791
0.484375	0.0006504732
0.515625	0.0006509823
0.546875	0.0006515233
0.578125	0.0006520937
0.609375	0.0006526729
0.640625	0.0006531705
0.671875	0.0006529664
0.703125	0.0006480235
0.734375	0.0006200181
0.765625	0.04560185
0.796875	-2.686469e-05
0.828125	-4.847651e-06
0.859375	1.247278e-06
0.890625	2.44587e-06
0.921875	2.134119e-06
0.953125	1.353422e-06
0.984375	4.231048e-07
