-0.984375	-3.773191e-07
-0.953125	-1.20242e-06
-0.921875	-1.869344e-06
-0.890625	-2.125511e-06
-0.859375	-1.329081e-06
-0.828125	2.289488e-06
-0.796875	1.382159e-05
-0.765625	-0.04443069
-0.734375	0.0008682686
-0.703125	0.0008520628
-0.671875	0.0008490937
-0.640625	0.0008495884
-0.609375	0.0008507667
-0.578125	0.0008519556
-0.546875	0.000852949
-0.515625	0.0008536891
-0.484375	0.0008541748
-0.453125	0.0008544381
-0.421875	0.0008545161
-0.390625	0.0008544531
-0.359375	0.0008542838
-0.328125	0.000854044
-0.296875	0.0008537567
-0.265625	0.0008534457
-0.234375	0.0008531232
-0.203125	0.0008528025
-0.171875	0.0008524873
-0.140625	0.0008521841
-0.109375	0.0008518913
-0.078125	0.0008516108
-0.046875	0.0008513379
-0.015625	0.0008510722
0.015625	0.0008508078
0.046875	0.0008505434
0.078125	0.0008502731
0.109375	0.000849996
0.140625	0.0008497079
0.171875	0.0008494096
0.203125	0.0008491
0.234375	0.000848784
0.265625	0.000848466
0.296875	0.0008481573
0.328125	0.0008478707
0.359375	0.0008476262
0.390625	0.0008474473
0.421875	0.0008473633
0.453125	0.0008474059
0.484375	0.0008476077
0.515625	0.000847997
0.546875	0.0008485902
0.578125	0.0008493894
0.609375	0.0008503771
0.640625	0.0008514787
0.671875	0.0008521041
0.703125	0.0008483018
0.734375	0.0008219503
0.765625	0.04599379
0.796875	-2.931341e-05
0.828125	-6.365862e-06
0.859375	2.281125e-07
0.890625	1.736699e-06
0.921875	1.657868e-06
0.953125	1.079247e-06
0.984375	3.360944e-07
