-0.96875	-4.84307e-06
-0.90625	-0.000140923
-0.84375	-0.0003777893
-0.78125	-0.0005594028
-0.71875	-0.000600076
-0.65625	-0.000548336
-0.59375	-0.000495827
-0.53125	-0.0004432524
-0.46875	-0.0003907183
-0.40625	-0.0003382796
-0.34375	-0.0002859483
-0.28125	-0.000233727
-0.21875	-0.0001816023
-0.15625	-0.0001295714
-0.09375	-7.760476e-05
-0.03125	-2.569057e-05
0.03125	2.623545e-05
0.09375	7.813665e-05
0.15625	0.0001300787
0.21875	0.0001821082
0.28125	0.000234216
0.34375	0.0002864519
0.40625	0.0003388046
0.46875	0.0003913187
0.53125	0.0004439623
0.59375	0.000496846
0.65625	0.000549928
0.71875	0.0006019784
0.78125	0.0005594229
0.84375	0.0003779929
0.90625	0.0001415905
0.96875	4.247635e-06
