-0.96875	2.064564e-06
-0.90625	3.216214e-05
-0.84375	0.000360357
-0.78125	0.0006495306
-0.71875	0.0006003355
-0.65625	0.0005499483
-0.59375	0.0004986515
-0.53125	0.0004468407
-0.46875	0.0003947507
-0.40625	0.0003425109
-0.34375	0.0002901957
-0.28125	0.0002378386
-0.21875	0.0001854854
-0.15625	0.0001331591
-0.09375	8.082275e-05
-0.03125	2.84791e-05
0.03125	-2.386396e-05
0.09375	-7.621232e-05
0.15625	-0.0001285845
0.21875	-0.0001809939
0.28125	-0.0002334328
0.34375	-0.0002859078
0.40625	-0.0003384359
0.46875	-0.0003910272
0.53125	-0.0004437163
0.59375	-0.0004964876
0.65625	-0.0005488971
0.71875	-0.0005990538
0.78125	-0.000543367
0.84375	-0.0003902081
0.90625	-0.0001533611
0.96875	-4.973124e-06
