-0.9921875	-6.333772e-08
-0.9765625	-1.923167e-07
-0.9609375	-3.224984e-07
-0.9453125	-4.563086e-07
-0.9296875	-5.935673e-07
-0.9140625	-7.3661e-07
-0.8984375	-8.862905e-07
-0.8828125	-1.043123e-06
-0.8671875	-1.207906e-06
-0.8515625	-1.388458e-06
-0.8359375	-1.623845e-06
-0.8203125	-2.15079e-06
-0.8046875	-4.075162e-06
-0.7890625	-1.210596e-05
-0.7734375	-0.1036618
-0.7578125	-0.1036217
-0.7421875	-1.169598e-05
-0.7265625	-9.908272e-06
-0.7109375	-1.06427e-05
-0.6953125	-1.083371e-05
-0.6796875	-1.064465e-05
-0.6640625	-1.032155e-05
-0.6484375	-9.987366e-06
-0.6328125	-9.681979e-06
-0.6171875	-9.416811e-06
-0.6015625	-9.19068e-06
-0.5859375	-9.003517e-06
-0.5703125	-8.852468e-06
-0.5546875	-8.736646e-06
-0.5390625	-8.652835e-06
-0.5234375	-8.600019e-06
-0.5078125	-8.574638e-06
-0.4921875	-8.575605e-06
-0.4765625	-8.599172e-06
-0.4609375	-8.644373e-06
-0.4453125	-8.707419e-06
-0.4296875	-8.787448e-06
-0.4140625	-8.880726e-06
-0.3984375	-8.986725e-06
-0.3828125	-9.101887e-06
-0.3671875	-9.225879e-06
-0.3515625	-9.355364e-06
-0.3359375	-9.490396e-06
-0.3203125	-9.627909e-06
-0.3046875	-9.768182e-06
-0.2890625	-9.908431e-06
-0.2734375	-1.004932e-05
-0.2578125	-1.018836e-05
-0.2421875	-1.032641e-05
-0.2265625	-1.046127e-05
-0.2109375	-1.059413e-05
-0.1953125	-1.072305e-05
-0.1796875	-1.084937e-05
-0.1640625	-1.097137e-05
-0.1484375	-1.109068e-05
-0.1328125	-1.120578e-05
-0.1171875	-1.131835e-05
-0.1015625	-1.142706e-05
-0.0859375	-1.153378e-05
-0.0703125	-1.163731e-05
-0.0546875	-1.173954e-05
-0.0390625	-1.183936e-05
-0.0234375	-1.193877e-05
-0.0078125	-1.203674e-05
0.0078125	-1.213522e-05
0.0234375	-1.223317e-05
0.0390625	-1.233264e-05
0.0546875	-1.243257e-05
0.0703125	-1.25349e-05
0.0859375	-1.26385e-05
0.1015625	-1.274534e-05
0.1171875	-1.285419e-05
0.1328125	-1.296684e-05
0.1484375	-1.308195e-05
0.1640625	-1.320127e-05
0.1796875	-1.332327e-05
0.1953125	-1.34495e-05
0.2109375	-1.35782e-05
0.2265625	-1.371082e-05
0.2421875	-1.384539e-05
0.2578125	-1.398306e-05
0.2734375	-1.412161e-05
0.2890625	-1.426203e-05
0.3046875	-1.440181e-05
0.3203125	-1.454163e-05
0.3359375	-1.467871e-05
0.3515625	-1.481352e-05
0.3671875	-1.494305e-05
0.3828125	-1.506742e-05
0.3984375	-1.518339e-05
0.4140625	-1.52909e-05
0.4296875	-1.538657e-05
0.4453125	-1.547005e-05
0.4609375	-1.553788e-05
0.4765625	-1.558961e-05
0.4921875	-1.562177e-05
0.5078125	-1.563378e-05
0.5234375	-1.562224e-05
0.5390625	-1.558656e-05
0.5546875	-1.55233e-05
0.5703125	-1.543165e-05
0.5859375	-1.530769e-05
0.6015625	-1.514981e-05
0.6171875	-1.49532e-05
0.6328125	-1.471469e-05
0.6484375	-1.443037e-05
0.6640625	-1.410499e-05
0.6796875	-1.376157e-05
0.6953125	-1.348125e-05
0.7109375	-1.346319e-05
0.7265625	-1.417201e-05
0.7421875	-1.629699e-05
0.7578125	0.1034306
0.7734375	0.103462
0.7890625	1.343882e-05
0.8046875	4.387953e-06
0.8203125	2.203473e-06
0.8359375	1.612497e-06
0.8515625	1.370834e-06
0.8671875	1.193336e-06
0.8828125	1.030468e-06
0.8984375	8.757081e-07
0.9140625	7.286127e-07
0.9296875	5.87261e-07
0.9453125	4.516325e-07
0.9609375	3.195089e-07
0.9765625	1.905196e-07
0.9921875	6.276137e-08
