-0.9921875	1.286713e-07
-0.9765625	3.908258e-07
-0.9609375	6.682046e-07
-0.9453125	9.709059e-07
-0.9296875	1.308235e-06
-0.9140625	1.6876e-06
-0.8984375	2.1122e-06
-0.8828125	2.576528e-06
-0.8671875	3.058032e-06
-0.8515625	3.502167e-06
-0.8359375	3.796982e-06
-0.8203125	3.73466e-06
-0.8046875	2.979468e-06
-0.7890625	1.201313e-06
-0.7734375	-7.235335e-07
-0.7578125	-0.0002046463
-0.7421875	-0.0006190134
-0.7265625	-0.0006093978
-0.7109375	-0.0005984024
-0.6953125	-0.0005867489
-0.6796875	-0.0005747232
-0.6640625	-0.0005624586
-0.6484375	-0.0005500298
-0.6328125	-0.0005374767
-0.6171875	-0.0005248176
-0.6015625	-0.0005120593
-0.5859375	-0.0004992047
-0.5703125	-0.0004862566
-0.5546875	-0.0004732188
-0.5390625	-0.0004600969
-0.5234375	-0.0004468981
-0.5078125	-0.0004336301
-0.4921875	-0.0004203017
-0.4765625	-0.0004069216
-0.4609375	-0.0003934985
-0.4453125	-0.0003800407
-0.4296875	-0.0003665564
-0.4140625	-0.000353053
-0.3984375	-0.0003395372
-0.3828125	-0.0003260153
-0.3671875	-0.0003124929
-0.3515625	-0.0002989748
-0.3359375	-0.0002854654
-0.3203125	-0.0002719683
-0.3046875	-0.0002584867
-0.2890625	-0.0002450231
-0.2734375	-0.0002315796
-0.2578125	-0.0002181577
-0.2421875	-0.0002047588
-0.2265625	-0.0001913835
-0.2109375	-0.0001780323
-0.1953125	-0.0001647055
-0.1796875	-0.0001514028
-0.1640625	-0.0001381239
-0.1484375	-0.0001248683
-0.1328125	-0.0001116352
-0.1171875	-9.842374e-05
-0.1015625	-8.523294e-05
-0.0859375	-7.206167e-05
-0.0703125	-5.890879e-05
-0.0546875	-4.577301e-05
-0.0390625	-3.265312e-05
-0.0234375	-1.954775e-05
-0.0078125	-6.455657e-06
0.0078125	6.624533e-06
0.0234375	1.969406e-05
0.0390625	3.275425e-05
0.0546875	4.58063e-05
0.0703125	5.885146e-05
0.0859375	7.189085e-05
0.1015625	8.492562e-05
0.1171875	9.795679e-05
0.1328125	0.0001109854
0.1484375	0.0001240123
0.1640625	0.0001370385
0.1796875	0.0001500647
0.1953125	0.0001630917
0.2109375	0.0001761201
0.2265625	0.0001891506
0.2421875	0.0002021837
0.2578125	0.0002152198
0.2734375	0.0002282594
0.2890625	0.0002413028
0.3046875	0.0002543503
0.3203125	0.000267402
0.3359375	0.0002804583
0.3515625	0.000293519
0.3671875	0.0003065843
0.3828125	0.0003196542
0.3984375	0.0003327286
0.4140625	0.0003458073
0.4296875	0.0003588902
0.4453125	0.0003719771
0.4609375	0.0003850677
0.4765625	0.0003981617
0.4921875	0.0004112588
0.5078125	0.0004243588
0.5234375	0.0004374611
0.5390625	0.0004505655
0.5546875	0.0004636716
0.5703125	0.0004767791
0.5859375	0.0004898877
0.6015625	0.000502997
0.6171875	0.0005161062
0.6328125	0.0005292132
0.6484375	0.0005423124
0.6640625	0.0005553912
0.6796875	0.000568422
0.6953125	0.0005813536
0.7109375	0.0005941078
0.7265625	0.0006065987
0.7421875	0.0006187254
0.7578125	0.0004299436
0.7734375	0.0001659132
0.7890625	1.803343e-05
0.8046875	-1.526997e-07
0.8203125	-2.840767e-07
0.8359375	-3.955787e-07
0.8515625	-4.369608e-07
0.8671875	-4.307271e-07
0.8828125	-3.977166e-07
0.8984375	-3.511634e-07
0.9140625	-2.985885e-07
0.9296875	-2.439092e-07
0.9453125	-1.889519e-07
0.9609375	-1.344097e-07
0.9765625	-8.040003e-08
0.9921875	-2.676715e-08
