3.73745e-12
1.49607e-11
3.36686e-11
5.98539e-11
9.35032e-11
1.34598e-10
1.83114e-10
2.39022e-10
3.02292e-10
3.72886e-10
4.50767e-10
5.35891e-10
6.28215e-10
7.27691e-10
8.34272e-10
9.47907e-10
1.06854e-09
1.19613e-09
1.33061e-09
1.47192e-09
1.62002e-09
1.77484e-09
1.93632e-09
2.10441e-09
2.27905e-09
2.46017e-09
2.64772e-09
2.84163e-09
3.04185e-09
3.24831e-09
3.46095e-09
3.67972e-09
3.90454e-09
4.13536e-09
4.37212e-09
4.61476e-09
4.86321e-09
5.11741e-09
5.37731e-09
5.64283e-09
5.91393e-09
6.19054e-09
6.47259e-09
6.76004e-09
7.05282e-09
7.35087e-09
7.65413e-09
7.96254e-09
8.27605e-09
8.59459e-09
8.91811e-09
9.24655e-09
9.57985e-09
9.91796e-09
1.02865e-08
1.07178e-08
1.11598e-08
1.16128e-08
1.20768e-08
1.25519e-08
1.30383e-08
1.35361e-08
1.40453e-08
1.45662e-08
1.50988e-08
1.56433e-08
1.61997e-08
1.67683e-08
1.7349e-08
1.79421e-08
1.85477e-08
1.91658e-08
1.97967e-08
2.04404e-08
2.10971e-08
2.17669e-08
2.24498e-08
2.31462e-08
2.3856e-08
2.45794e-08
2.53165e-08
2.60675e-08
2.68325e-08
2.76116e-08
2.8405e-08
2.92127e-08
3.00349e-08
3.08718e-08
3.17235e-08
3.25901e-08
3.34717e-08
3.43685e-08
3.52806e-08
3.62082e-08
3.71514e-08
3.81103e-08
3.9085e-08
4.00757e-08
4.10826e-08
4.21058e-08
4.31453e-08
4.42014e-08
4.52742e-08
4.63639e-08
4.74705e-08
4.85942e-08
4.97352e-08
5.08936e-08
5.20696e-08
5.32632e-08
5.44747e-08
5.57041e-08
5.69517e-08
5.82175e-08
5.95018e-08
6.08046e-08
6.21261e-08
6.34665e-08
6.48259e-08
6.62044e-08
4.99938e-08
5.10699e-08
5.21613e-08
