5e-05 5.567445293e-08
0.0001 2.155813144e-07
0.00015 4.740241499e-07
0.0002 8.259529403e-07
0.00025 1.266929998e-06
0.0003 1.793051779e-06
0.00035 2.400872369e-06
0.0004 3.087353932e-06
0.00045 3.849810458e-06
0.0005 4.685862996e-06
0.00055 5.593404843e-06
0.0006 6.570562714e-06
0.00065 7.615673414e-06
0.0007 8.727254975e-06
0.00075 9.903982223e-06
0.0008 1.114467167e-05
0.00085 1.244826421e-05
0.0009 1.38138082e-05
0.00095 1.524044959e-05
0.001 1.672741507e-05
0.00105 1.827400692e-05
0.0011 1.987959539e-05
0.00115 2.154360553e-05
0.0012 2.326551658e-05
0.00125 2.504485167e-05
0.0013 2.688117469e-05
0.00135 2.877408528e-05
0.0014 3.072321548e-05
0.00145 3.272822326e-05
0.0015 3.478879662e-05
0.00155 3.690464281e-05
0.0016 3.907548781e-05
0.00165 4.1301079e-05
0.0017 4.358117683e-05
0.00175 4.591555862e-05
0.0018 4.830401329e-05
0.00185 5.074634061e-05
0.0019 5.324235321e-05
0.00195 5.57918672e-05
0.002 5.839471491e-05
0.00205 6.10507304e-05
0.0021 6.375975671e-05
0.00215 6.652164242e-05
0.0022 6.933624257e-05
0.00225 7.220341647e-05
0.0023 7.512302812e-05
0.00235 7.809494521e-05
0.0024 8.111904037e-05
0.00245 8.41951887e-05
0.0025 8.732326821e-05
0.00255 9.050315877e-05
0.0026 9.373474634e-05
0.00265 9.701791361e-05
0.0027 0.0001003525516
0.00275 0.000103738549
0.0028 0.0001071757964
0.00285 0.0001106641903
0.0029 0.0001142036207
0.00295 0.0001177939868
0.003 0.0001214351852
0.00305 0.0001251271123
0.0031 0.0001288696688
0.00315 0.0001326627553
0.0032 0.000136506272
0.00325 0.000140400121
0.0033 0.0001443442054
0.00335 0.0001483384265
0.0034 0.0001523826891
0.00345 0.000156476896
0.0035 0.0001606209541
0.00355 0.0001648147661
0.0036 0.0001690582396
0.00365 0.0001733512776
0.0037 0.0001776937884
0.00375 0.0001820856758
0.0038 0.0001865268482
0.00385 0.0001910172123
0.0039 0.0001955566732
0.00395 0.0002001451407
0.004 0.0002047825186
0.00405 0.0002094687175
0.0041 0.0002142036427
0.00415 0.0002189872027
0.0042 0.0002238193046
0.00425 0.0002286998547
0.0043 0.0002336287616
0.00435 0.0002386059326
0.0044 0.0002436312753
0.00445 0.0002487046981
0.0045 0.0002538261073
0.00455 0.0002589954119
0.0046 0.0002642125166
0.00465 0.0002694773313
0.0047 0.0002747897614
0.00475 0.0002801497164
0.0048 0.0002855571011
0.00485 0.0002910118241
0.0049 0.0002965137914
0.00495 0.0003020629116
0.005 0.0003076590892
0.00505 0.0003133022317
0.0051 0.0003189922453
0.00515 0.0003247290372
0.0052 0.0003305125131
0.00525 0.0003363425786
0.0053 0.0003422191419
0.00535 0.0003481421058
0.0054 0.0003541113788
0.00545 0.0003601268629
0.0055 0.0003661884668
0.00555 0.000372296095
0.0056 0.0003784496523
0.00565 0.0003846490429
0.0057 0.0003908941737
0.00575 0.0003971849471
0.0058 0.0004035212704
0.00585 0.0004099030432
0.0059 0.0004163301737
0.00595 0.0004228025637
0.006 0.0004293201176
0.00605 0.000435882744
0.0061 0.0004424903384
0.00615 0.0004491428065
