5e-05 -2.589443057e-07
0.0001 -1.002366899e-06
0.00015 -2.203426314e-06
0.0002 -3.838303622e-06
0.00025 -5.886049821e-06
0.0003 -8.328198439e-06
0.00035 -1.114845301e-05
0.0004 -1.433241935e-05
0.00045 -1.786735747e-05
0.0005 -2.174198423e-05
0.00055 -2.594628609e-05
0.0006 -3.047136764e-05
0.00065 -3.530930977e-05
0.0007 -4.045305524e-05
0.00075 -4.589630502e-05
0.0008 -5.163342229e-05
0.00085 -5.765935576e-05
0.0009 -6.396956991e-05
0.00095 -7.055998404e-05
0.001 -7.742692142e-05
0.00105 -8.456705883e-05
0.0011 -9.197738387e-05
0.00115 -9.965516968e-05
0.0012 -0.0001075979287
0.00125 -0.0001158033958
0.0013 -0.0001242694971
0.00135 -0.0001329943336
0.0014 -0.000141976158
0.00145 -0.0001512133595
0.0015 -0.0001607044484
0.00155 -0.0001704480458
0.0016 -0.0001804428678
0.00165 -0.0001906877194
0.0017 -0.0002011814791
0.00175 -0.0002119231005
0.0018 -0.0002229115936
0.00185 -0.00023414603
0.0019 -0.0002456255279
0.00195 -0.0002573492528
0.002 -0.0002693164096
0.00205 -0.0002815262417
0.0021 -0.0002939780254
0.00215 -0.0003066710649
0.0022 -0.0003196046955
0.00225 -0.0003327782718
0.0023 -0.0003461911737
0.00235 -0.0003598428052
0.0024 -0.00037373258
0.00245 -0.0003878599354
0.0025 -0.0004022243218
0.00255 -0.000416825202
0.0026 -0.0004316620531
0.00265 -0.0004467343628
0.0027 -0.0004620416305
0.00275 -0.0004775833625
0.0028 -0.0004933590762
0.00285 -0.0005093682958
0.0029 -0.0005256105552
0.00295 -0.0005420853877
0.003 -0.0005587923431
0.00305 -0.0005757309671
0.0031 -0.0005929008141
0.00315 -0.0006103014464
0.0032 -0.0006279324253
0.00325 -0.0006457933172
0.0033 -0.000663883693
0.00335 -0.0006822031281
0.0034 -0.0007007511975
0.00345 -0.0007195274805
0.0035 -0.000738531558
0.00355 -0.0007577630124
0.0036 -0.0007772214308
0.00365 -0.0007969063975
0.0037 -0.000816817502
0.00375 -0.0008369543359
0.0038 -0.0008573164865
0.00385 -0.0008779035471
0.0039 -0.0008987151098
0.00395 -0.0009197507679
0.004 -0.0009410101158
0.00405 -0.0009624927459
0.0041 -0.0009841982556
0.00415 -0.001006126238
0.0042 -0.00102827629
0.00425 -0.001050648007
0.0043 -0.001073240981
0.00435 -0.001096054812
0.0044 -0.001119089093
0.00445 -0.001142343418
0.0045 -0.001165817384
0.00455 -0.001189510586
0.0046 -0.001213422617
0.00465 -0.001237553071
0.0047 -0.001261901543
0.00475 -0.001286467625
0.0048 -0.001311250911
0.00485 -0.00133625099
0.0049 -0.001361467457
0.00495 -0.001386899901
0.005 -0.001412547914
0.00505 -0.001438411085
0.0051 -0.001464489003
0.00515 -0.001490781256
0.0052 -0.001517287432
0.00525 -0.001544007118
0.0053 -0.001570939901
0.00535 -0.001598085364
0.0054 -0.001625443094
0.00545 -0.001653012674
0.0055 -0.001680793686
0.00555 -0.001708785716
0.0056 -0.00173698834
0.00565 -0.001765401141
0.0057 -0.0017940237
0.00575 -0.001822855595
0.0058 -0.001851896402
0.00585 -0.001881145701
0.0059 -0.001910603067
0.00595 -0.001940268075
0.006 -0.001970140301
0.00605 -0.002000219322
0.0061 -0.0020305047
0.00615 -0.002060996014
