5e-05 2.870419149e-12
0.0001 1.149678222e-11
0.00015 2.589256393e-11
0.0002 4.606639873e-11
0.00025 7.202265343e-11
0.0003 1.037645554e-10
0.00035 1.412917087e-10
0.0004 1.846027909e-10
0.00045 2.336941694e-10
0.0005 2.885612244e-10
0.00055 3.491982324e-10
0.0006 4.155980545e-10
0.00065 4.877540633e-10
0.0007 5.656575129e-10
0.00075 6.493015566e-10
0.0008 7.386770285e-10
0.00085 8.337760257e-10
0.0009 9.345905153e-10
0.00095 1.041112256e-09
0.001 1.15333352e-09
0.00105 1.271246746e-09
0.0011 1.394845016e-09
0.00115 1.524121735e-09
0.0012 1.659070769e-09
0.00125 1.799686661e-09
0.0013 1.945964274e-09
0.00135 2.097899526e-09
0.0014 2.255488664e-09
0.00145 2.418728848e-09
0.0015 2.587617675e-09
0.00155 2.762153998e-09
0.0016 2.942337119e-09
0.00165 3.128166904e-09
0.0017 3.319644268e-09
0.00175 3.516771344e-09
0.0018 3.719550301e-09
0.00185 3.927984696e-09
0.0019 4.143250838e-09
0.00195 4.371398919e-09
0.002 4.606094728e-09
0.00205 4.847378183e-09
0.0021 5.095291749e-09
0.00215 5.349876714e-09
0.0022 5.61117695e-09
0.00225 5.879236668e-09
0.0023 6.154100189e-09
0.00235 6.435813389e-09
0.0024 6.724422548e-09
0.00245 7.019975798e-09
0.0025 7.32252078e-09
0.00255 7.632106501e-09
0.0026 7.948783029e-09
0.00265 8.27260091e-09
0.0027 8.603611769e-09
0.00275 8.941867926e-09
0.0028 9.287422652e-09
0.00285 9.640329583e-09
0.0029 1.000064376e-08
0.00295 1.036842063e-08
0.003 1.074371662e-08
0.00305 1.112658878e-08
0.0031 1.15170952e-08
0.00315 1.191529426e-08
0.0032 1.2321246e-08
0.00325 1.273501007e-08
0.0033 1.315664794e-08
0.00335 1.358622108e-08
0.0034 1.402379246e-08
0.00345 1.4469425e-08
0.0035 1.492318301e-08
0.00355 1.538513138e-08
0.0036 1.585533568e-08
0.00365 1.633386159e-08
0.0037 1.682077663e-08
0.00375 1.731614858e-08
0.0038 1.782004579e-08
0.00385 1.833253749e-08
0.0039 1.885369309e-08
0.00395 1.938358388e-08
0.004 1.992228055e-08
0.00405 2.046985534e-08
0.0041 2.102638085e-08
0.00415 2.159193016e-08
0.0042 2.216657779e-08
0.00425 2.27503978e-08
0.0043 2.33434659e-08
0.00435 2.394585801e-08
0.0044 2.455765074e-08
0.00445 2.51789214e-08
0.0045 2.580974815e-08
0.00455 2.645020907e-08
0.0046 2.710038391e-08
0.00465 2.776035198e-08
0.0047 2.843019446e-08
0.00475 2.910999173e-08
0.0048 2.979982549e-08
0.00485 3.049977871e-08
0.0049 3.120993378e-08
0.00495 3.193037434e-08
0.005 3.266118445e-08
0.00505 3.340244897e-08
0.0051 3.415425292e-08
0.00515 3.491668218e-08
0.0052 3.568982321e-08
0.00525 3.647376325e-08
0.0053 3.72685897e-08
0.00535 3.807439066e-08
0.0054 3.889125506e-08
0.00545 3.971927159e-08
0.0055 4.055853065e-08
0.00555 4.140912213e-08
0.0056 4.227113706e-08
0.00565 4.314466727e-08
0.0057 4.402980379e-08
0.00575 4.492663973e-08
0.0058 4.583526818e-08
0.00585 4.675578251e-08
0.0059 4.768827642e-08
0.00595 4.86328447e-08
0.006 4.958958228e-08
0.00605 5.055858516e-08
0.0061 5.153994923e-08
0.00615 5.253377069e-08
