5e-05 1.148204649e-07
0.0001 2.299652545e-07
0.00015 3.453732063e-07
0.0002 4.609472093e-07
0.00025 5.766247051e-07
0.0003 6.923525441e-07
0.00035 8.080860118e-07
0.0004 9.237878807e-07
0.00045 1.039427059e-06
0.0005 1.154978626e-06
0.00055 1.270422643e-06
0.0006 1.385743747e-06
0.00065 1.500930653e-06
0.0007 1.615975621e-06
0.00075 1.73087414e-06
0.0008 1.845623249e-06
0.00085 1.960226277e-06
0.0009 2.074684671e-06
0.00095 2.189003672e-06
0.001 2.30318992e-06
0.00105 2.417251559e-06
0.0011 2.531198311e-06
0.00115 2.645040978e-06
0.0012 2.758791389e-06
0.00125 2.872462445e-06
0.0013 2.986067912e-06
0.00135 3.108235211e-06
0.0014 3.231244158e-06
0.00145 3.354901848e-06
0.0015 3.479224289e-06
0.00155 3.604228055e-06
0.0016 3.7299298e-06
0.00165 3.856346603e-06
0.0017 3.983495288e-06
0.00175 4.111393105e-06
0.0018 4.240057244e-06
0.00185 4.369505069e-06
0.0019 4.499753988e-06
0.00195 4.630821188e-06
0.002 4.762724116e-06
0.00205 4.895480262e-06
0.0021 5.029106807e-06
0.00215 5.163621077e-06
0.0022 5.299040265e-06
0.00225 5.435381589e-06
0.0023 5.572662191e-06
0.00235 5.710899024e-06
0.0024 5.850109083e-06
0.00245 5.990309259e-06
0.0025 6.131516137e-06
0.00255 6.273746538e-06
0.0026 6.417016956e-06
0.00265 6.561343912e-06
0.0027 6.706743645e-06
0.00275 6.853232318e-06
0.0028 7.000826296e-06
0.00285 7.149541302e-06
0.0029 7.299393364e-06
0.00295 7.450398053e-06
0.003 7.602571087e-06
0.00305 7.755927986e-06
0.0031 7.910484119e-06
0.00315 8.06625463e-06
0.0032 8.223254646e-06
0.00325 8.38149917e-06
0.0033 8.541003125e-06
0.00335 8.701781084e-06
0.0034 8.863847684e-06
0.00345 9.027217548e-06
0.0035 9.191904741e-06
0.00355 9.357923661e-06
0.0036 9.52528836e-06
0.00365 9.694012717e-06
0.0037 9.864110495e-06
0.00375 1.003559554e-05
0.0038 1.020848128e-05
0.00385 1.038278124e-05
0.0039 1.055850862e-05
0.00395 1.073567682e-05
0.004 1.091429871e-05
0.00405 1.109438729e-05
0.0041 1.127595533e-05
0.00415 1.145901562e-05
0.0042 1.164358074e-05
0.00425 1.182966315e-05
0.0043 1.201727506e-05
0.00435 1.22064289e-05
0.0044 1.239713668e-05
0.00445 1.258941043e-05
0.0045 1.278326203e-05
0.00455 1.297870337e-05
0.0046 1.317574603e-05
0.00465 1.337440167e-05
0.0047 1.357468156e-05
0.00475 1.377659727e-05
0.0048 1.398016004e-05
0.00485 1.418538089e-05
0.0049 1.439227108e-05
0.00495 1.460084149e-05
0.005 1.481110288e-05
0.00505 1.502306622e-05
0.0051 1.523674216e-05
0.00515 1.545214114e-05
0.0052 1.566927386e-05
0.00525 1.588815067e-05
0.0053 1.610878179e-05
0.00535 1.633117778e-05
0.0054 1.655534847e-05
0.00545 1.678130423e-05
0.0055 1.700905483e-05
0.00555 1.723861039e-05
0.0056 1.746998064e-05
0.00565 1.77031755e-05
0.0057 1.793820462e-05
0.00575 1.81750776e-05
0.0058 1.841380405e-05
0.00585 1.86543935e-05
0.0059 1.889685536e-05
0.00595 1.914119907e-05
0.006 1.938743384e-05
0.00605 1.963557218e-05
0.0061 1.988562083e-05
0.00615 2.013758434e-05
