-0.984375	-1.593335e-05
-0.953125	-4.766048e-05
-0.921875	-7.87466e-05
-0.890625	-0.0001084355
-0.859375	-0.0001356485
-0.828125	-0.0001591614
-0.796875	-0.0001781057
-0.765625	-0.0001926653
-0.734375	-0.0004185847
-0.703125	-0.0003754397
-0.671875	-0.0003362711
-0.640625	-0.0003057596
-0.609375	-0.0002842431
-0.578125	-0.0002695284
-0.546875	-0.0002589383
-0.515625	-0.0002502632
-0.484375	-0.0002419729
-0.453125	-0.0002331257
-0.421875	-0.000223209
-0.390625	-0.0002120009
-0.359375	-0.0001994687
-0.328125	-0.0001856974
-0.296875	-0.0001708407
-0.265625	-0.0001550855
-0.234375	-0.0001386271
-0.203125	-0.0001216521
-0.171875	-0.0001043272
-0.140625	-8.679282e-05
-0.109375	-6.916122e-05
-0.078125	-5.151613e-05
-0.046875	-3.391475e-05
-0.015625	-1.639049e-05
0.015625	1.043883e-06
0.046875	1.839275e-05
0.078125	3.567405e-05
0.109375	5.291524e-05
0.140625	7.014863e-05
0.171875	8.740585e-05
0.203125	0.0001047112
0.234375	0.0001220741
0.265625	0.0001394806
0.296875	0.0001568849
0.328125	0.0001742016
0.359375	0.0001913002
0.390625	0.0002080059
0.421875	0.0002241101
0.453125	0.0002394006
0.484375	0.0002537244
0.515625	0.0002670985
0.546875	0.000279883
0.578125	0.0002930041
0.609375	0.0003081487
0.640625	0.0003277442
0.671875	0.0003544317
0.703125	0.0003898479
0.734375	0.0004319881
0.765625	0.0001798737
0.796875	0.0001590792
0.828125	0.000136982
0.859375	0.0001140858
0.890625	9.036535e-05
0.921875	6.55793e-05
0.953125	3.979454e-05
0.984375	1.333923e-05
