-0.984375	5.693052e-07
-0.953125	1.711191e-06
-0.921875	2.824679e-06
-0.890625	3.783788e-06
-0.859375	4.292538e-06
-0.828125	3.877218e-06
-0.796875	2.091259e-06
-0.765625	-0.0002096363
-0.734375	-0.0006152221
-0.703125	-0.0005922114
-0.671875	-0.0005686952
-0.640625	-0.0005445863
-0.609375	-0.0005197794
-0.578125	-0.0004942686
-0.546875	-0.0004681532
-0.515625	-0.0004415764
-0.484375	-0.0004146794
-0.453125	-0.0003875825
-0.421875	-0.0003603814
-0.390625	-0.0003331497
-0.359375	-0.0003059427
-0.328125	-0.0002788002
-0.296875	-0.0002517498
-0.265625	-0.0002248081
-0.234375	-0.0001979833
-0.203125	-0.000171276
-0.171875	-0.000144681
-0.140625	-0.0001181879
-0.109375	-9.178237e-05
-0.078125	-6.544708e-05
-0.046875	-3.916246e-05
-0.015625	-1.290761e-05
0.015625	1.33389e-05
0.046875	3.959816e-05
0.078125	6.589013e-05
0.109375	9.223271e-05
0.140625	0.000118641
0.171875	0.0001451261
0.203125	0.000171695
0.234375	0.0001983488
0.265625	0.0002250829
0.296875	0.0002518859
0.328125	0.0002787394
0.359375	0.0003056182
0.390625	0.0003324899
0.421875	0.0003593158
0.453125	0.0003860516
0.484375	0.0004126485
0.515625	0.0004390536
0.546875	0.000465211
0.578125	0.000491064
0.609375	0.0005165648
0.640625	0.0005417092
0.671875	0.0005666485
0.703125	0.0005919545
0.734375	0.0006182162
0.765625	0.0002325322
0.796875	-2.104756e-06
0.828125	-3.639524e-06
0.859375	-4.014693e-06
0.890625	-3.566729e-06
0.921875	-2.68236e-06
0.953125	-1.632777e-06
0.984375	-5.442503e-07
