-0.984375	-9.964607e-06
-0.953125	-3.023278e-05
-0.921875	-5.170733e-05
-0.890625	-7.552732e-05
-0.859375	-0.0001032604
-0.828125	-0.0001368404
-0.796875	-0.0001778989
-0.765625	-0.0002265146
-0.734375	-0.0003958691
-0.703125	-0.0004072159
-0.671875	-0.000405272
-0.640625	-0.0003914276
-0.609375	-0.0003689301
-0.578125	-0.0003415857
-0.546875	-0.000312694
-0.515625	-0.0002845174
-0.484375	-0.0002582669
-0.453125	-0.0002343533
-0.421875	-0.0002126885
-0.390625	-0.0001929305
-0.359375	-0.0001746489
-0.328125	-0.0001574213
-0.296875	-0.0001408828
-0.265625	-0.0001247452
-0.234375	-0.0001088001
-0.203125	-9.29115e-05
-0.171875	-7.700507e-05
-0.140625	-6.105484e-05
-0.109375	-4.50704e-05
-0.078125	-2.908499e-05
-0.046875	-1.314534e-05
-0.015625	2.696442e-06
0.015625	1.838904e-05
0.046875	3.388613e-05
0.078125	4.914916e-05
0.109375	6.414886e-05
0.140625	7.886624e-05
0.171875	9.329328e-05
0.203125	0.0001074339
0.234375	0.0001213054
0.265625	0.0001349407
0.296875	0.0001483911
0.328125	0.0001617294
0.359375	0.0001750529
0.390625	0.0001884863
0.421875	0.0002021845
0.453125	0.0002163365
0.484375	0.0002311749
0.515625	0.00024699
0.546875	0.0002641443
0.578125	0.0002830505
0.609375	0.0003040132
0.640625	0.0003267117
0.671875	0.000348978
0.703125	0.00036486
0.734375	0.0003667015
0.765625	0.0002467037
0.796875	0.0001923858
0.828125	0.0001516405
0.859375	0.0001192577
0.890625	9.078628e-05
0.921875	6.411972e-05
0.953125	3.826406e-05
0.984375	1.273222e-05
