-0.984375	1.080886e-06
-0.953125	3.156095e-06
-0.921875	4.885656e-06
-0.890625	5.948815e-06
-0.859375	5.955695e-06
-0.828125	4.574369e-06
-0.796875	1.973818e-06
-0.765625	-9.772504e-08
-0.734375	-0.0006382305
-0.703125	-0.0006162098
-0.671875	-0.0005880558
-0.640625	-0.0005583026
-0.609375	-0.0005289338
-0.578125	-0.0005004251
-0.546875	-0.0004726638
-0.515625	-0.0004453923
-0.484375	-0.0004183737
-0.453125	-0.0003914387
-0.421875	-0.0003644881
-0.390625	-0.000337478
-0.359375	-0.0003104026
-0.328125	-0.0002832778
-0.296875	-0.0002561285
-0.265625	-0.0002289803
-0.234375	-0.0002018546
-0.203125	-0.0001747667
-0.171875	-0.0001477252
-0.140625	-0.0001207326
-0.109375	-9.378682e-05
-0.078125	-6.688163e-05
-0.046875	-4.000807e-05
-0.015625	-1.315508e-05
0.015625	1.368987e-05
0.046875	4.054009e-05
0.078125	6.740901e-05
0.109375	9.430935e-05
0.140625	0.000121252
0.171875	0.0001482446
0.203125	0.0001752899
0.234375	0.0002023838
0.265625	0.0002295133
0.296875	0.0002566552
0.328125	0.0002837751
0.359375	0.0003108291
0.390625	0.0003377673
0.421875	0.0003645426
0.453125	0.0003911242
0.484375	0.0004175175
0.515625	0.0004437901
0.546875	0.000470099
0.578125	0.0004967089
0.609375	0.0005239684
0.640625	0.0005521762
0.671875	0.0005812121
0.703125	0.0006097933
0.734375	0.0006337938
0.765625	3.912904e-06
0.796875	2.899969e-06
0.828125	3.347786e-07
0.859375	-1.633662e-06
0.890625	-2.435419e-06
0.921875	-2.294487e-06
0.953125	-1.567128e-06
0.984375	-5.45451e-07
