-0.984375	-7.180827e-07
-0.953125	-2.192864e-06
-0.921875	-3.854188e-06
-0.890625	-5.835076e-06
-0.859375	-8.155741e-06
-0.828125	-1.034176e-05
-0.796875	-1.016065e-05
-0.765625	1.098415e-06
-0.734375	-0.000618814
-0.703125	-0.0005915496
-0.671875	-0.0005621402
-0.640625	-0.0005333209
-0.609375	-0.0005057718
-0.578125	-0.0004793467
-0.546875	-0.0004537132
-0.515625	-0.0004285771
-0.484375	-0.0004037251
-0.453125	-0.0003790131
-0.421875	-0.0003543454
-0.390625	-0.0003296574
-0.359375	-0.0003049056
-0.328125	-0.0002800594
-0.296875	-0.0002550971
-0.265625	-0.0002300021
-0.234375	-0.0002047612
-0.203125	-0.0001793628
-0.171875	-0.0001537961
-0.140625	-0.0001280505
-0.109375	-0.0001021149
-0.078125	-7.597844e-05
-0.046875	-4.963006e-05
-0.015625	-2.305926e-05
0.015625	3.743325e-06
0.046875	3.078508e-05
0.078125	5.80704e-05
0.109375	8.559944e-05
0.140625	0.0001133666
0.171875	0.0001413588
0.203125	0.0001695533
0.234375	0.000197915
0.265625	0.0002263941
0.296875	0.0002549224
0.328125	0.0002834115
0.359375	0.0003117509
0.390625	0.0003398095
0.421875	0.0003674411
0.453125	0.0003944968
0.484375	0.0004208476
0.515625	0.0004464197
0.546875	0.0004712417
0.578125	0.0004955004
0.609375	0.0005195818
0.640625	0.0005440584
0.671875	0.0005695737
0.703125	0.0005965831
0.734375	0.0006238522
0.765625	-1.76818e-06
0.796875	4.767017e-06
0.828125	7.884736e-06
0.859375	6.881556e-06
0.890625	4.923429e-06
0.921875	3.147913e-06
0.953125	1.730087e-06
0.984375	5.559271e-07
