-0.984375	-5.481758e-07
-0.953125	-1.709824e-06
-0.921875	-3.12691e-06
-0.890625	-5.006668e-06
-0.859375	-7.548824e-06
-0.828125	-1.077381e-05
-0.796875	-1.395746e-05
-0.765625	-1.41087e-05
-0.734375	-0.0006237464
-0.703125	-0.000603161
-0.671875	-0.0005757359
-0.640625	-0.0005460208
-0.609375	-0.0005164697
-0.578125	-0.0004878927
-0.546875	-0.0004603289
-0.515625	-0.0004335514
-0.484375	-0.000407288
-0.453125	-0.0003813035
-0.421875	-0.000355423
-0.390625	-0.0003295313
-0.359375	-0.0003035623
-0.328125	-0.0002774864
-0.296875	-0.0002512987
-0.265625	-0.0002250088
-0.234375	-0.0001986336
-0.203125	-0.0001721927
-0.171875	-0.0001457054
-0.140625	-0.0001191889
-0.109375	-9.26575e-05
-0.078125	-6.612245e-05
-0.046875	-3.959165e-05
-0.015625	-1.306993e-05
0.015625	1.344076e-05
0.046875	3.994093e-05
0.078125	6.643301e-05
0.109375	9.292072e-05
0.140625	0.0001194082
0.171875	0.0001458987
0.203125	0.0001723941
0.234375	0.0001988927
0.265625	0.0002253889
0.296875	0.000251872
0.328125	0.0002783269
0.359375	0.0003047353
0.390625	0.0003310797
0.421875	0.0003573501
0.453125	0.0003835534
0.484375	0.0004097279
0.515625	0.0004359592
0.546875	0.0004623974
0.578125	0.0004892635
0.609375	0.00051682
0.640625	0.0005452489
0.671875	0.0005743652
0.703125	0.0006031629
0.734375	0.0006287678
0.765625	5.186813e-06
0.796875	5.934567e-06
0.828125	3.352707e-06
0.859375	8.682184e-07
0.890625	-4.834718e-07
0.921875	-8.772898e-07
0.953125	-6.986629e-07
0.984375	-2.5098e-07
