-0.984375	-3.617504e-06
-0.953125	-1.085649e-05
-0.921875	-1.823245e-05
-0.890625	-2.585937e-05
-0.859375	-3.361131e-05
-0.828125	-4.006748e-05
-0.796875	-3.839742e-05
-0.765625	-5.10034e-08
-0.734375	-0.0005898581
-0.703125	-0.0005395053
-0.671875	-0.0004996541
-0.640625	-0.0004671299
-0.609375	-0.0004399065
-0.578125	-0.0004163028
-0.546875	-0.0003949807
-0.515625	-0.0003749555
-0.484375	-0.0003555457
-0.453125	-0.0003363011
-0.421875	-0.0003169362
-0.390625	-0.0002972791
-0.359375	-0.0002772335
-0.328125	-0.0002567522
-0.296875	-0.0002358185
-0.265625	-0.0002144331
-0.234375	-0.0001926059
-0.203125	-0.0001703504
-0.171875	-0.0001476808
-0.140625	-0.0001246103
-0.109375	-0.0001011505
-0.078125	-7.731158e-05
-0.046875	-5.310339e-05
-0.015625	-2.853578e-05
0.015625	-3.619779e-06
0.046875	2.163151e-05
0.078125	4.720193e-05
0.109375	7.307131e-05
0.140625	9.921419e-05
0.171875	0.0001255983
0.203125	0.0001521827
0.234375	0.0001789144
0.265625	0.0002057257
0.296875	0.0002325291
0.328125	0.0002592135
0.359375	0.0002856399
0.390625	0.0003116411
0.421875	0.0003370263
0.453125	0.0003615965
0.484375	0.0003851769
0.515625	0.0004076729
0.546875	0.0004291564
0.578125	0.0004499837
0.609375	0.0004709355
0.640625	0.0004933865
0.671875	0.000519621
0.703125	0.0005537076
0.734375	0.0006020513
0.765625	-2.617184e-06
0.796875	2.848909e-05
0.828125	3.433487e-05
0.859375	2.959072e-05
0.890625	2.258031e-05
0.921875	1.566902e-05
0.953125	9.206545e-06
0.984375	3.046964e-06
