-0.984375	5.737647e-07
-0.953125	1.724151e-06
-0.921875	2.844631e-06
-0.890625	3.807811e-06
-0.859375	4.315692e-06
-0.828125	3.891813e-06
-0.796875	2.088462e-06
-0.765625	-0.0002092926
-0.734375	-0.0006152705
-0.703125	-0.0005923578
-0.671875	-0.0005689335
-0.640625	-0.0005449022
-0.609375	-0.0005201529
-0.578125	-0.0004946785
-0.546875	-0.0004685798
-0.515625	-0.0004420028
-0.484375	-0.0004150922
-0.453125	-0.0003879718
-0.421875	-0.0003607402
-0.390625	-0.0003334738
-0.359375	-0.0003062299
-0.328125	-0.0002790501
-0.296875	-0.0002519632
-0.265625	-0.000224987
-0.234375	-0.00019813
-0.203125	-0.0001713934
-0.171875	-0.0001447719
-0.140625	-0.000118255
-0.109375	-9.182808e-05
-0.078125	-6.547336e-05
-0.046875	-3.917074e-05
-0.015625	-1.289874e-05
0.015625	1.336469e-05
0.046875	3.964129e-05
0.078125	6.595162e-05
0.109375	9.231414e-05
0.140625	0.0001187444
0.171875	0.0001452539
0.203125	0.0001718497
0.234375	0.0001985329
0.265625	0.0002252988
0.296875	0.0002521353
0.328125	0.0002790233
0.359375	0.0003059361
0.390625	0.00033284
0.421875	0.0003596944
0.453125	0.0003864527
0.484375	0.0004130635
0.515625	0.0004394712
0.546875	0.0004656171
0.578125	0.0004914423
0.609375	0.0005168976
0.640625	0.0005419796
0.671875	0.0005668445
0.703125	0.0005920756
0.734375	0.0006182754
0.765625	0.0002321446
0.796875	-2.109401e-06
0.828125	-3.658072e-06
0.859375	-4.040603e-06
0.890625	-3.593213e-06
0.921875	-2.704373e-06
0.953125	-1.64711e-06
0.984375	-5.491913e-07
