-0.96875	-3.318277e-06
-0.90625	-9.583958e-06
-0.84375	-1.350157e-05
-0.78125	-3.549487e-06
-0.71875	-0.0006055904
-0.65625	-0.0005545104
-0.59375	-0.0005030498
-0.53125	-0.0004507173
-0.46875	-0.0003973085
-0.40625	-0.0003432435
-0.34375	-0.0002890388
-0.28125	-0.0002350828
-0.21875	-0.0001815944
-0.15625	-0.0001286389
-0.09375	-7.616045e-05
-0.03125	-2.401794e-05
0.03125	2.797704e-05
0.09375	8.002128e-05
0.15625	0.0001322798
0.21875	0.0001848433
0.28125	0.0002376874
0.34375	0.0002906413
0.40625	0.0003433836
0.46875	0.0003954838
0.53125	0.0004465271
0.59375	0.0004963766
0.65625	0.000545597
0.71875	0.000595841
0.78125	-7.239064e-07
0.84375	1.755973e-05
0.90625	1.085877e-05
0.96875	3.556072e-06
