-0.96875	-9.446739e-06
-0.90625	-2.749154e-05
-0.84375	-3.895922e-05
-0.78125	-1.124766e-05
-0.71875	-0.0005581862
-0.65625	-0.0005016855
-0.59375	-0.0004631555
-0.53125	-0.0004225035
-0.46875	-0.0003761389
-0.40625	-0.0003257616
-0.34375	-0.0002736014
-0.28125	-0.0002212557
-0.21875	-0.0001696354
-0.15625	-0.0001191169
-0.09375	-6.969099e-05
-0.03125	-2.109252e-05
0.03125	2.708887e-05
0.09375	7.53128e-05
0.15625	0.0001239948
0.21875	0.0001733978
0.28125	0.0002235058
0.34375	0.0002738942
0.40625	0.0003236198
0.46875	0.0003711577
0.53125	0.0004145527
0.59375	0.0004525218
0.65625	0.0004887499
0.71875	0.0005445689
0.78125	3.195477e-06
0.84375	5.296238e-05
0.90625	3.38791e-05
0.96875	1.123412e-05
