-0.9921875	4.011263e-08
-0.9765625	1.209077e-07
-0.9609375	2.035423e-07
-0.9453125	2.890519e-07
-0.9296875	3.779752e-07
-0.9140625	4.698714e-07
-0.8984375	5.62449e-07
-0.8828125	6.500861e-07
-0.8671875	7.21546e-07
-0.8515625	7.569931e-07
-0.8359375	7.254603e-07
-0.8203125	5.863734e-07
-0.8046875	3.030387e-07
-0.7890625	-1.192178e-07
-0.7734375	-0.0001016451
-0.7578125	-0.0004127128
-0.7421875	-0.0006191736
-0.7265625	-0.0006073389
-0.7109375	-0.0005952428
-0.6953125	-0.0005828444
-0.6796875	-0.0005702126
-0.6640625	-0.0005574273
-0.6484375	-0.0005445461
-0.6328125	-0.0005316032
-0.6171875	-0.0005186166
-0.6015625	-0.0005055956
-0.5859375	-0.000492545
-0.5703125	-0.0004794681
-0.5546875	-0.0004663674
-0.5390625	-0.0004532454
-0.5234375	-0.0004401046
-0.5078125	-0.0004269476
-0.4921875	-0.0004137769
-0.4765625	-0.0004005952
-0.4609375	-0.0003874047
-0.4453125	-0.0003742079
-0.4296875	-0.0003610067
-0.4140625	-0.0003478033
-0.3984375	-0.0003345994
-0.3828125	-0.0003213966
-0.3671875	-0.0003081964
-0.3515625	-0.0002950002
-0.3359375	-0.000281809
-0.3203125	-0.0002686239
-0.3046875	-0.0002554456
-0.2890625	-0.0002422748
-0.2734375	-0.0002291122
-0.2578125	-0.0002159579
-0.2421875	-0.0002028124
-0.2265625	-0.0001896757
-0.2109375	-0.0001765479
-0.1953125	-0.0001634288
-0.1796875	-0.0001503183
-0.1640625	-0.000137216
-0.1484375	-0.0001241216
-0.1328125	-0.0001110345
-0.1171875	-9.795418e-05
-0.1015625	-8.488003e-05
-0.0859375	-7.181134e-05
-0.0703125	-5.874735e-05
-0.0546875	-4.568727e-05
-0.0390625	-3.263026e-05
-0.0234375	-1.957545e-05
-0.0078125	-6.521954e-06
0.0078125	6.531124e-06
0.0234375	1.958469e-05
0.0390625	3.263964e-05
0.0546875	4.569687e-05
0.0703125	5.875724e-05
0.0859375	7.182158e-05
0.1015625	8.48907e-05
0.1171875	9.796533e-05
0.1328125	0.0001110462
0.1484375	0.0001241339
0.1640625	0.000137229
0.1796875	0.0001503319
0.1953125	0.0001634432
0.2109375	0.000176563
0.2265625	0.0001896916
0.2421875	0.0002028291
0.2578125	0.0002159755
0.2734375	0.0002291305
0.2890625	0.000242294
0.3046875	0.0002554655
0.3203125	0.0002686446
0.3359375	0.0002818305
0.3515625	0.0002950223
0.3671875	0.0003082192
0.3828125	0.00032142
0.3984375	0.0003346233
0.4140625	0.0003478277
0.4296875	0.0003610315
0.4453125	0.0003742331
0.4609375	0.0003874303
0.4765625	0.000400621
0.4921875	0.0004138029
0.5078125	0.0004269737
0.5234375	0.0004401308
0.5390625	0.0004532716
0.5546875	0.0004663936
0.5703125	0.000479494
0.5859375	0.0004925705
0.6015625	0.0005056203
0.6171875	0.0005186403
0.6328125	0.0005316253
0.6484375	0.0005445662
0.6640625	0.0005574447
0.6796875	0.0005702268
0.6953125	0.000582855
0.7109375	0.0005952497
0.7265625	0.0006073425
0.7421875	0.0006191755
0.7578125	0.0004132476
0.7734375	0.0001022639
0.7890625	-2.265266e-07
0.8046875	-5.487175e-07
0.8203125	-7.498042e-07
0.8359375	-8.298045e-07
0.8515625	-8.208469e-07
0.8671875	-7.588667e-07
0.8828125	-6.707147e-07
0.8984375	-5.729682e-07
0.9140625	-4.745244e-07
0.9296875	-3.794318e-07
0.9453125	-2.889645e-07
0.9609375	-2.029153e-07
0.9765625	-1.203286e-07
0.9921875	-3.988805e-08
