-0.984375	-3.528e-06
-0.953125	-1.059918e-05
-0.921875	-1.78438e-05
-0.890625	-2.539676e-05
-0.859375	-3.313555e-05
-0.828125	-3.960993e-05
-0.796875	-3.807946e-05
-0.765625	-1.730398e-06
-0.734375	-0.0005889835
-0.703125	-0.0005383025
-0.671875	-0.0004979165
-0.640625	-0.0004649045
-0.609375	-0.0004373741
-0.578125	-0.0004136409
-0.546875	-0.0003923223
-0.515625	-0.000372394
-0.484375	-0.0003531452
-0.453125	-0.0003341082
-0.421875	-0.000314986
-0.390625	-0.0002955998
-0.359375	-0.0002758483
-0.328125	-0.0002556804
-0.296875	-0.0002350753
-0.265625	-0.0002140295
-0.234375	-0.000192548
-0.203125	-0.0001706386
-0.171875	-0.0001483093
-0.140625	-0.0001255661
-0.109375	-0.000102414
-0.078125	-7.885631e-05
-0.046875	-5.489671e-05
-0.015625	-3.053924e-05
0.015625	-5.790948e-06
0.046875	1.933865e-05
0.078125	4.483477e-05
0.109375	7.067801e-05
0.140625	9.684164e-05
0.171875	0.0001232916
0.203125	0.0001499835
0.234375	0.0001768608
0.265625	0.0002038513
0.296875	0.0002308635
0.328125	0.0002577823
0.359375	0.0002844665
0.390625	0.000310749
0.421875	0.000336443
0.453125	0.0003613601
0.484375	0.000385344
0.515625	0.0004083288
0.546875	0.0004304216
0.578125	0.0004520043
0.609375	0.0004738325
0.640625	0.0004971256
0.671875	0.0005238
0.703125	0.0005574357
0.734375	0.0006042447
0.765625	-2.506873e-06
0.796875	2.764136e-05
0.828125	3.385302e-05
0.859375	2.948678e-05
0.890625	2.270603e-05
0.921875	1.587411e-05
0.953125	9.375523e-06
0.984375	3.110272e-06
