-1.9375	-9.868421e-05
-1.8125	-0.0002960526
-1.6875	-0.0004934211
-1.5625	-0.0006907895
-1.4375	-0.0008881579
-1.3125	-0.001085526
-1.1875	-0.001282895
-1.0625	-0.001480263
-0.9375	-0.001677632
-0.8125	-0.001875
-0.6875	-0.002072366
-0.5625	-0.002269709
-0.4375	-0.002466841
-0.3125	-0.002662649
-0.1875	-0.002853814
-0.0625	-0.003045939
0.0625	0.003046193
0.1875	0.002853955
0.3125	0.002662664
0.4375	0.002466845
0.5625	0.002269709
0.6875	0.002072366
0.8125	0.001875
0.9375	0.001677632
1.0625	0.001480263
1.1875	0.001282895
1.3125	0.001085526
1.4375	0.0008881579
1.5625	0.0006907895
1.6875	0.0004934211
1.8125	0.0002960526
1.9375	9.868421e-05
