-1.9375	-0.0001128966
-1.8125	-0.0003098124
-1.6875	-0.0005070866
-1.5625	-0.0007046767
-1.4375	-0.0009025674
-1.3125	-0.001100695
-1.1875	-0.001299008
-1.0625	-0.001497395
-0.9375	-0.001695734
-0.8125	-0.001893823
-0.6875	-0.002091423
-0.5625	-0.002288212
-0.4375	-0.002483837
-0.3125	-0.002677986
-0.1875	-0.002870542
-0.0625	-0.00306161
0.0625	0.003053367
0.1875	0.002842188
0.3125	0.002635054
0.4375	0.00243195
0.5625	0.002232196
0.6875	0.002034906
0.8125	0.001839153
0.9375	0.001644298
1.0625	0.001449805
1.1875	0.001255415
1.3125	0.001060884
1.4375	0.0008661351
1.5625	0.0006710563
1.6875	0.0004756406
1.8125	0.0002798364
1.9375	8.366405e-05
