-1.9375	-0.0001021685
-1.8125	-0.0002992923
-1.6875	-0.0004964552
-1.5625	-0.0006935491
-1.4375	-0.0008903168
-1.3125	-0.00108612
-1.1875	-0.001279482
-1.0625	-0.001467373
-0.9375	-0.001643833
-0.8125	-0.001799073
-0.6875	-0.001917712
-0.5625	-0.001981372
-0.4375	-0.001969991
-0.3125	-0.0018729
-0.1875	-0.00169207
-0.0625	-0.001451703
0.0625	0.001450948
0.1875	0.001686256
0.3125	0.001862686
0.4375	0.001958239
0.5625	0.001967835
0.6875	0.001904412
0.8125	0.001785775
0.9375	0.001631407
1.0625	0.001455705
1.1875	0.001268785
1.3125	0.001076291
1.4375	0.0008813003
1.5625	0.0006852028
1.6875	0.000488634
1.8125	0.0002918258
1.9375	9.488204e-05
