2.56859e-09
9.25235e-09
2.02116e-08
3.51101e-08
5.39443e-08
7.65862e-08
9.45572e-08
1.05168e-07
1.09694e-07
1.18713e-07
1.18898e-07
1.23416e-07
1.15923e-07
1.13255e-07
1.06803e-07
1.00487e-07
1.13554e-07
1.16217e-07
1.23565e-07
1.20721e-07
1.26155e-07
1.31006e-07
1.37087e-07
1.31069e-07
1.47729e-07
1.39593e-07
1.42742e-07
1.43633e-07
1.34003e-07
1.47773e-07
1.43259e-07
1.45521e-07
1.4701e-07
1.40938e-07
1.35969e-07
1.46408e-07
1.41755e-07
1.44274e-07
1.40759e-07
1.41986e-07
1.45712e-07
1.39676e-07
1.48639e-07
1.44908e-07
1.38978e-07
1.42489e-07
1.41958e-07
1.34421e-07
1.4465e-07
1.45269e-07
1.414e-07
1.39782e-07
1.45583e-07
1.4192e-07
1.37995e-07
1.46382e-07
1.40171e-07
1.46447e-07
1.42105e-07
1.4617e-07
1.43793e-07
1.45582e-07
1.45231e-07
1.45855e-07
1.46414e-07
1.46909e-07
1.47337e-07
1.47701e-07
1.47998e-07
1.48227e-07
1.48389e-07
1.48485e-07
1.48512e-07
1.48469e-07
1.48358e-07
1.48178e-07
1.48023e-07
1.48064e-07
1.48041e-07
1.47956e-07
1.47808e-07
1.47598e-07
1.47325e-07
1.4699e-07
1.46593e-07
1.46134e-07
1.45614e-07
1.45073e-07
1.44586e-07
1.44044e-07
1.43445e-07
1.42791e-07
1.43267e-07
1.41316e-07
1.48578e-07
1.39709e-07
1.3889e-07
1.68301e-07
1.60774e-07
1.39557e-07
1.96609e-07
1.90341e-07
1.39116e-07
2.26376e-07
2.27498e-07
1.60594e-07
2.66762e-07
2.70921e-07
1.38026e-07
3.11297e-07
3.24777e-07
3.44233e-07
3.6625e-07
3.88401e-07
4.13274e-07
4.38478e-07
4.66589e-07
4.95252e-07
5.27032e-07
5.59564e-07
5.95515e-07
6.32503e-07
6.73153e-07
7.15174e-07
7.61157e-07
8.08875e-07
8.60904e-07
9.15073e-07
9.73955e-07
1.03543e-06
1.10208e-06
1.17184e-06
1.24729e-06
1.32643e-06
1.41185e-06
1.50162e-06
1.59834e-06
1.70015e-06
1.80968e-06
1.92514e-06
2.04917e-06
2.1803e-06
2.32074e-06
2.46932e-06
2.62845e-06
2.79687e-06
2.97715e-06
3.16807e-06
3.3723e-06
3.58873e-06
3.82009e-06
4.06542e-06
4.32753e-06
4.60563e-06
4.90262e-06
5.21785e-06
5.55435e-06
5.91166e-06
6.29291e-06
6.69794e-06
7.12993e-06
7.58894e-06
8.07843e-06
8.59863e-06
9.15327e-06
9.74279e-06
1.03713e-05
1.10393e-05
1.17514e-05
1.25085e-05
1.33154e-05
1.41733e-05
1.50877e-05
1.60598e-05
1.70959e-05
1.81974e-05
1.93719e-05
2.06195e-05
2.19515e-05
2.33641e-05
2.48744e-05
2.64747e-05
2.81863e-05
2.99993e-05
3.19389e-05
3.39929e-05
3.6191e-05
3.85178e-05
4.10089e-05
4.36447e-05
4.6468e-05
4.9478e-05
5.26891e-05
5.60934e-05
5.9738e-05
6.35942e-05
6.77286e-05
7.20978e-05
7.67871e-05
8.17377e-05
8.70565e-05
9.26656e-05
9.86986e-05
0.000105053
0.000111897
0.000119095
0.000126859
0.000135012
0.00014382
0.000153055
0.000163048
0.000173505
0.000184846
0.000196685
0.000209555
0.000222957
0.000237566
0.000252733
0.000269318
0.000286481
0.000305311
0.000324729
0.000346112
0.000368075
0.000392361
0.000417195
0.000444796
0.000472864
0.00050423
0.000535943
0.000571603
0.000607418
0.000647977
0.000688404
0.000734562
0.000780165
0.000832728
0.000884131
0.000944028
0.00100193
0.00107023
0.0011354
0.00121335
0.00128663
0.00137569
0.00145801
0.00155987
0.00165225
0.00176891
0.00187245
0.00200627
0.00212217
0.00227597
0.00240555
0.00258266
0.00272727
0.00293174
0.00309286
0.00332962
0.00350883
0.00378397
0.00398289
0.00430511
0.00452439
0.0049016
0.0051448
0.00559046
0.00585855
0.0063893
0.00668398
0.0073224
0.00764519
0.00842279
0.00877529
0.00973781
0.0101304
0.0113561
0.011801
0.0134408
0.0139548
0.0162597
0.0168545
0.0203174
0.020943
0.0266415
0.0274432
0.0386646
0.0399854
0.0716504
0.072417
0.234692
0.243334
0.517172
0.503138
0.204569
0.1215
0.783727
0.56436
2.14798
