-0.984375	-1.023979e-05
-0.953125	-3.108353e-05
-0.921875	-5.313974e-05
-0.890625	-7.742759e-05
-0.859375	-0.0001052473
-0.828125	-0.0001381655
-0.796875	-0.0001776141
-0.765625	-0.0002242297
-0.734375	-0.0004034035
-0.703125	-0.0004288315
-0.671875	-0.00044094
-0.640625	-0.0004435375
-0.609375	-0.0004397305
-0.578125	-0.0004316226
-0.546875	-0.0004205733
-0.515625	-0.0004074143
-0.484375	-0.0003926137
-0.453125	-0.0003764127
-0.421875	-0.0003589334
-0.390625	-0.0003402502
-0.359375	-0.0003204303
-0.328125	-0.0002995506
-0.296875	-0.0002777007
-0.265625	-0.0002549794
-0.234375	-0.0002314891
-0.203125	-0.0002073299
-0.171875	-0.0001825959
-0.140625	-0.0001573725
-0.109375	-0.0001317351
-0.078125	-0.0001057489
-0.046875	-7.946945e-05
-0.015625	-5.294341e-05
0.015625	-2.620962e-05
0.046875	6.998702e-07
0.078125	2.775875e-05
0.109375	5.49456e-05
0.140625	8.224311e-05
0.171875	0.0001096374
0.203125	0.0001371177
0.234375	0.0001646756
0.265625	0.000192305
0.296875	0.0002200016
0.328125	0.0002477629
0.359375	0.0002755878
0.390625	0.0003034764
0.421875	0.0003314303
0.453125	0.0003594528
0.484375	0.0003875492
0.515625	0.0004157283
0.546875	0.0004440013
0.578125	0.000472379
0.609375	0.0005008573
0.640625	0.0005293821
0.671875	0.0005577843
0.703125	0.0005857222
0.734375	0.0006127302
0.765625	0.0003835803
0.796875	7.874446e-05
0.828125	-6.413449e-05
0.859375	-5.816225e-05
0.890625	1.055222e-06
0.921875	3.380061e-07
0.953125	6.402379e-08
0.984375	1.007512e-08
