-0.96875	-3.834729e-06
-0.90625	-1.180282e-05
-0.84375	-2.002114e-05
-0.78125	-6.166557e-07
-0.71875	-0.0005902786
-0.65625	-0.0005428926
-0.59375	-0.000496292
-0.53125	-0.0004483179
-0.46875	-0.0003986235
-0.40625	-0.0003475226
-0.34375	-0.0002955336
-0.28125	-0.0002431172
-0.21875	-0.0001905881
-0.15625	-0.0001381166
-0.09375	-8.575931e-05
-0.03125	-3.349804e-05
0.03125	1.873011e-05
0.09375	7.100512e-05
0.15625	0.0001234065
0.21875	0.0001759971
0.28125	0.0002288148
0.34375	0.0002818644
0.40625	0.0003351139
0.46875	0.000388485
0.53125	0.0004418356
0.59375	0.0004949174
0.65625	0.0005472893
0.71875	0.0005984096
0.78125	0.0003086171
0.84375	-3.623511e-07
0.90625	1.352644e-06
0.96875	4.992734e-07
