-0.96875	-1.118921e-05
-0.90625	-3.403081e-05
-0.84375	-5.478334e-05
-0.78125	-4.635329e-06
-0.71875	-0.0005446467
-0.65625	-0.0004988164
-0.59375	-0.0004694484
-0.53125	-0.0004362806
-0.46875	-0.0003962831
-0.40625	-0.0003509226
-0.34375	-0.000302165
-0.28125	-0.0002514834
-0.21875	-0.0001997997
-0.15625	-0.0001476297
-0.09375	-9.522648e-05
-0.03125	-4.268513e-05
0.03125	9.98703e-06
0.09375	6.282425e-05
0.15625	0.0001158725
0.21875	0.0001691703
0.28125	0.0002227365
0.34375	0.0002765626
0.40625	0.000330607
0.46875	0.0003847858
0.53125	0.0004389528
0.59375	0.000492857
0.65625	0.0005460539
0.71875	0.000597995
0.78125	0.000308351
0.84375	6.712783e-08
0.90625	1.315501e-06
0.96875	4.802975e-07
