-0.984375	-3.12491e-06
-0.953125	-9.409899e-06
-0.921875	-1.591489e-05
-0.890625	-2.280128e-05
-0.859375	-2.999899e-05
-0.828125	-3.622542e-05
-0.796875	-3.513374e-05
-0.765625	2.920501e-07
-0.734375	-0.0006002634
-0.703125	-0.0005685272
-0.671875	-0.0005428756
-0.640625	-0.0005198878
-0.609375	-0.0004980621
-0.578125	-0.0004765089
-0.546875	-0.0004546726
-0.515625	-0.000432245
-0.484375	-0.0004091003
-0.453125	-0.0003852351
-0.421875	-0.000360718
-0.390625	-0.0003356521
-0.359375	-0.0003101496
-0.328125	-0.000284317
-0.296875	-0.0002582471
-0.265625	-0.0002320164
-0.234375	-0.0002056849
-0.203125	-0.0001792976
-0.171875	-0.0001528867
-0.140625	-0.0001264743
-0.109375	-0.0001000741
-0.078125	-7.369381e-05
-0.046875	-4.733643e-05
-0.015625	-2.100184e-05
0.015625	5.312297e-06
0.046875	3.160972e-05
0.078125	5.789498e-05
0.109375	8.417304e-05
0.140625	0.000110449
0.171875	0.0001367279
0.203125	0.0001630148
0.234375	0.0001893145
0.265625	0.0002156317
0.296875	0.0002419711
0.328125	0.0002683372
0.359375	0.0002947347
0.390625	0.0003211683
0.421875	0.0003476433
0.453125	0.0003741656
0.484375	0.0004007432
0.515625	0.0004273863
0.546875	0.0004541078
0.578125	0.00048092
0.609375	0.0005078208
0.640625	0.0005347605
0.671875	0.0005615785
0.703125	0.0005879477
0.734375	0.0006134202
0.765625	0.0003876061
0.796875	9.554725e-05
0.828125	-3.014755e-05
0.859375	-3.994879e-08
0.890625	-2.483737e-07
0.921875	-1.974535e-07
0.953125	-1.253741e-07
0.984375	-4.338745e-08
