-0.984375	-9.510065e-06
-0.953125	-2.873209e-05
-0.921875	-4.864658e-05
-0.890625	-6.986577e-05
-0.859375	-9.317631e-05
-0.828125	-0.0001193379
-0.796875	-0.0001481193
-0.765625	-0.000176825
-0.734375	-0.0004505383
-0.703125	-0.0004488911
-0.671875	-0.0004433031
-0.640625	-0.0004367646
-0.609375	-0.0004296171
-0.578125	-0.0004213765
-0.546875	-0.0004116116
-0.515625	-0.0004001269
-0.484375	-0.0003869039
-0.453125	-0.0003720157
-0.421875	-0.0003555741
-0.390625	-0.0003377034
-0.359375	-0.0003185313
-0.328125	-0.0002981843
-0.296875	-0.000276787
-0.265625	-0.0002544594
-0.234375	-0.0002313154
-0.203125	-0.000207461
-0.171875	-0.0001829931
-0.140625	-0.0001579986
-0.109375	-0.0001325541
-0.078125	-0.0001067266
-0.046875	-8.057357e-05
-0.015625	-5.41441e-05
0.015625	-2.747968e-05
0.046875	-6.151269e-07
0.078125	2.642047e-05
0.109375	5.360302e-05
0.140625	8.091266e-05
0.171875	0.0001083332
0.203125	0.0001358517
0.234375	0.0001634578
0.265625	0.0001911437
0.296875	0.0002189036
0.328125	0.0002467336
0.359375	0.0002746312
0.390625	0.0003025956
0.421875	0.0003306273
0.453125	0.0003587289
0.484375	0.000386905
0.515625	0.0004151635
0.546875	0.0004435154
0.578125	0.0004719707
0.609375	0.000500525
0.640625	0.0005291237
0.671875	0.0005575974
0.703125	0.0005856045
0.734375	0.0006126812
0.765625	0.0003841166
0.796875	8.206586e-05
0.828125	-5.613174e-05
0.859375	-4.433199e-05
0.890625	3.023804e-07
0.921875	2.708414e-07
0.953125	1.822872e-07
0.984375	6.322191e-08
