-0.984375	3.394749e-07
-0.953125	1.029026e-06
-0.921875	1.72441e-06
-0.890625	2.353969e-06
-0.859375	2.724102e-06
-0.828125	2.50388e-06
-0.796875	1.346093e-06
-0.765625	-0.0002573962
-0.734375	-0.0006162788
-0.703125	-0.0005950787
-0.671875	-0.0005723031
-0.640625	-0.0005481697
-0.609375	-0.0005229864
-0.578125	-0.0004970102
-0.546875	-0.0004704517
-0.515625	-0.0004434829
-0.484375	-0.0004162426
-0.453125	-0.0003888417
-0.421875	-0.0003613678
-0.390625	-0.0003338894
-0.359375	-0.0003064581
-0.328125	-0.0002791115
-0.296875	-0.0002518748
-0.265625	-0.000224763
-0.234375	-0.0001977833
-0.203125	-0.0001709362
-0.171875	-0.0001442176
-0.140625	-0.00011762
-0.109375	-9.113351e-05
-0.078125	-6.474686e-05
-0.046875	-3.84481e-05
-0.015625	-1.22251e-05
0.015625	1.393406e-05
0.046875	4.004078e-05
0.078125	6.610575e-05
0.109375	9.213885e-05
0.140625	0.0001181491
0.171875	0.0001441446
0.203125	0.0001701326
0.234375	0.0001961197
0.265625	0.0002221118
0.296875	0.0002481141
0.328125	0.0002741313
0.359375	0.0003001679
0.390625	0.0003262283
0.421875	0.0003523167
0.453125	0.0003784386
0.484375	0.0004046007
0.515625	0.000430812
0.546875	0.0004570843
0.578125	0.0004834285
0.609375	0.0005098427
0.640625	0.0005362811
0.671875	0.000562598
0.703125	0.0005884979
0.734375	0.0006135766
0.765625	0.0004067238
0.796875	0.0001302079
0.828125	-1.115588e-06
0.859375	-2.397552e-07
0.890625	-2.729796e-07
0.921875	-2.383183e-07
0.953125	-1.592067e-07
0.984375	-5.542154e-08
