-0.9921875	6.501299e-09
-0.9765625	2.048577e-08
-0.9609375	3.757244e-08
-0.9453125	5.969681e-08
-0.9296875	8.839109e-08
-0.9140625	1.243707e-07
-0.8984375	1.667905e-07
-0.8828125	2.120146e-07
-0.8671875	2.518128e-07
-0.8515625	2.712465e-07
-0.8359375	2.474336e-07
-0.8203125	1.520977e-07
-0.8046875	-3.775849e-08
-0.7890625	-3.209939e-07
-0.7734375	-0.0002039694
-0.7578125	-0.0005173925
-0.7421875	-0.0006189599
-0.7265625	-0.0006069488
-0.7109375	-0.0005947284
-0.6953125	-0.0005822621
-0.6796875	-0.0005695945
-0.6640625	-0.0005567822
-0.6484375	-0.0005438695
-0.6328125	-0.0005308855
-0.6171875	-0.000517848
-0.6015625	-0.0005047681
-0.5859375	-0.0004916536
-0.5703125	-0.0004785104
-0.5546875	-0.0004653436
-0.5390625	-0.0004521578
-0.5234375	-0.0004389571
-0.5078125	-0.0004257454
-0.4921875	-0.000412526
-0.4765625	-0.000399302
-0.4609375	-0.000386076
-0.4453125	-0.0003728505
-0.4296875	-0.0003596274
-0.4140625	-0.0003464085
-0.3984375	-0.0003331952
-0.3828125	-0.0003199887
-0.3671875	-0.00030679
-0.3515625	-0.0002935999
-0.3359375	-0.0002804192
-0.3203125	-0.0002672482
-0.3046875	-0.0002540872
-0.2890625	-0.0002409367
-0.2734375	-0.0002277965
-0.2578125	-0.0002146668
-0.2421875	-0.0002015475
-0.2265625	-0.0001884385
-0.2109375	-0.0001753394
-0.1953125	-0.0001622501
-0.1796875	-0.0001491701
-0.1640625	-0.0001360992
-0.1484375	-0.0001230368
-0.1328125	-0.0001099825
-0.1171875	-9.693576e-05
-0.1015625	-8.389607e-05
-0.0859375	-7.086287e-05
-0.0703125	-5.783557e-05
-0.0546875	-4.48136e-05
-0.0390625	-3.179635e-05
-0.0234375	-1.878321e-05
-0.0078125	-5.77357e-06
0.0078125	7.233174e-06
0.0234375	2.023763e-05
0.0390625	3.324038e-05
0.0546875	4.624203e-05
0.0703125	5.924313e-05
0.0859375	7.224424e-05
0.1015625	8.52459e-05
0.1171875	9.824861e-05
0.1328125	0.0001112529
0.1484375	0.0001242591
0.1640625	0.0001372678
0.1796875	0.0001502793
0.1953125	0.000163294
0.2109375	0.0001763122
0.2265625	0.0001893344
0.2421875	0.0002023606
0.2578125	0.0002153912
0.2734375	0.0002284264
0.2890625	0.0002414662
0.3046875	0.000254511
0.3203125	0.0002675607
0.3359375	0.0002806154
0.3515625	0.000293675
0.3671875	0.0003067396
0.3828125	0.000319809
0.3984375	0.000332883
0.4140625	0.0003459615
0.4296875	0.0003590441
0.4453125	0.0003721305
0.4609375	0.0003852202
0.4765625	0.0003983126
0.4921875	0.0004114072
0.5078125	0.0004245034
0.5234375	0.0004376002
0.5390625	0.0004506971
0.5546875	0.0004637931
0.5703125	0.0004768875
0.5859375	0.0004899793
0.6015625	0.0005030675
0.6171875	0.0005161506
0.6328125	0.0005292255
0.6484375	0.0005422856
0.6640625	0.0005553181
0.6796875	0.0005682979
0.6953125	0.0005811834
0.7109375	0.0005939163
0.7265625	0.0006064451
0.7421875	0.0006187933
0.7578125	0.0004873457
0.7734375	0.0002733745
0.7890625	0.0001172059
0.8046875	1.658885e-05
0.8203125	-3.065168e-05
0.8359375	-2.661624e-05
0.8515625	-4.622096e-08
0.8671875	-9.355546e-09
0.8828125	1.097581e-08
0.8984375	1.868257e-08
0.9140625	1.951436e-08
0.9296875	1.680775e-08
0.9453125	1.272549e-08
0.9609375	8.544259e-09
0.9765625	4.806104e-09
0.9921875	1.533832e-09
