-0.984375	2.226681e-07
-0.953125	6.103958e-07
-0.921875	7.293481e-07
-0.890625	2.90077e-07
-0.859375	-1.082807e-06
-0.828125	-3.635483e-06
-0.796875	-6.662854e-06
-0.765625	-6.421252e-06
-0.734375	-0.0006261686
-0.703125	-0.0006013604
-0.671875	-0.0005721867
-0.640625	-0.0005423881
-0.609375	-0.0005134271
-0.578125	-0.0004855185
-0.546875	-0.0004584741
-0.515625	-0.0004320598
-0.484375	-0.0004060873
-0.453125	-0.0003804155
-0.421875	-0.0003549373
-0.390625	-0.0003295692
-0.359375	-0.0003042464
-0.328125	-0.00027892
-0.296875	-0.0002535556
-0.265625	-0.0002281307
-0.234375	-0.0002026327
-0.203125	-0.0001770562
-0.171875	-0.0001514009
-0.140625	-0.0001256698
-0.109375	-9.986735e-05
-0.078125	-7.399905e-05
-0.046875	-4.807029e-05
-0.015625	-2.208608e-05
0.015625	3.949093e-06
0.046875	3.003146e-05
0.078125	5.615793e-05
0.109375	8.232606e-05
0.140625	0.0001085341
0.171875	0.0001347809
0.203125	0.0001610659
0.234375	0.0001873893
0.265625	0.0002137518
0.296875	0.0002401548
0.328125	0.0002666001
0.359375	0.0002930904
0.390625	0.0003196286
0.421875	0.0003462188
0.453125	0.000372866
0.484375	0.0003995772
0.515625	0.0004263621
0.546875	0.0004532329
0.578125	0.0004802011
0.609375	0.0005072632
0.640625	0.0005343656
0.671875	0.0005613405
0.703125	0.0005878481
0.734375	0.0006134272
0.765625	0.0003844042
0.796875	8.261064e-05
0.828125	-5.563323e-05
0.859375	-4.41567e-05
0.890625	3.018638e-07
0.921875	2.699478e-07
0.953125	1.815865e-07
0.984375	6.296964e-08
