-0.984375	3.400079e-07
-0.953125	1.030539e-06
-0.921875	1.726631e-06
-0.890625	2.356455e-06
-0.859375	2.726283e-06
-0.828125	2.505157e-06
-0.796875	1.346097e-06
-0.765625	-0.0002573902
-0.734375	-0.0006162834
-0.703125	-0.0005950924
-0.671875	-0.0005723239
-0.640625	-0.0005481946
-0.609375	-0.0005230125
-0.578125	-0.0004970351
-0.546875	-0.0004704739
-0.515625	-0.0004435016
-0.484375	-0.0004162575
-0.453125	-0.0003888529
-0.421875	-0.0003613757
-0.390625	-0.0003338943
-0.359375	-0.0003064606
-0.328125	-0.0002791119
-0.296875	-0.0002518734
-0.265625	-0.0002247603
-0.234375	-0.0001977795
-0.203125	-0.0001709316
-0.171875	-0.0001442124
-0.140625	-0.0001176144
-0.109375	-9.112757e-05
-0.078125	-6.474073e-05
-0.046875	-3.844188e-05
-0.015625	-1.221886e-05
0.015625	1.394026e-05
0.046875	4.004688e-05
0.078125	6.611172e-05
0.109375	9.214465e-05
0.140625	0.0001181547
0.171875	0.00014415
0.203125	0.0001701378
0.234375	0.0001961246
0.265625	0.0002221165
0.296875	0.0002481184
0.328125	0.0002741354
0.359375	0.0003001717
0.390625	0.0003262318
0.421875	0.00035232
0.453125	0.0003784415
0.484375	0.0004046033
0.515625	0.0004308143
0.546875	0.0004570863
0.578125	0.0004834302
0.609375	0.0005098441
0.640625	0.0005362822
0.671875	0.0005625987
0.703125	0.0005884984
0.734375	0.0006135768
0.765625	0.0004067231
0.796875	0.0001302068
0.828125	-1.11622e-06
0.859375	-2.39758e-07
0.890625	-2.729801e-07
0.921875	-2.383178e-07
0.953125	-1.592061e-07
0.984375	-5.542132e-08
