-0.96875	-3.834531e-06
-0.90625	-1.18022e-05
-0.84375	-2.002018e-05
-0.78125	-6.164194e-07
-0.71875	-0.0005902787
-0.65625	-0.0005428888
-0.59375	-0.000496286
-0.53125	-0.0004483106
-0.46875	-0.0003986158
-0.40625	-0.0003475148
-0.34375	-0.0002955257
-0.28125	-0.0002431091
-0.21875	-0.0001905799
-0.15625	-0.0001381081
-0.09375	-8.575081e-05
-0.03125	-3.348941e-05
0.03125	1.873853e-05
0.09375	7.101346e-05
0.15625	0.0001234145
0.21875	0.0001760049
0.28125	0.0002288224
0.34375	0.0002818719
0.40625	0.0003351213
0.46875	0.0003884922
0.53125	0.0004418421
0.59375	0.0004949223
0.65625	0.0005472915
0.71875	0.0005984086
0.78125	0.0003086133
0.84375	-3.623756e-07
0.90625	1.352798e-06
0.96875	4.993394e-07
