-0.984375	-9.652453e-07
-0.953125	-2.89406e-06
-0.921875	-4.878899e-06
-0.890625	-6.965747e-06
-0.859375	-9.106832e-06
-0.828125	-1.082859e-05
-0.796875	-1.009227e-05
-0.765625	1.17559e-06
-0.734375	-0.0006205322
-0.703125	-0.0005973774
-0.671875	-0.0005712417
-0.640625	-0.0005446864
-0.609375	-0.0005184435
-0.578125	-0.0004924708
-0.546875	-0.0004665432
-0.515625	-0.0004404783
-0.484375	-0.0004141851
-0.453125	-0.00038765
-0.421875	-0.0003609074
-0.390625	-0.0003340153
-0.359375	-0.0003070365
-0.328125	-0.000280029
-0.296875	-0.0002530407
-0.265625	-0.0002261072
-0.234375	-0.000199253
-0.203125	-0.0001724927
-0.171875	-0.0001458328
-0.140625	-0.0001192734
-0.109375	-9.281044e-05
-0.078125	-6.643658e-05
-0.046875	-4.01426e-05
-0.015625	-1.391826e-05
0.015625	1.224707e-05
0.046875	3.836394e-05
0.078125	6.444247e-05
0.109375	9.049221e-05
0.140625	0.000116522
0.171875	0.00014254
0.203125	0.0001685537
0.234375	0.0001945701
0.265625	0.0002205956
0.296875	0.0002466363
0.328125	0.000272698
0.359375	0.0002987862
0.390625	0.0003249065
0.421875	0.0003510648
0.453125	0.0003772677
0.484375	0.0004035235
0.515625	0.0004298429
0.546875	0.000456239
0.578125	0.0004827244
0.609375	0.0005092974
0.640625	0.0005359084
0.671875	0.0005623973
0.703125	0.0005884376
0.734375	0.0006135823
0.765625	0.0003877838
0.796875	9.586629e-05
0.828125	-2.989174e-05
0.859375	-3.978275e-08
0.890625	-2.469737e-07
0.921875	-1.962342e-07
0.953125	-1.246045e-07
0.984375	-4.312719e-08
