-0.984375	1.645801e-06
-0.953125	4.847089e-06
-0.921875	7.652435e-06
-0.890625	9.632704e-06
-0.859375	1.019537e-05
-0.828125	8.763981e-06
-0.796875	5.529752e-06
-0.765625	3.327734e-06
-0.734375	-0.0006343143
-0.703125	-0.0006153626
-0.671875	-0.0005894354
-0.640625	-0.0005606788
-0.609375	-0.0005311131
-0.578125	-0.0005015741
-0.546875	-0.0004723993
-0.515625	-0.0004437062
-0.484375	-0.0004154988
-0.453125	-0.0003877233
-0.421875	-0.0003603034
-0.390625	-0.0003331633
-0.359375	-0.0003062383
-0.328125	-0.0002794785
-0.296875	-0.0002528478
-0.265625	-0.0002263208
-0.234375	-0.0001998802
-0.203125	-0.0001735134
-0.171875	-0.0001472108
-0.140625	-0.0001209641
-0.109375	-9.476581e-05
-0.078125	-6.860879e-05
-0.046875	-4.248586e-05
-0.015625	-1.639005e-05
0.015625	9.685434e-06
0.046875	3.574705e-05
0.078125	6.180091e-05
0.109375	8.785272e-05
0.140625	0.0001139078
0.171875	0.0001399713
0.203125	0.0001660478
0.234375	0.0001921421
0.265625	0.0002182588
0.296875	0.0002444024
0.328125	0.0002705777
0.359375	0.0002967896
0.390625	0.000323043
0.421875	0.0003493435
0.453125	0.0003756975
0.484375	0.0004021132
0.515625	0.0004286009
0.546875	0.0004551739
0.578125	0.0004818439
0.609375	0.000508608
0.640625	0.0005354133
0.671875	0.0005620921
0.703125	0.000588305
0.734375	0.0006135889
0.765625	0.0003837632
0.796875	7.908145e-05
0.828125	-6.381935e-05
0.859375	-5.803031e-05
0.890625	1.054713e-06
0.921875	3.379737e-07
0.953125	6.41169e-08
0.984375	1.011663e-08
