1.23549e-09
4.75136e-09
1.04464e-08
1.81944e-08
2.79007e-08
3.94841e-08
5.28751e-08
6.80116e-08
8.48375e-08
1.03301e-07
1.23353e-07
1.44949e-07
1.68043e-07
1.92596e-07
2.18566e-07
2.45915e-07
2.74605e-07
3.046e-07
3.35864e-07
3.68365e-07
4.02069e-07
4.36943e-07
4.72957e-07
5.1008e-07
5.48283e-07
5.87538e-07
6.27816e-07
6.69091e-07
7.11337e-07
7.54527e-07
7.98638e-07
8.43644e-07
8.89522e-07
9.3625e-07
9.83805e-07
1.03217e-06
1.08131e-06
1.13122e-06
1.18187e-06
1.23325e-06
1.28533e-06
1.3381e-06
1.39154e-06
1.44563e-06
1.50035e-06
1.55569e-06
1.61163e-06
1.66816e-06
1.72526e-06
1.78291e-06
1.8411e-06
1.89981e-06
1.95904e-06
2.01877e-06
2.07906e-06
2.14232e-06
2.20618e-06
2.27065e-06
2.33572e-06
2.40136e-06
2.46758e-06
