-0.984375	6.708586e-07
-0.953125	2.033549e-06
-0.921875	3.352738e-06
-0.890625	4.487874e-06
-0.859375	5.099315e-06
-0.828125	4.660508e-06
-0.796875	2.675964e-06
-0.765625	-0.0001869752
-0.734375	-0.0006153317
-0.703125	-0.0005924852
-0.671875	-0.000569436
-0.640625	-0.0005459039
-0.609375	-0.0005216026
-0.578125	-0.0004964435
-0.546875	-0.0004705139
-0.515625	-0.0004439874
-0.484375	-0.0004170402
-0.453125	-0.0003898271
-0.421875	-0.0003624686
-0.390625	-0.0003350593
-0.359375	-0.0003076669
-0.328125	-0.0002803424
-0.296875	-0.0002531178
-0.265625	-0.0002260167
-0.234375	-0.0001990462
-0.203125	-0.0001722105
-0.171875	-0.0001455009
-0.140625	-0.0001189087
-0.109375	-9.241366e-05
-0.078125	-6.599847e-05
-0.046875	-3.963804e-05
-0.015625	-1.33093e-05
0.015625	1.30144e-05
0.046875	3.935657e-05
0.078125	6.574264e-05
0.109375	9.219205e-05
0.140625	0.0001187242
0.171875	0.0001453502
0.203125	0.0001720799
0.234375	0.0001989117
0.265625	0.000225841
0.296875	0.0002528501
0.328125	0.0002799165
0.359375	0.0003070052
0.390625	0.0003340745
0.421875	0.0003610717
0.453125	0.0003879387
0.484375	0.0004146087
0.515625	0.0004410127
0.546875	0.0004670748
0.578125	0.000492726
0.609375	0.0005179169
0.640625	0.0005427071
0.671875	0.0005675095
0.703125	0.0005937149
0.734375	0.0006228246
0.765625	0.0002214085
0.796875	-3.583114e-06
0.828125	-4.827565e-06
0.859375	-5.020652e-06
0.890625	-4.410707e-06
0.921875	-3.312937e-06
0.953125	-2.015245e-06
0.984375	-6.671762e-07
