-0.984375	1.521458e-07
-0.953125	4.447177e-07
-0.921875	6.904213e-07
-0.890625	8.073073e-07
-0.859375	6.547593e-07
-0.828125	1.016287e-07
-0.796875	-0.0001228375
-0.765625	-0.0004332714
-0.734375	-0.0006137516
-0.703125	-0.0005892743
-0.671875	-0.0005638724
-0.640625	-0.0005379043
-0.609375	-0.00051167
-0.578125	-0.0004853321
-0.546875	-0.0004589596
-0.515625	-0.0004325811
-0.484375	-0.0004062058
-0.453125	-0.0003798395
-0.421875	-0.0003534849
-0.390625	-0.0003271466
-0.359375	-0.0003008275
-0.328125	-0.0002745321
-0.296875	-0.0002482619
-0.265625	-0.0002220198
-0.234375	-0.0001958056
-0.203125	-0.00016962
-0.171875	-0.0001434608
-0.140625	-0.0001173264
-0.109375	-9.121255e-05
-0.078125	-6.511619e-05
-0.046875	-3.903163e-05
-0.015625	-1.295476e-05
0.015625	1.312067e-05
0.046875	3.919898e-05
0.078125	6.52864e-05
0.109375	9.138677e-05
0.140625	0.0001175051
0.171875	0.0001436438
0.203125	0.0001698064
0.234375	0.0001959937
0.265625	0.000222207
0.296875	0.0002484445
0.328125	0.0002747052
0.359375	0.0003009848
0.390625	0.0003272802
0.421875	0.0003535856
0.453125	0.0003798974
0.484375	0.0004062106
0.515625	0.0004325231
0.546875	0.0004588313
0.578125	0.0004851301
0.609375	0.0005113969
0.640625	0.0005375701
0.671875	0.0005635021
0.703125	0.0005889335
0.734375	0.0006135445
0.765625	0.0004333094
0.796875	0.0001226182
0.828125	-1.172038e-07
0.859375	-6.535836e-07
0.890625	-7.951967e-07
0.921875	-6.786207e-07
0.953125	-4.393179e-07
0.984375	-1.480032e-07
