-0.984375	6.857116e-07
-0.953125	2.056458e-06
-0.921875	3.384026e-06
-0.890625	4.526809e-06
-0.859375	5.137445e-06
-0.828125	4.686818e-06
-0.796875	2.680373e-06
-0.765625	-0.0001863913
-0.734375	-0.0006153673
-0.703125	-0.0005926085
-0.671875	-0.0005696518
-0.640625	-0.0005462005
-0.609375	-0.0005219632
-0.578125	-0.0004968451
-0.546875	-0.0004709379
-0.515625	-0.0004444156
-0.484375	-0.0004174597
-0.453125	-0.0003902279
-0.421875	-0.0003628444
-0.390625	-0.000335405
-0.359375	-0.0003079805
-0.328125	-0.0002806227
-0.296875	-0.0002533659
-0.265625	-0.0002262325
-0.234375	-0.0001992328
-0.203125	-0.0001723688
-0.171875	-0.0001456346
-0.140625	-0.0001190181
-0.109375	-9.250228e-05
-0.078125	-6.606661e-05
-0.046875	-3.96871e-05
-0.015625	-1.333882e-05
0.015625	1.300443e-05
0.046875	3.9368e-05
0.078125	6.577643e-05
0.109375	9.225133e-05
0.140625	0.0001188108
0.171875	0.0001454686
0.203125	0.000172232
0.234375	0.0001991017
0.265625	0.0002260705
0.296875	0.0002531225
0.328125	0.0002802318
0.359375	0.0003073637
0.390625	0.000334473
0.421875	0.0003615059
0.453125	0.0003884006
0.484375	0.0004150889
0.515625	0.0004414964
0.546875	0.000467546
0.578125	0.0004931638
0.609375	0.0005183021
0.640625	0.0005430202
0.671875	0.0005677416
0.703125	0.0005938724
0.734375	0.0006229342
0.765625	0.0002208723
0.796875	-3.611656e-06
0.828125	-4.872302e-06
0.859375	-5.069137e-06
0.890625	-4.461258e-06
0.921875	-3.35823e-06
0.953125	-2.058187e-06
0.984375	-7.037701e-07
