-0.984375	1.519397e-07
-0.953125	4.449979e-07
-0.921875	6.899493e-07
-0.890625	8.091625e-07
-0.859375	6.616226e-07
-0.828125	1.109899e-07
-0.796875	-0.0001226514
-0.765625	-0.0004330776
-0.734375	-0.0006137766
-0.703125	-0.0005893013
-0.671875	-0.000563898
-0.640625	-0.0005379306
-0.609375	-0.0005116995
-0.578125	-0.0004853643
-0.546875	-0.0004589945
-0.515625	-0.0004326175
-0.484375	-0.0004062435
-0.453125	-0.0003798775
-0.421875	-0.0003535233
-0.390625	-0.0003271845
-0.359375	-0.000300865
-0.328125	-0.0002745683
-0.296875	-0.0002482972
-0.265625	-0.0002220536
-0.234375	-0.0001958383
-0.203125	-0.000169651
-0.171875	-0.0001434902
-0.140625	-0.0001173534
-0.109375	-9.123745e-05
-0.078125	-6.513817e-05
-0.046875	-3.905098e-05
-0.015625	-1.297085e-05
0.015625	1.310742e-05
0.046875	3.918905e-05
0.078125	6.527912e-05
0.109375	9.138232e-05
0.140625	0.0001175028
0.171875	0.0001436441
0.203125	0.0001698087
0.234375	0.0001959982
0.265625	0.0002222132
0.296875	0.0002484527
0.328125	0.0002747149
0.359375	0.0003009964
0.390625	0.0003272932
0.421875	0.0003536004
0.453125	0.0003799132
0.484375	0.0004062275
0.515625	0.0004325402
0.546875	0.0004588486
0.578125	0.0004851464
0.609375	0.0005114119
0.640625	0.0005375822
0.671875	0.0005635099
0.703125	0.0005889356
0.734375	0.0006135446
0.765625	0.0004333478
0.796875	0.000122659
0.828125	-1.183704e-07
0.859375	-6.56939e-07
0.890625	-7.996559e-07
0.921875	-6.819357e-07
0.953125	-4.401756e-07
0.984375	-1.507224e-07
