-0.96875	1.098703e-07
-0.90625	1.910741e-07
-0.84375	-0.0001335681
-0.78125	-0.0004439607
-0.71875	-0.000600744
-0.65625	-0.0005500746
-0.59375	-0.000498021
-0.53125	-0.0004454684
-0.46875	-0.0003927872
-0.40625	-0.0003401181
-0.34375	-0.0002875211
-0.28125	-0.0002350257
-0.21875	-0.0001826423
-0.15625	-0.0001303667
-0.09375	-7.818045e-05
-0.03125	-2.605325e-05
0.03125	2.605329e-05
0.09375	7.818049e-05
0.15625	0.0001303668
0.21875	0.0001826424
0.28125	0.0002350257
0.34375	0.0002875212
0.40625	0.0003401181
0.46875	0.0003927874
0.53125	0.0004454684
0.59375	0.0004980211
0.65625	0.0005500746
0.71875	0.0006007439
0.78125	0.0004439613
0.84375	0.0001335688
0.90625	-1.902372e-07
0.96875	-1.097157e-07
