0.002 -1.102646765e-05
0.004 -4.055279467e-05
0.006 -8.654560618e-05
0.008 -0.0001471960151
0.01 -0.0002211189878
0.012 -0.0003071956264
0.014 -0.0004045339687
0.016 -0.0005124153727
0.018 -0.0006302592739
0.02 -0.0007575934283
0.022 -0.0008940309979
0.024 -0.001039252141
0.026 -0.00119298938
0.028 -0.001355015849
0.03 -0.001525135862
0.032 -0.001703177296
0.034 -0.001888985498
0.036 -0.002082418196
0.038 -0.002283341521
0.04 -0.002491626854
0.042 -0.002707148179
0.044 -0.002929780005
0.046 -0.003159395724
0.048 -0.003395866337
0.05 -0.003639059473
0.052 -0.003888838663
0.054 -0.004145062835
0.056 -0.004407585975
0.058 -0.004676256945
0.06 -0.004950919431
0.062 -0.005231411987
0.064 -0.005517568177
0.066 -0.00580921678
0.068 -0.006106182062
0.07 -0.006408284091
0.072 -0.006715339087
0.074 -0.007027159805
0.076 -0.007343555932
0.078 -0.0076643345
0.08 -0.007989300305
0.082 -0.008318256323
0.084 -0.008651004127
0.086 -0.008987344292
0.088 -0.009327076792
0.09 -0.009670001381
0.092 -0.01001591796
0.094 -0.0103646269
0.096 -0.01071592943
0.098 -0.01106962786
0.1 -0.01142552591
0.102 -0.01178342899
0.104 -0.0121431444
0.106 -0.01250448155
0.108 -0.0128672522
0.11 -0.01323127058
0.112 -0.01359635358
0.114 -0.01396232088
0.116 -0.01432899507
0.118 -0.01469620174
0.12 -0.01506376959
0.122 -0.01543153048
0.124 -0.01579931949
0.126 -0.01616697499
0.128 -0.01653433865
0.13 -0.01690125548
0.132 -0.01726757385
0.134 -0.0176331455
0.136 -0.01799782553
0.138 -0.01836147242
0.14 -0.01872394803
0.142 -0.01908511757
0.144 -0.0194448496
0.146 -0.01980301603
0.148 -0.0201594921
0.15 -0.02051415634
0.152 -0.02086689062
0.154 -0.02121758006
0.156 -0.02156611307
0.158 -0.0219123813
0.16 -0.02225627967
0.162 -0.02259770632
0.164 -0.02293656263
0.166 -0.02327275317
0.168 -0.02360618574
0.17 -0.02393677136
0.172 -0.02426442421
0.174 -0.02458906169
0.176 -0.0249106044
0.178 -0.02522897609
0.18 -0.02554410373
0.182 -0.02585591745
0.184 -0.02616435057
0.186 -0.02646933959
0.188 -0.02677082419
0.19 -0.0270687472
0.192 -0.02736305465
0.194 -0.0276536957
0.196 -0.02794062269
0.198 -0.02822379111
0.2 -0.02850315959
0.202 -0.02877868987
0.204 -0.02905034685
0.206 -0.0293180985
0.208 -0.0295819159
0.21 -0.02984177318
0.212 -0.03009764756
0.214 -0.03034951925
0.216 -0.0305973715
0.218 -0.03084119052
0.22 -0.03108096547
0.222 -0.0313166884
0.224 -0.03154835428
0.226 -0.0317759609
0.228 -0.03199950887
0.23 -0.03221900158
0.232 -0.0324344451
0.234 -0.03264584819
0.236 -0.03285322225
0.238 -0.0330565811
0.24 -0.03325594118
0.242 -0.03345132149
0.244 -0.0336427434
0.246 -0.03383023058
0.248 -0.03401380904
0.25 -0.03419350697
0.252 -0.03436935472
0.254 -0.03454138475
0.256 -0.03470963152
0.258 -0.03487413146
0.26 -0.03503492286
0.262 -0.03519204591
0.264 -0.03534554243
0.266 -0.03549545592
0.268 -0.03564183135
0.27 -0.03578471525
0.272 -0.03592415571
0.274 -0.03606020217
0.276 -0.03619290534
0.278 -0.0363223172
0.28 -0.03644849075
0.282 -0.03657148
0.284 -0.03669134001
0.286 -0.03680812673
0.288 -0.03692189693
0.29 -0.03703270814
0.292 -0.03714061852
0.294 -0.03724568681
0.296 -0.03734797228
0.298 -0.0374475346
0.3 -0.03754443383
0.302 -0.0376387303
0.304 -0.03773048455
0.306 -0.03781975725
0.308 -0.03790660914
0.31 -0.03799110095
0.312 -0.03807329332
0.314 -0.03815324675
0.316 -0.03823102153
0.318 -0.03830667764
0.32 -0.03838027475
0.322 -0.0384518721
0.324 -0.03852152845
0.326 -0.038589302
0.328 -0.03865525038
0.33 -0.03871943056
0.332 -0.03878189879
0.334 -0.03884271052
0.336 -0.03890192037
0.338 -0.0389595821
0.34 -0.03901574859
0.342 -0.03907047169
0.344 -0.03912380225
0.346 -0.03917579
0.348 -0.03922648355
0.35 -0.03927593027
0.352 -0.03932417627
0.354 -0.03937126662
0.356 -0.03941724504
0.358 -0.03946215395
0.36 -0.0395060344
0.362 -0.03954892581
0.364 -0.03959086638
0.366 -0.03963189302
0.368 -0.03967204113
0.37 -0.03971134457
0.372 -0.03974983563
0.374 -0.03978754509
0.376 -0.03982450215
0.378 -0.03986073483
0.38 -0.03989626925
0.382 -0.03993112964
0.384 -0.0399653387
0.386 -0.03999891757
0.388 -0.0400318857
0.39 -0.04006426088
0.392 -0.04009605924
0.394 -0.04012729528
0.396 -0.04015798182
0.398 -0.04018813004
0.4 -0.04021774947
0.402 -0.04024684798
0.404 -0.0402754318
0.406 -0.04030350553
0.408 -0.04033107215
0.41 -0.04035813304
0.412 -0.04038468797
0.414 -0.04041073516
0.416 -0.04043627125
0.418 -0.04046129135
0.42 -0.04048578908
0.422 -0.04050975653
0.424 -0.04053318435
0.426 -0.04055606175
0.428 -0.04057837655
0.43 -0.04060011519
0.432 -0.04062126277
0.434 -0.04064180306
0.436 -0.0406617186
0.438 -0.04068099068
0.44 -0.04069959939
0.442 -0.04071752369
0.444 -0.04073474141
0.446 -0.04075122932
0.448 -0.04076696318
0.45 -0.04078191776
0.452 -0.04079606692
0.454 -0.04080938361
0.456 -0.04082183998
0.458 -0.04083340738
0.46 -0.04084405644
0.462 -0.0408537571
0.464 -0.04086247869
0.466 -0.04087018999
0.468 -0.04087685922
0.47 -0.04088245417
0.472 -0.04088694221
0.474 -0.04089029038
0.476 -0.04089246545
0.478 -0.04089343391
0.48 -0.04089316212
0.482 -0.0408916164
0.484 -0.04088876302
0.486 -0.0408845681
0.488 -0.04087899786
0.49 -0.04087201864
0.492 -0.04086359696
0.494 -0.04085369958
0.496 -0.04084229352
0.498 -0.04082934618
0.5 -0.04081482536
0.502 -0.04079869931
0.504 -0.0407809368
0.506 -0.04076150718
0.508 -0.04074038041
0.51 -0.04071752717
0.512 -0.04069291885
0.514 -0.04066652751
0.516 -0.04063832609
0.518 -0.04060828856
0.52 -0.04057638977
0.522 -0.04054260556
0.524 -0.04050691281
0.526 -0.0404692899
0.528 -0.04042971612
0.53 -0.04038817159
0.532 -0.04034463779
0.534 -0.04029909741
0.536 -0.04025153444
0.538 -0.04020193423
0.54 -0.04015028312
0.542 -0.04009656918
0.544 -0.04004078211
0.546 -0.0399829129
0.548 -0.03992295408
0.55 -0.03986089968
0.552 -0.03979674528
0.554 -0.03973048802
0.556 -0.03966212663
0.558 -0.03959166145
0.56 -0.03951909446
0.562 -0.03944442929
0.564 -0.03936767123
0.566 -0.03928882725
0.568 -0.039207906
0.57 -0.03912491784
0.572 -0.03903987484
0.574 -0.03895279078
0.576 -0.03886368114
0.578 -0.03877256313
0.58 -0.03867945568
0.582 -0.03858437943
0.584 -0.03848735668
0.586 -0.03838841148
0.588 -0.03828756963
0.59 -0.03818485867
0.592 -0.03808030768
0.594 -0.03797394741
0.596 -0.03786581024
0.598 -0.03775593022
0.6 -0.03764434298
0.602 -0.03753108576
0.604 -0.03741619735
0.606 -0.03729971809
0.608 -0.03718168983
0.61 -0.03706215593
0.612 -0.03694116115
0.614 -0.03681875173
0.616 -0.03669497529
0.618 -0.0365698808
0.62 -0.03644351861
0.622 -0.03631594031
0.624 -0.03618719876
0.626 -0.03605734801
0.628 -0.03592644333
0.63 -0.03579454114
0.632 -0.03566169893
0.634 -0.03552797524
0.636 -0.03539342963
0.638 -0.03525812262
0.64 -0.03512211566
0.642 -0.03498547108
0.644 -0.03484825204
0.646 -0.03471052249
0.648 -0.03457234711
0.65 -0.0344337913
0.652 -0.03429492107
0.654 -0.03415580307
0.656 -0.03401650446
0.658 -0.03387709294
0.66 -0.03373763666
0.662 -0.03359820416
0.664 -0.03345886434
0.666 -0.0333196864
0.668 -0.03318073879
0.67 -0.03304209047
0.672 -0.03290381168
0.674 -0.03276597246
0.676 -0.0326286429
0.678 -0.03249189316
0.68 -0.03235579337
0.682 -0.03222041359
0.684 -0.03208582379
0.686 -0.03195209386
0.688 -0.03181929324
0.69 -0.03168749111
0.692 -0.03155675671
0.694 -0.03142715882
0.696 -0.03129876596
0.698 -0.03117164629
0.7 -0.03104586755
0.702 -0.03092149702
0.704 -0.03079860148
0.706 -0.03067724722
0.708 -0.03055749996
0.71 -0.03043942484
0.712 -0.03032308638
0.714 -0.03020854846
0.716 -0.0300958743
0.718 -0.02998512642
0.72 -0.02987636663
0.722 -0.0297696538
0.724 -0.02966504807
0.726 -0.02956260991
0.728 -0.02946239838
0.73 -0.02936447171
0.732 -0.02926888697
0.734 -0.02917570076
0.736 -0.02908496878
0.738 -0.02899674576
0.74 -0.02891108551
0.742 -0.02882804093
0.744 -0.02874766401
0.746 -0.02867000582
0.748 -0.02859511657
0.75 -0.02852304551
0.752 -0.02845384094
0.754 -0.02838755026
0.756 -0.02832422002
0.758 -0.02826389587
0.76 -0.02820662254
0.762 -0.0281524439
0.764 -0.02810140292
0.766 -0.02805354171
0.768 -0.02800890152
0.77 -0.02796752275
0.772 -0.02792944495
0.774 -0.02789470685
0.776 -0.02786334637
0.778 -0.02783540062
0.78 -0.02781090591
0.782 -0.02778989779
0.784 -0.02777241107
0.786 -0.0277584798
0.788 -0.02774813735
0.79 -0.02774141635
0.792 -0.02773834879
0.794 -0.02773896598
0.796 -0.02774329861
0.798 -0.02775137674
0.8 -0.02776322982
0.802 -0.02777888679
0.804 -0.02779837604
0.806 -0.02782172544
0.808 -0.02784896239
0.81 -0.02788011376
0.812 -0.02791520603
0.814 -0.02795426523
0.816 -0.02799731701
0.818 -0.02804438666
0.82 -0.02809549912
0.822 -0.028150679
0.824 -0.02820995063
0.826 -0.02827333809
0.828 -0.02834086521
0.83 -0.02841255561
0.832 -0.02848843273
0.834 -0.02856851983
0.836 -0.02865284006
0.838 -0.02874141643
0.84 -0.02883427187
0.842 -0.02893142929
0.844 -0.02903291152
0.846 -0.02913874148
0.848 -0.02924894202
0.85 -0.02936353603
0.852 -0.02948254647
0.854 -0.02960599639
0.856 -0.02973390892
0.858 -0.02986630733
0.86 -0.03000321493
0.862 -0.03014465519
0.864 -0.03029065194
0.866 -0.03044122916
0.868 -0.03059641104
0.87 -0.03075622205
0.872 -0.0309206869
0.874 -0.03108983053
0.876 -0.03126367822
0.878 -0.03144225562
0.88 -0.03162558865
0.882 -0.03181370357
0.884 -0.03200662704
0.886 -0.03220438562
0.888 -0.03240700659
0.89 -0.03261451793
0.892 -0.03282694789
0.894 -0.0330443251
0.896 -0.03326667863
0.898 -0.03349403792
0.9 -0.03372643291
0.902 -0.03396389394
0.904 -0.03420645182
0.906 -0.0344541378
0.908 -0.03470698362
0.91 -0.03496502149
0.912 -0.03522828409
0.914 -0.03549680454
0.916 -0.03577061644
0.918 -0.03604975388
0.92 -0.03633425146
0.922 -0.03662414423
0.924 -0.03691946777
0.926 -0.03722025868
0.928 -0.03752655348
0.93 -0.03783838887
0.932 -0.03815580223
0.934 -0.03847883143
0.936 -0.03880751483
0.938 -0.039141891
0.94 -0.03948199906
0.942 -0.0398278789
0.944 -0.04017957075
0.946 -0.04053707441
0.948 -0.04090042421
0.95 -0.04126968002
0.952 -0.04164488982
0.954 -0.0420260997
0.956 -0.04241335542
0.958 -0.04280670237
0.96 -0.04320618681
0.962 -0.04361185458
0.964 -0.044023751
0.966 -0.04444192182
0.968 -0.0448664132
0.97 -0.04529727142
0.972 -0.04573454299
0.974 -0.04617827473
0.976 -0.04662851376
0.978 -0.04708530749
0.98 -0.04754870358
0.982 -0.04801874998
0.984 -0.04849549453
0.986 -0.04897898562
0.988 -0.04946927201
0.99 -0.04996640255
0.992 -0.05047042626
0.994 -0.05098139232
0.996 -0.05149935004
0.998 -0.05202434885
1 -0.05255643829
1.002 -0.05309566797
1.004 -0.05364208761
1.006 -0.05419574743
1.008 -0.05475670724
1.01 -0.0553250138
1.012 -0.05590071222
1.014 -0.05648384998
1.016 -0.05707447545
1.018 -0.05767263739
1.02 -0.0582783849
1.022 -0.0588917673
1.024 -0.05951283414
1.026 -0.06014163508
1.028 -0.06077821991
1.03 -0.06142263847
1.032 -0.06207494062
1.034 -0.06273517624
1.036 -0.06340339523
1.038 -0.06407964541
1.04 -0.06476397548
1.042 -0.06545643568
1.044 -0.06615707665
1.046 -0.06686594844
1.048 -0.06758310095
1.05 -0.06830858388
1.052 -0.06904244672
1.054 -0.06978473885
1.056 -0.07053550948
1.058 -0.07129486644
1.06 -0.07206288087
1.062 -0.07283958006
1.064 -0.07362500664
1.066 -0.07441920368
1.068 -0.07522221437
1.07 -0.07603408189
1.072 -0.07685479694
1.074 -0.07768438393
1.076 -0.07852290717
1.078 -0.07937041494
1.08 -0.08022695417
1.082 -0.081092571
1.084 -0.08196731147
1.086 -0.08285122762
1.088 -0.08374436495
1.09 -0.08464676625
1.092 -0.08555847641
1.094 -0.08647954131
1.096 -0.08741000745
1.098 -0.08834992165
1.1 -0.08929933196
1.102 -0.09025828733
1.104 -0.09122683722
1.106 -0.09220503211
1.108 -0.09319292542
1.11 -0.09419057033
1.112 -0.09519801803
1.114 -0.09621532137
1.116 -0.09724253422
1.118 -0.09827971151
1.12 -0.09932690914
1.122 -0.1003841843
1.124 -0.1014515962
1.126 -0.1025292037
1.128 -0.1036170454
1.13 -0.1047151766
1.132 -0.1058236687
1.134 -0.1069425883
1.136 -0.1080720039
1.138 -0.1092119848
1.14 -0.1103626025
1.142 -0.1115239263
1.144 -0.1126960307
1.146 -0.1138789953
1.148 -0.1150729015
1.15 -0.1162778333
1.152 -0.1174952842
1.154 -0.1187263864
1.156 -0.1199708497
1.158 -0.1212288315
1.16 -0.1225004911
1.162 -0.1237859807
1.164 -0.1250854436
1.166 -0.1263990141
1.168 -0.1277268222
1.17 -0.1290689941
1.172 -0.1304256536
1.174 -0.1317969229
1.176 -0.1331829259
1.178 -0.1345837914
1.18 -0.1359996538
1.182 -0.1374306634
1.184 -0.1388769751
1.186 -0.140338751
1.188 -0.1418161964
1.19 -0.1433095001
1.192 -0.144818843
1.194 -0.1463444336
1.196 -0.1478865008
1.198 -0.1494452892
1.2 -0.1510210602
1.202 -0.1526140893
1.204 -0.1542246392
1.206 -0.1558530285
1.208 -0.1574995915
1.21 -0.1591656747
1.212 -0.1608519904
1.214 -0.1625584345
1.216 -0.1642852324
1.218 -0.1660334168
1.22 -0.1678036701
1.222 -0.169595907
1.224 -0.171410267
1.226 -0.1732468376
1.228 -0.1751056338
1.23 -0.1769865497
1.232 -0.1788893042
1.234 -0.1808134236
1.236 -0.1827583366
1.238 -0.1847230031
1.24 -0.1867057501
1.242 -0.1887042555
1.244 -0.1907152531
1.246 -0.1927341925
1.248 -0.1947549644
1.25 -0.1967689509
1.252 -0.1987642666
1.254 -0.2007246066
1.256 -0.2026273525
1.258 -0.2044393373
1.26 -0.2061150666
1.262 -0.2075922266
1.264 -0.2087805068
1.266 -0.2095490602
1.268 -0.2097048467
1.27 -0.2089604305
1.272 -0.2068914353
1.274 -0.2028538069
1.276 -0.1957908742
1.278 -0.1840966771
1.28 -0.1650650777
1.282 -0.1331447115
1.284 -0.07202818201
1.286 -0.6225305593
1.288 -0.5815353538
1.29 -0.5825451833
1.292 -0.5979464708
1.294 -0.6337327567
1.296 -0.6909390739
1.298 -0.7621512006
1.3 -0.7683824412
1.302 -0.6525707228
1.304 -0.5414356443
1.306 -0.4439728765
1.308 -0.3731300476
1.31 -0.3396263246
1.312 -0.3550402312
1.314 -0.435177234
1.316 -0.6072723237
1.318 -0.9304049217
1.32 -1.590646018
1.322 -4.173333217
