0.002 3.566243059e-06
0.004 1.314557685e-05
0.006 2.812493246e-05
0.008 4.795717653e-05
0.01 7.222787169e-05
0.012 0.0001006044617
0.014 0.0001328244548
0.016 0.0001686786297
0.018 0.0002080001437
0.02 0.0002506553281
0.022 0.0002965366217
0.024 0.0003455569015
0.026 0.0003976449801
0.028 0.0004527419943
0.03 0.0005107985031
0.032 0.0005717721481
0.034 0.0006356258608
0.036 0.0007023261111
0.038 0.0007718417463
0.04 0.0008441431346
0.042 0.0009192012822
0.044 0.0009969871893
0.046 0.001077471347
0.048 0.001160623341
0.05 0.001246411551
0.052 0.001334802923
0.054 0.001425762813
0.056 0.001519254877
0.058 0.001615241012
0.06 0.001713681334
0.062 0.001814534186
0.064 0.001917756177
0.066 0.002023302233
0.068 0.002131125677
0.07 0.002241178319
0.072 0.002353410548
0.074 0.002467771451
0.076 0.002584208919
0.078 0.002702669768
0.08 0.002823099861
0.082 0.002945444229
0.084 0.003069647189
0.086 0.003195652464
0.088 0.003323403299
0.09 0.003452842572
0.092 0.003583912904
0.094 0.003716556763
0.096 0.003850716557
0.098 0.003986334734
0.1 0.004123353865
0.102 0.004261716722
0.104 0.004401366355
0.106 0.004542246164
0.108 0.00468429996
0.11 0.004827472023
0.112 0.004971707153
0.114 0.005116950719
0.116 0.005263148697
0.118 0.005410247712
0.12 0.005558195065
0.122 0.005706938766
0.124 0.005856427558
0.126 0.006006610932
0.128 0.006157439152
0.13 0.006308863266
0.132 0.00646083512
0.134 0.006613307369
0.136 0.006766233486
0.138 0.006919567765
0.14 0.007073265328
0.142 0.00722728213
0.144 0.00738157496
0.146 0.007536101446
0.148 0.007690820053
0.15 0.007845690083
0.152 0.008000671663
0.154 0.008155725774
0.156 0.008310814247
0.158 0.008465899753
0.16 0.008620945805
0.162 0.008775916762
0.164 0.008930777826
0.166 0.009085495049
0.168 0.009240035332
0.17 0.009394366426
0.172 0.009548456937
0.174 0.009702276329
0.176 0.009855794923
0.178 0.01000898391
0.18 0.01016181533
0.182 0.01031426212
0.184 0.01046629807
0.186 0.01061789785
0.188 0.01076903701
0.19 0.01091969199
0.192 0.01106984011
0.194 0.0112194596
0.196 0.01136852955
0.198 0.01151702997
0.2 0.01166494175
0.202 0.01181224669
0.204 0.01195892749
0.206 0.01210496777
0.208 0.01225035202
0.21 0.01239506566
0.212 0.01253909498
0.214 0.0126824272
0.216 0.01282505042
0.218 0.01296695361
0.22 0.01310812665
0.222 0.01324856029
0.224 0.01338824614
0.226 0.01352717673
0.228 0.01366534542
0.23 0.01380274643
0.232 0.01393937482
0.234 0.0140752265
0.236 0.01421029818
0.238 0.01434458725
0.24 0.01447809197
0.242 0.01461081153
0.244 0.01474274584
0.246 0.01487389557
0.248 0.01500426211
0.25 0.0151338476
0.252 0.01526265488
0.254 0.01539068748
0.256 0.01551794961
0.258 0.01564444611
0.26 0.0157701825
0.262 0.01589516481
0.264 0.01601939971
0.266 0.01614289455
0.268 0.0162656572
0.27 0.01638769603
0.272 0.01650901996
0.274 0.01662963844
0.276 0.01674956135
0.278 0.01686879915
0.28 0.01698736254
0.282 0.01710526256
0.284 0.01722251073
0.286 0.01733911896
0.288 0.01745509948
0.29 0.01757046484
0.292 0.01768522788
0.294 0.01779940171
0.296 0.01791299967
0.298 0.01802603533
0.3 0.01813852245
0.302 0.01825047497
0.304 0.018361907
0.306 0.01847283275
0.308 0.01858326656
0.31 0.01869322285
0.312 0.0188027161
0.314 0.01891176084
0.316 0.01902037161
0.318 0.01912856298
0.32 0.01923634944
0.322 0.01934374554
0.324 0.01945076568
0.326 0.0195574242
0.328 0.01966373531
0.33 0.01976971313
0.332 0.01987537164
0.334 0.01998072464
0.336 0.02008578569
0.338 0.02019056825
0.34 0.02029508557
0.342 0.02039935062
0.344 0.02050337612
0.346 0.02060717454
0.348 0.02071075805
0.35 0.02081413901
0.352 0.02091732921
0.354 0.02102033962
0.356 0.02112318107
0.358 0.02122586404
0.36 0.02132839863
0.362 0.02143079432
0.364 0.02153306037
0.366 0.02163520585
0.368 0.02173723936
0.37 0.02183916902
0.372 0.02194100253
0.374 0.02204274713
0.376 0.02214440964
0.378 0.02224599668
0.38 0.02234751425
0.382 0.02244896758
0.384 0.02255036147
0.386 0.02265170027
0.388 0.02275298781
0.39 0.02285422743
0.392 0.02295542198
0.394 0.02305657379
0.396 0.02315768467
0.398 0.02325875592
0.4 0.0233597883
0.402 0.02346078207
0.404 0.02356173696
0.406 0.02366265217
0.408 0.02376352638
0.41 0.02386435775
0.412 0.02396514391
0.414 0.02406588198
0.416 0.02416656855
0.418 0.02426719973
0.42 0.02436777108
0.422 0.02446827767
0.424 0.02456871409
0.426 0.02466907441
0.428 0.02476935223
0.43 0.02486954067
0.432 0.02496963238
0.434 0.02506961956
0.436 0.02516949393
0.438 0.02526924678
0.44 0.02536886898
0.442 0.02546835095
0.444 0.02556768273
0.446 0.02566685393
0.448 0.02576585379
0.45 0.02586467118
0.452 0.02596329461
0.454 0.02606171223
0.456 0.02615991187
0.458 0.02625788105
0.46 0.02635560696
0.462 0.02645307654
0.464 0.02655027642
0.466 0.02664719297
0.468 0.02674381234
0.47 0.02684012047
0.472 0.0269361031
0.474 0.02703174577
0.476 0.02712703385
0.478 0.02722195257
0.48 0.02731648702
0.482 0.02741062218
0.484 0.0275043429
0.486 0.02759763401
0.488 0.02769048025
0.49 0.02778286635
0.492 0.02787477699
0.494 0.02796619689
0.496 0.02805711078
0.498 0.02814750343
0.5 0.02823735964
0.502 0.02832666431
0.504 0.02841540242
0.506 0.02850355908
0.508 0.02859111954
0.51 0.02867806919
0.512 0.02876439359
0.514 0.02885007842
0.516 0.02893510965
0.518 0.02901947353
0.52 0.02910315651
0.522 0.02918614531
0.524 0.02926842693
0.526 0.02934998922
0.528 0.02943082039
0.53 0.02951090815
0.532 0.02959024062
0.534 0.02966880635
0.536 0.02974659433
0.538 0.02982359391
0.54 0.02989979474
0.542 0.02997518701
0.544 0.03004976141
0.546 0.03012350905
0.548 0.03019642148
0.55 0.03026849072
0.552 0.03033970927
0.554 0.03041007011
0.556 0.03047956676
0.558 0.03054819322
0.56 0.03061594404
0.562 0.0306828143
0.564 0.03074879961
0.566 0.03081389613
0.568 0.03087810061
0.57 0.03094141034
0.572 0.03100382316
0.574 0.03106533751
0.576 0.0311259524
0.578 0.0311856674
0.58 0.03124448268
0.582 0.031302399
0.584 0.03135941777
0.586 0.03141554092
0.588 0.031470771
0.59 0.03152511099
0.592 0.03157856461
0.594 0.03163113617
0.596 0.03168283056
0.598 0.03173365321
0.6 0.03178361015
0.602 0.03183270798
0.604 0.03188095386
0.606 0.03192835549
0.608 0.03197492117
0.61 0.03202065974
0.612 0.03206558058
0.614 0.03210969362
0.616 0.03215300931
0.618 0.03219553865
0.62 0.03223729311
0.622 0.03227828473
0.624 0.032318526
0.626 0.03235802991
0.628 0.03239680994
0.63 0.03243488007
0.632 0.03247225467
0.634 0.03250894858
0.636 0.03254497704
0.638 0.03258035573
0.64 0.03261510074
0.642 0.03264922854
0.644 0.03268275602
0.646 0.03271570039
0.648 0.03274807925
0.65 0.03277991051
0.652 0.03281121245
0.654 0.03284200363
0.656 0.03287230296
0.658 0.03290212959
0.66 0.03293150297
0.662 0.03296044278
0.664 0.03298896898
0.666 0.03301710173
0.668 0.03304486041
0.67 0.033072265
0.672 0.03309933672
0.674 0.03312609659
0.676 0.0331525658
0.678 0.03317876568
0.68 0.03320471769
0.682 0.03323044347
0.684 0.03325596468
0.686 0.03328130307
0.688 0.03330648114
0.69 0.03333152109
0.692 0.03335644463
0.694 0.03338127366
0.696 0.03340603015
0.698 0.0334307361
0.7 0.03345541353
0.702 0.03348008444
0.704 0.03350477084
0.706 0.0335294947
0.708 0.03355427795
0.71 0.03357914248
0.712 0.03360411015
0.714 0.03362920274
0.716 0.03365444196
0.718 0.0336798494
0.72 0.03370544661
0.722 0.03373125556
0.724 0.03375729761
0.726 0.0337835936
0.728 0.03381016449
0.73 0.03383703124
0.732 0.03386421591
0.734 0.03389173964
0.736 0.0339196225
0.738 0.03394788483
0.74 0.03397654687
0.742 0.03400562873
0.744 0.03403515038
0.746 0.03406513166
0.748 0.03409559228
0.75 0.03412655178
0.752 0.03415802956
0.754 0.03419004487
0.756 0.03422261683
0.758 0.0342557644
0.76 0.03428950639
0.762 0.03432386146
0.764 0.03435884811
0.766 0.03439448474
0.768 0.03443078961
0.77 0.03446778083
0.772 0.03450547637
0.774 0.03454389407
0.776 0.0345830517
0.778 0.03462296685
0.78 0.03466365706
0.782 0.03470513966
0.784 0.03474743192
0.786 0.03479055102
0.788 0.03483451406
0.79 0.03487933805
0.792 0.03492503982
0.794 0.03497163623
0.796 0.03501914418
0.798 0.03506758041
0.8 0.03511696161
0.802 0.03516730439
0.804 0.03521862533
0.806 0.03527094101
0.808 0.03532426796
0.81 0.03537862272
0.812 0.0354340218
0.814 0.03549048175
0.816 0.03554801912
0.818 0.03560665051
0.82 0.03566639252
0.822 0.03572726185
0.824 0.0357892752
0.826 0.03585244938
0.828 0.03591680123
0.83 0.0359823477
0.832 0.03604910584
0.834 0.03611709278
0.836 0.0361863258
0.838 0.03625682229
0.84 0.03632859975
0.842 0.03640167586
0.844 0.03647606867
0.846 0.03655179623
0.848 0.0366288765
0.85 0.03670732735
0.852 0.03678716738
0.854 0.03686841529
0.856 0.03695109006
0.858 0.0370352109
0.86 0.03712079678
0.862 0.03720786727
0.864 0.03729644258
0.866 0.03738654301
0.868 0.03747818912
0.87 0.03757140177
0.872 0.03766620211
0.874 0.03776261194
0.876 0.0378606531
0.878 0.03796034748
0.88 0.03806171744
0.882 0.03816478568
0.884 0.03826957527
0.886 0.03837610996
0.888 0.03848441345
0.89 0.0385945098
0.892 0.03870642352
0.894 0.03882017958
0.896 0.03893580336
0.898 0.03905332069
0.9 0.03917275783
0.902 0.0392941415
0.904 0.03941749886
0.906 0.03954285755
0.908 0.03967024568
0.91 0.03979969183
0.912 0.03993122511
0.914 0.04006487534
0.916 0.04020067254
0.918 0.04033864714
0.92 0.04047883029
0.922 0.04062125371
0.924 0.04076594963
0.926 0.04091295052
0.928 0.04106228971
0.93 0.04121400132
0.932 0.04136811992
0.934 0.0415246807
0.936 0.04168371942
0.938 0.04184527216
0.94 0.04200937573
0.942 0.0421760679
0.944 0.042345387
0.946 0.04251733399
0.948 0.04269193902
0.95 0.04286926311
0.952 0.04304935475
0.954 0.04323226204
0.956 0.04341803284
0.958 0.04360671488
0.96 0.04379835566
0.962 0.04399300314
0.964 0.04419070543
0.966 0.04439151104
0.968 0.04459546796
0.97 0.04480262527
0.972 0.04501303318
0.974 0.04522674227
0.976 0.04544380376
0.978 0.04566426963
0.98 0.04588819265
0.982 0.04611562646
0.984 0.04634662711
0.986 0.04658125046
0.988 0.04681955227
0.99 0.04706158994
0.992 0.04730742215
0.994 0.04755710861
0.996 0.0478107103
0.998 0.04806828943
1 0.04832990955
1.002 0.04859563555
1.004 0.0488655337
1.006 0.04913967202
1.008 0.04941811249
1.01 0.04970092313
1.012 0.04998817862
1.014 0.05027995326
1.016 0.05057632276
1.018 0.0508773645
1.02 0.05118315756
1.022 0.05149378279
1.024 0.05180932293
1.026 0.0521298626
1.028 0.05245548846
1.03 0.05278628916
1.032 0.05312235547
1.034 0.05346378037
1.036 0.05381065911
1.038 0.05416309122
1.04 0.05452117651
1.042 0.0548850164
1.044 0.05525471599
1.046 0.05563038293
1.048 0.05601212766
1.05 0.05640006376
1.052 0.05679430791
1.054 0.05719498005
1.056 0.05760220338
1.058 0.05801635358
1.06 0.05843759435
1.062 0.05886594498
1.064 0.05930149838
1.066 0.05974436547
1.068 0.06019466467
1.07 0.0606525242
1.072 0.06111805302
1.074 0.06159136105
1.076 0.06207260957
1.078 0.06256195623
1.08 0.0630595679
1.082 0.06356561951
1.084 0.06408029417
1.086 0.06460376634
1.088 0.06513623745
1.09 0.06567792229
1.092 0.06622903957
1.094 0.06678981464
1.096 0.06736048096
1.098 0.06794128149
1.1 0.06853246735
1.102 0.06913429791
1.104 0.06974704228
1.106 0.07037097976
1.108 0.07100640328
1.11 0.07165361602
1.112 0.07231292993
1.114 0.07298467051
1.116 0.07366917633
1.118 0.07436679979
1.12 0.07507790798
1.122 0.07580288339
1.124 0.07654212325
1.126 0.07729604343
1.128 0.07806512863
1.13 0.07884982279
1.132 0.0796505775
1.134 0.08046787709
1.136 0.08130223598
1.138 0.08215419389
1.14 0.08302431806
1.142 0.08391320576
1.144 0.08482148261
1.146 0.08574980607
1.148 0.08669886759
1.15 0.08766939467
1.152 0.08866677878
1.154 0.08969409156
1.156 0.09075028022
1.158 0.09183589918
1.16 0.09295162187
1.162 0.09409822745
1.164 0.09527660345
1.166 0.0964877451
1.168 0.09773275671
1.17 0.09901285223
1.172 0.1003293592
1.174 0.1016837229
1.176 0.1030775101
1.178 0.1045124153
1.18 0.1059902661
1.182 0.1075130276
1.184 0.1090828128
1.186 0.1107018996
1.188 0.1123727298
1.19 0.1140979417
1.192 0.1158803829
1.194 0.1177231097
1.196 0.1196294119
1.198 0.1216028402
1.2 0.123647231
1.202 0.125766732
1.204 0.1279659246
1.206 0.1302497019
1.208 0.1326233014
1.21 0.135093392
1.212 0.1376663766
1.214 0.1403485696
1.216 0.1431472357
1.218 0.1460708057
1.22 0.1491284864
1.222 0.1523298765
1.224 0.1556857726
1.226 0.1592081276
1.228 0.1629101912
1.23 0.1668067345
1.232 0.1709142759
1.234 0.1752512943
1.236 0.1798384737
1.238 0.1846992149
1.24 0.189860024
1.242 0.1953510011
1.244 0.2012064619
1.246 0.2074657661
1.248 0.2141741795
1.25 0.2213841201
1.252 0.2291565761
1.254 0.2375628389
1.256 0.2466866709
1.258 0.2566310806
1.26 0.2675128731
1.262 0.2794702861
1.264 0.2926694762
1.266 0.3073082229
1.268 0.3236214774
1.27 0.3418858373
1.272 0.3624247644
1.274 0.3855988441
1.276 0.4118425775
1.278 0.4415726883
1.28 0.4751327994
1.282 0.5126650946
1.284 0.5528460726
1.286 0.9374182384
1.288 1.162536401
1.29 1.373931686
1.292 1.609477807
1.294 1.859213644
1.296 2.124512304
1.298 2.39470347
1.3 2.622968815
1.302 2.846014813
1.304 3.084634076
1.306 3.332038019
1.308 3.590742104
1.31 3.867556674
1.312 4.172017965
1.314 4.517814226
1.316 4.928210046
1.318 5.453997214
1.32 6.274319162
1.322 6.300678662
