4.20382e-09
1.67895e-08
3.7569e-08
6.62793e-08
1.02596e-07
1.46152e-07
1.9655e-07
2.53375e-07
3.16204e-07
3.84611e-07
4.58172e-07
5.36475e-07
6.19118e-07
7.05714e-07
8.00533e-07
9.24649e-07
1.05967e-06
1.20599e-06
1.36402e-06
1.53414e-06
1.71677e-06
1.91229e-06
2.1211e-06
2.34359e-06
2.58015e-06
2.83117e-06
3.097e-06
3.37802e-06
3.67459e-06
3.98706e-06
4.31577e-06
4.66106e-06
5.02325e-06
5.40265e-06
5.79958e-06
6.21432e-06
6.64718e-06
7.09841e-06
7.5683e-06
8.0571e-06
8.56507e-06
9.09244e-06
9.63944e-06
1.02063e-05
1.07933e-05
1.14005e-05
1.20282e-05
1.26767e-05
1.3346e-05
1.40363e-05
1.47479e-05
1.54809e-05
1.62355e-05
1.70117e-05
1.78099e-05
1.86302e-05
1.94726e-05
2.03373e-05
2.12245e-05
2.21344e-05
2.3067e-05
2.40224e-05
2.50009e-05
2.60026e-05
2.70275e-05
2.80758e-05
2.91476e-05
3.02431e-05
3.13624e-05
3.25055e-05
3.36727e-05
3.4864e-05
3.60795e-05
3.73195e-05
3.85839e-05
3.9873e-05
4.11867e-05
4.25254e-05
4.3889e-05
4.52777e-05
4.66915e-05
4.81307e-05
4.95954e-05
5.10855e-05
5.26014e-05
5.4143e-05
5.57105e-05
5.7304e-05
5.89236e-05
6.05694e-05
6.22415e-05
6.39401e-05
6.56652e-05
6.7417e-05
6.91955e-05
7.10009e-05
7.28333e-05
7.46926e-05
7.65792e-05
7.8493e-05
8.04342e-05
8.24028e-05
8.43989e-05
8.64227e-05
8.84742e-05
9.05535e-05
9.26608e-05
9.4796e-05
9.69593e-05
9.91507e-05
0.00010137
0.000103618
0.000105895
0.0001082
0.000110533
0.000112895
0.000115286
0.000117706
0.000120154
0.000122631
0.000125138
0.000127673
0.000130238
0.000132831
0.000135454
0.000138107
0.000140789
0.0001435
0.000146241
0.000149011
0.000151812
0.000154642
0.000157502
0.000160392
0.000163312
0.000166262
0.000169242
0.000172253
0.000175294
0.000178365
0.000181468
0.0001846
0.000187764
0.000190958
0.000194183
0.000197439
0.000200727
0.000204045
0.000207395
0.000210776
0.000214189
0.000217634
0.00022111
0.000224618
0.000228158
0.00023173
0.000235335
0.000238972
0.000242641
0.000246343
0.000250078
0.000253846
0.000257647
0.000261481
0.000265349
0.00026925
0.000273185
0.000277154
0.000281157
0.000285194
0.000289265
0.000293371
0.000297512
0.000301688
0.000305899
0.000310146
0.000314428
0.000318746
0.000323101
0.000327491
0.000331918
0.000336382
0.000340883
0.000345421
0.000349996
0.000354609
0.00035926
0.000363949
0.000368677
0.000373443
0.000378248
0.000383092
0.000387976
0.0003929
0.000397864
0.000402868
0.000407913
0.000412998
0.000418125
0.000423294
0.000428504
0.000433757
0.000439052
0.00044439
0.000449771
0.000455195
0.000460664
0.000466177
0.000471734
0.000477336
0.000482983
0.000488676
0.000494415
0.0005002
0.000506032
0.000511912
0.000517838
0.000523813
0.000529836
0.000535907
0.000542028
0.000548198
0.000554418
0.000560689
0.00056701
0.000573383
0.000579807
0.000586283
0.000592812
0.000599393
0.000606028
0.000612717
0.000619461
0.000626259
0.000633112
0.000640021
0.000646986
0.000654008
0.000661087
0.000668224
0.000675419
0.000682673
0.000689985
0.000697358
0.00070479
0.000712283
0.000719838
0.000727454
0.000735132
0.000742873
0.000750677
0.000758546
0.000766478
0.000774476
0.000782539
0.000790667
0.000798863
0.000807126
0.000815456
0.000823854
0.000832322
0.000840859
0.000849465
0.000858143
0.000866891
0.000875712
0.000884604
0.00089357
0.000902609
0.000911723
0.000920911
0.000930174
0.000939514
0.00094893
0.000958423
0.000967994
0.000977644
0.000987373
0.000997182
0.00100707
0.00101704
0.00102709
0.00103723
0.00104745
0.00105775
0.00106813
0.0010786
0.00108916
0.0010998
0.00111053
0.00112135
0.00113226
0.00114325
0.00115434
0.00116552
0.00117678
0.00118814
0.0011996
0.00121115
0.00122279
0.00123452
0.00124636
0.00125828
0.00127031
0.00128244
0.00129466
0.00130698
0.00131941
0.00133193
0.00134456
0.00135729
0.00137013
0.00138307
0.00139611
0.00140927
0.00142253
0.00143589
0.00144937
0.00146296
0.00147666
0.00149046
0.00150439
0.00151842
0.00153257
0.00154684
0.00156122
0.00157572
0.00159034
0.00160508
0.00161994
0.00163492
0.00165002
0.00166525
0.0016806
0.00169608
0.00171168
0.00172741
0.00174327
0.00175926
0.00177538
0.00179163
0.00180802
0.00182454
0.0018412
0.00185799
0.00187492
0.00189199
0.0019092
0.00192656
0.00194405
0.0019617
0.00197948
0.00199742
0.0020155
0.00203373
0.00205211
0.00207065
0.00208933
0.00210818
0.00212718
0.00214633
0.00216565
0.00218513
0.00220477
0.00222457
0.00224454
0.00226468
0.00228499
0.00230546
0.00232611
0.00234693
0.00236792
0.00238909
0.00241044
0.00243197
0.00245368
0.00247558
0.00249766
0.00251992
0.00254238
0.00256502
0.00258786
0.00261089
0.00263412
0.00265754
0.00268116
0.00270499
0.00272902
0.00275326
0.0027777
0.00280235
0.00282721
0.00285229
0.00287758
0.0029031
0.00292883
0.00295478
0.00298096
0.00300736
0.00303399
0.00306086
0.00308796
0.00311529
0.00314286
0.00317067
0.00319872
0.00322702
0.00325557
0.00328437
0.00331342
0.00334272
0.00337228
0.00340211
0.00343219
0.00346254
0.00349316
0.00352405
0.00355522
0.00358666
0.00361838
0.00365038
0.00368267
0.00371524
0.00374811
0.00378127
0.00381473
0.00384848
0.00388254
0.00391691
0.00395159
0.00398657
0.00402188
0.0040575
0.00409345
0.00412972
0.00416632
0.00420325
0.00424052
0.00427813
0.00431608
0.00435438
0.00439303
0.00443203
0.00447139
0.00451111
0.0045512
0.00459165
0.00463248
0.00467369
0.00471528
0.00475725
0.00479961
0.00484237
0.00488552
0.00492908
0.00497304
0.00501741
0.0050622
0.0051074
0.00515303
0.00519909
0.00524559
0.00529252
0.00533989
0.00538772
0.00543599
0.00548472
0.00553392
0.00558358
0.00563372
0.00568433
0.00573543
0.00578702
0.00583909
0.00589167
0.00594475
0.00599834
0.00605244
0.00610707
0.00616222
0.00621791
0.00627413
0.00633091
0.00638823
0.00644612
0.00650457
0.00656359
0.00662319
0.00668338
0.00674416
0.00680554
0.00686752
0.00693012
0.00699334
0.00705719
0.00712168
0.00718681
0.00725259
0.00731903
0.00738613
0.00745391
0.00752237
0.00759152
0.00766138
0.00773194
0.00780322
0.00787522
0.00794795
0.00802143
0.00809567
0.00817066
0.00824642
0.00832297
0.0084003
0.00847844
0.00855739
0.00863715
0.00871775
0.00879919
0.00888148
0.00896463
0.00904866
0.00913358
0.00921939
0.00930611
0.00939376
0.00948233
0.00957186
0.00966234
0.00975379
0.00984622
0.00993965
0.0100341
0.0101296
0.0102261
0.0103236
0.0104223
0.010522
0.0106228
0.0107247
0.0108278
0.010932
0.0110373
0.0111439
0.0112516
0.0113606
0.0114708
0.0115823
0.0116951
0.0118091
0.0119245
0.0120412
0.0121593
0.0122788
0.0123997
0.0125221
0.0126459
0.0127712
0.012898
0.0130264
0.0131564
0.0132879
0.0134212
0.0135561
0.0136927
0.013831
0.0139712
0.0141132
0.014257
0.0144028
0.0145504
0.0147001
0.0148519
0.0150057
0.0151617
0.0153201
0.0154813
0.0156453
0.015812
0.0159815
0.016154
0.0163295
0.0165081
0.0166898
0.0168747
0.017063
0.0172547
0.0174499
0.0176488
0.0178514
0.0180579
0.0182684
0.018483
0.018702
0.0189254
0.0191534
0.0193863
0.0196242
0.0198673
0.0201158
0.0203701
0.0206303
0.0208968
0.0211698
0.0214496
0.0217368
0.0220316
0.0223345
0.0226459
0.0229663
0.0232962
0.0236363
0.023987
0.0243492
0.0247236
0.0251108
0.025512
0.025928
0.0263599
0.026809
0.0272766
0.027764
0.0282728
0.0288049
0.029362
0.0299461
0.0305595
0.0312043
0.0318829
0.0325974
0.0333496
0.0341402
0.0349686
0.0358311
0.0367189
0.037615
0.0384881
0.0392828
0.0399036
0.0401792
0.0407019
0.046381
0.0879438
0.0969496
0.106825
0.116333
0.125777
0.135342
0.145585
0.158246
0.173376
0.188715
0.204124
0.219632
0.235397
0.251684
0.268879
0.287598
0.309058
0.336641
0.393964
