0.002 3.14688186e-09
0.004 1.25723189e-08
0.006 2.816730995e-08
0.008 4.978595421e-08
0.01 7.725498099e-08
0.012 1.103871438e-07
0.014 1.489901611e-07
0.016 1.928742994e-07
0.018 2.418582162e-07
0.02 2.957735535e-07
0.022 3.544684614e-07
0.024 4.228200656e-07
0.026 4.976269844e-07
0.028 5.789442088e-07
0.03 6.669224627e-07
0.032 7.61727663e-07
0.034 8.635397245e-07
0.036 9.725511963e-07
0.038 1.088965825e-06
0.04 1.212997095e-06
0.042 1.344866718e-06
0.044 1.484803155e-06
0.046 1.633040167e-06
0.048 1.789815433e-06
0.05 1.955369237e-06
0.052 2.129943242e-06
0.054 2.313779352e-06
0.056 2.507118684e-06
0.058 2.710200628e-06
0.06 2.923262018e-06
0.062 3.146536399e-06
0.064 3.380253392e-06
0.066 3.624638152e-06
0.068 3.879910918e-06
0.07 4.14628664e-06
0.072 4.423974687e-06
0.074 4.713178626e-06
0.076 5.014096069e-06
0.078 5.326918574e-06
0.08 5.651831598e-06
0.082 5.989014504e-06
0.084 6.338640601e-06
0.086 6.700877228e-06
0.088 7.075885868e-06
0.09 7.463822281e-06
0.092 7.864836661e-06
0.094 8.279073823e-06
0.096 8.706673395e-06
0.098 9.147770033e-06
0.1 9.602493639e-06
0.102 1.007096957e-05
0.104 1.055331888e-05
0.106 1.104965856e-05
0.108 1.156010171e-05
0.11 1.208475781e-05
0.112 1.262373293e-05
0.114 1.317712994e-05
0.116 1.374504873e-05
0.118 1.432758646e-05
0.12 1.492483768e-05
0.122 1.553689453e-05
0.124 1.616384697e-05
0.126 1.680578285e-05
0.128 1.746278815e-05
0.13 1.813494717e-05
0.132 1.882234258e-05
0.134 1.952505558e-05
0.136 2.024316604e-05
0.138 2.097675258e-05
0.14 2.172589267e-05
0.142 2.249066277e-05
0.144 2.327113837e-05
0.146 2.406739412e-05
0.148 2.487950388e-05
0.15 2.570754075e-05
0.152 2.655157715e-05
0.154 2.741168483e-05
0.156 2.828793494e-05
0.158 2.918039802e-05
0.16 3.008914408e-05
0.162 3.101424257e-05
0.164 3.195576246e-05
0.166 3.291377216e-05
0.168 3.38883396e-05
0.17 3.487953222e-05
0.172 3.58874169e-05
0.174 3.691206006e-05
0.176 3.795352756e-05
0.178 3.901188474e-05
0.18 4.00871964e-05
0.182 4.117952674e-05
0.184 4.228893937e-05
0.186 4.341549738e-05
0.188 4.455926325e-05
0.19 4.572029886e-05
0.192 4.689866547e-05
0.194 4.80944237e-05
0.196 4.930763355e-05
0.198 5.053835439e-05
0.2 5.178664483e-05
0.202 5.305256283e-05
0.204 5.433616579e-05
0.206 5.56375104e-05
0.208 5.69566527e-05
0.21 5.829364811e-05
0.212 5.964855139e-05
0.214 6.102141666e-05
0.216 6.241229779e-05
0.218 6.382124795e-05
0.22 6.52483193e-05
0.222 6.669356318e-05
0.224 6.815703046e-05
0.226 6.963877199e-05
0.228 7.1138838e-05
0.23 7.265727831e-05
0.232 7.419414229e-05
0.234 7.574947898e-05
0.236 7.732333706e-05
0.238 7.891575318e-05
0.24 8.052676691e-05
0.242 8.215643017e-05
0.244 8.380479067e-05
0.246 8.547189616e-05
0.248 8.715779436e-05
0.25 8.886253303e-05
0.252 9.058616003e-05
0.254 9.232872332e-05
0.256 9.409027109e-05
0.258 9.587085176e-05
0.26 9.767051408e-05
0.262 9.948931926e-05
0.264 0.0001013273254
0.266 0.0001031845786
0.268 0.0001050611296
0.27 0.0001069570298
0.272 0.0001088723312
0.274 0.0001108070865
0.276 0.0001127613495
0.278 0.0001147351746
0.28 0.0001167286173
0.282 0.0001187417341
0.284 0.0001207745827
0.286 0.000122827222
0.288 0.0001248997122
0.29 0.0001269921147
0.292 0.0001291044922
0.294 0.0001312369091
0.296 0.0001333894313
0.298 0.0001355621263
0.3 0.0001377550633
0.302 0.000139968313
0.304 0.0001422019478
0.306 0.000144456042
0.308 0.0001467306717
0.31 0.0001490259149
0.312 0.0001513418518
0.314 0.0001536785643
0.316 0.0001560361367
0.318 0.0001584146553
0.32 0.0001608142084
0.322 0.0001632348869
0.324 0.0001656767834
0.326 0.0001681399934
0.328 0.0001706246142
0.33 0.0001731307458
0.332 0.0001756584906
0.334 0.0001782079533
0.336 0.0001807792412
0.338 0.000183372464
0.34 0.0001859877342
0.342 0.0001886251666
0.344 0.0001912848786
0.346 0.0001939669905
0.348 0.000196671625
0.35 0.0001993989361
0.352 0.0002021490715
0.354 0.0002049221519
0.356 0.0002077183104
0.358 0.0002105376829
0.36 0.0002133804077
0.362 0.0002162466263
0.364 0.0002191364827
0.366 0.0002220501237
0.368 0.0002249876991
0.37 0.0002279493617
0.372 0.0002309352669
0.374 0.000233945573
0.376 0.0002369804415
0.378 0.0002400400367
0.38 0.0002431245259
0.382 0.0002462340794
0.384 0.0002493688707
0.386 0.0002525290759
0.388 0.0002557148744
0.39 0.0002589264485
0.392 0.0002621639836
0.394 0.0002654276679
0.396 0.0002687176927
0.398 0.0002720342524
0.4 0.0002753775444
0.402 0.0002787477691
0.404 0.0002821451298
0.406 0.0002855698329
0.408 0.0002890220879
0.41 0.0002925021071
0.412 0.000296010106
0.414 0.000299546303
0.416 0.0003031109195
0.418 0.0003067041799
0.42 0.0003103263116
0.422 0.0003139775449
0.424 0.0003176581129
0.426 0.0003213682522
0.428 0.0003251082021
0.43 0.0003288782047
0.432 0.0003326785053
0.434 0.0003365093521
0.436 0.000340370996
0.438 0.0003442636913
0.44 0.0003481876947
0.442 0.0003521432661
0.444 0.0003561306682
0.446 0.0003601501666
0.448 0.0003642020298
0.45 0.0003682865291
0.452 0.0003724039388
0.454 0.0003765545359
0.456 0.0003807386002
0.458 0.0003849564146
0.46 0.0003892082644
0.462 0.0003934944384
0.464 0.0003978152278
0.466 0.0004021709263
0.468 0.0004065618307
0.47 0.0004109882405
0.472 0.0004154504577
0.474 0.0004199487873
0.476 0.0004244835371
0.478 0.0004290550173
0.48 0.000433663541
0.482 0.000438309424
0.484 0.0004429929847
0.486 0.0004477145442
0.488 0.0004524744265
0.49 0.0004572729577
0.492 0.0004621104671
0.494 0.0004669872863
0.496 0.0004719037494
0.498 0.0004768601934
0.5 0.0004818569578
0.502 0.0004868943846
0.504 0.0004919728188
0.506 0.0004970926075
0.508 0.0005022541008
0.51 0.000507457651
0.512 0.0005127036133
0.514 0.0005179923454
0.516 0.0005233242075
0.518 0.0005286995624
0.52 0.0005341187753
0.522 0.0005395822141
0.524 0.0005450902492
0.526 0.0005506432651
0.528 0.0005562416413
0.53 0.0005618857495
0.532 0.0005675759718
0.534 0.0005733126917
0.536 0.0005790962953
0.538 0.0005849271715
0.54 0.0005908057117
0.542 0.0005967323107
0.544 0.000602707366
0.546 0.0006087312767
0.548 0.0006148044454
0.55 0.0006209272772
0.552 0.0006271001799
0.554 0.0006333235644
0.556 0.0006395978443
0.558 0.000645923436
0.56 0.000652300759
0.562 0.0006587302356
0.564 0.0006652122912
0.566 0.0006717473542
0.568 0.000678335856
0.57 0.0006849782313
0.572 0.0006916749178
0.574 0.0006984263568
0.576 0.0007052329927
0.578 0.000712095273
0.58 0.0007190136487
0.582 0.0007259885741
0.584 0.0007330205057
0.586 0.0007401099039
0.588 0.0007472572319
0.59 0.0007544629547
0.592 0.0007617275438
0.594 0.0007690514762
0.596 0.0007764352322
0.598 0.0007838792959
0.6 0.0007913841555
0.602 0.0007989503031
0.604 0.0008065782356
0.606 0.0008142684539
0.608 0.000822021463
0.61 0.0008298377726
0.612 0.0008377178969
0.614 0.0008456623548
0.616 0.0008536716698
0.618 0.0008617463703
0.62 0.0008698869897
0.622 0.0008780940663
0.624 0.0008863681435
0.626 0.0008947097699
0.628 0.0009031194995
0.63 0.0009115978923
0.632 0.0009201455137
0.634 0.0009287629339
0.636 0.0009374507291
0.638 0.0009462094814
0.64 0.0009550397787
0.642 0.0009639422151
0.644 0.0009729173905
0.646 0.0009819659114
0.648 0.0009910883904
0.65 0.001000285447
0.652 0.001009557706
0.654 0.0010189058
0.656 0.001028330369
0.658 0.001037832059
0.66 0.001047411522
0.662 0.001057069419
0.664 0.001066806417
0.666 0.001076623192
0.668 0.001086520396
0.67 0.001096498701
0.672 0.001106558821
0.674 0.001116701465
0.676 0.001126927348
0.678 0.001137237197
0.68 0.001147631742
0.682 0.001158111724
0.684 0.001168677891
0.686 0.001179331002
0.688 0.00119007182
0.69 0.001200901122
0.692 0.00121181969
0.694 0.001222828317
0.696 0.001233927804
0.698 0.001245118961
0.7 0.001256402609
0.702 0.001267779576
0.704 0.001279250702
0.706 0.001290816834
0.708 0.00130247883
0.71 0.001314237559
0.712 0.0013260939
0.714 0.001338048739
0.716 0.001350102976
0.718 0.001362257519
0.72 0.001374513289
0.722 0.001386871223
0.724 0.001399332264
0.726 0.001411897356
0.728 0.001424567459
0.73 0.001437343548
0.732 0.001450226642
0.734 0.001463217757
0.736 0.001476317894
0.738 0.001489528074
0.74 0.001502849329
0.742 0.001516282705
0.744 0.001529829259
0.746 0.001543490059
0.748 0.001557266188
0.75 0.00157115874
0.752 0.00158516882
0.754 0.001599297549
0.756 0.001613546057
0.758 0.001627915493
0.76 0.001642407013
0.762 0.001657021791
0.764 0.001671761012
0.766 0.001686625876
0.768 0.001701617596
0.77 0.0017167374
0.772 0.00173198653
0.774 0.001747366243
0.776 0.001762877809
0.778 0.001778522515
0.78 0.001794301661
0.782 0.001810216563
0.784 0.001826268552
0.786 0.001842458976
0.788 0.001858789196
0.79 0.00187526059
0.792 0.001891874554
0.794 0.001908632497
0.796 0.001925535848
0.798 0.001942586049
0.8 0.001959784562
0.802 0.001977132865
0.804 0.001994632453
0.806 0.002012284838
0.808 0.002030091552
0.81 0.002048054143
0.812 0.002066174178
0.814 0.002084453243
0.816 0.002102892941
0.818 0.002121494897
0.82 0.002140260753
0.822 0.002159192171
0.824 0.002178290833
0.826 0.002197558441
0.828 0.002216996718
0.83 0.002236607407
0.832 0.002256392271
0.834 0.002276353096
0.836 0.002296491689
0.838 0.002316809878
0.84 0.002337309515
0.842 0.002357992473
0.844 0.002378860652
0.846 0.002399915976
0.848 0.002421160386
0.85 0.002442595849
0.852 0.002464224355
0.854 0.002486047922
0.856 0.002508068588
0.858 0.002530288421
0.86 0.002552709512
0.862 0.002575333979
0.864 0.002598163967
0.866 0.002621201646
0.868 0.002644449215
0.87 0.0026679089
0.872 0.002691582956
0.874 0.002715473665
0.876 0.002739583341
0.878 0.002763914325
0.88 0.002788468988
0.882 0.002813249732
0.884 0.002838258991
0.886 0.002863499214
0.888 0.002888972889
0.89 0.002914682549
0.892 0.002940630759
0.894 0.002966820113
0.896 0.002993253243
0.898 0.003019932814
0.9 0.003046861527
0.902 0.003074042119
0.904 0.003101477365
0.906 0.003129170075
0.908 0.003157123099
0.91 0.003185339324
0.912 0.003213821679
0.914 0.00324257313
0.916 0.003271596684
0.918 0.003300895392
0.92 0.003330472345
0.922 0.003360330678
0.924 0.003390473568
0.926 0.003420904241
0.928 0.003451625967
0.93 0.003482642057
0.932 0.003513955872
0.934 0.003545570818
0.936 0.003577490352
0.938 0.003609717966
0.94 0.003642257204
0.942 0.00367511168
0.944 0.003708285056
0.946 0.003741780127
0.948 0.003775599877
0.95 0.003809748534
0.952 0.003844230057
0.954 0.003879048489
0.956 0.003914207948
0.958 0.003949712616
0.96 0.003985566762
0.962 0.00402177471
0.964 0.004058340826
0.966 0.004095269543
0.968 0.004132565359
0.97 0.004170232828
0.972 0.004208276572
0.974 0.004246701273
0.976 0.00428551168
0.978 0.00432471261
0.98 0.004364308947
0.982 0.004404305647
0.984 0.004444707741
0.986 0.004485520335
0.988 0.00452674861
0.99 0.004568397831
0.992 0.004610473342
0.994 0.004652980576
0.996 0.004695925051
0.998 0.004739312377
1 0.004783148258
1.002 0.004827438495
1.004 0.004872188985
1.006 0.004917405736
1.008 0.004963095024
1.01 0.005009263215
1.012 0.005055916581
1.014 0.005103061564
1.016 0.005150704716
1.018 0.005198852709
1.02 0.005247512337
1.022 0.005296690523
1.024 0.00534639432
1.026 0.005396630921
1.028 0.005447407658
1.03 0.005498732012
1.032 0.005550611615
1.034 0.005603054256
1.036 0.005656067887
1.038 0.005709660724
1.04 0.00576384115
1.042 0.005818617625
1.044 0.005873998807
1.046 0.00592999355
1.048 0.00598661091
1.05 0.006043860149
1.052 0.006101750739
1.054 0.006160292372
1.056 0.00621949497
1.058 0.006279367054
1.06 0.006339918544
1.062 0.006401161027
1.064 0.006463105655
1.066 0.006525763762
1.068 0.0065891469
1.07 0.006653266869
1.072 0.006718133657
1.074 0.00678375819
1.076 0.006850153839
1.078 0.006917333588
1.08 0.006985310773
1.082 0.007054099103
1.084 0.007123712676
1.086 0.007194165633
1.088 0.007265472686
1.09 0.007337649372
1.092 0.007410711581
1.094 0.007484675704
1.096 0.007559558655
1.098 0.007635377908
1.1 0.007712151514
1.102 0.007789898113
1.104 0.007868636973
1.106 0.007948388019
1.108 0.00802917201
1.11 0.008111010371
1.112 0.00819392514
1.114 0.008277939203
1.116 0.008363076286
1.118 0.008449361002
1.12 0.008536818894
1.122 0.008625476487
1.124 0.008715361291
1.126 0.008806501923
1.128 0.008898928679
1.13 0.008992672852
1.132 0.009087766496
1.134 0.009184243204
1.136 0.009282138052
1.138 0.009381487622
1.14 0.00948233011
1.142 0.009584705351
1.144 0.009688655038
1.146 0.009794222882
1.148 0.009901454621
1.15 0.01001039818
1.152 0.01012131556
1.154 0.01023441196
1.156 0.01034967227
1.158 0.0104671564
1.16 0.01058692663
1.162 0.01070904832
1.164 0.01083359032
1.166 0.01096062542
1.168 0.01109023078
1.17 0.0112224883
1.172 0.01135748504
1.174 0.01149531371
1.176 0.01163607318
1.178 0.01177986897
1.18 0.01192681371
1.182 0.01207702797
1.184 0.01223064068
1.186 0.01238778979
1.188 0.01254862353
1.19 0.01271330056
1.192 0.0128819906
1.194 0.01305487603
1.196 0.01323215285
1.198 0.013414032
1.2 0.01360074076
1.202 0.01379252407
1.204 0.01398964496
1.206 0.01419238835
1.208 0.01440106371
1.21 0.01461602439
1.212 0.01483764455
1.214 0.01506630819
1.216 0.01530244109
1.218 0.01554652752
1.22 0.01579908669
1.222 0.01606066525
1.224 0.01633187196
1.226 0.01661337646
1.228 0.0169059169
1.23 0.01721030884
1.232 0.01752745459
1.234 0.01785835671
1.236 0.01820413718
1.238 0.01856604541
1.24 0.01894547514
1.242 0.01934399053
1.244 0.0197633499
1.246 0.02020553797
1.248 0.02067280507
1.25 0.02116770229
1.252 0.02169313104
1.254 0.02225240389
1.256 0.02284931161
1.258 0.02348823538
1.26 0.02417416238
1.262 0.02491277774
1.264 0.02571055333
1.266 0.02657477932
1.268 0.02751352204
1.27 0.02853552035
1.272 0.02965015403
1.274 0.03086689465
1.276 0.03219641501
1.278 0.0336502318
1.28 0.03524219961
1.282 0.03699519587
1.284 0.03893917056
1.286 0.06118749063
1.288 0.06807578535
1.29 0.07548986777
1.292 0.08257711315
1.294 0.08948631296
1.296 0.0962798309
1.298 0.1031930293
1.3 0.1111932596
1.302 0.1208297614
1.304 0.1308258381
1.306 0.1410092227
1.308 0.1513842879
1.31 0.1620628225
1.312 0.173243858
1.314 0.1852312981
1.316 0.1985310231
1.318 0.2141793573
1.32 0.235256351
1.322 0.3215769247
