0.002 3.146881845e-06
0.004 6.266352705e-06
0.006 9.322351071e-06
0.008 1.22997936e-05
0.01 1.518777618e-05
0.012 1.798183753e-05
0.014 2.06818014e-05
0.016 2.335700029e-05
0.018 2.637448701e-05
0.02 2.943213731e-05
0.022 3.253878106e-05
0.024 3.57033087e-05
0.026 3.89344017e-05
0.028 4.224032472e-05
0.03 4.562876964e-05
0.032 4.9106745e-05
0.034 5.268051366e-05
0.036 5.635550767e-05
0.038 6.013637659e-05
0.04 6.402695469e-05
0.042 6.803029233e-05
0.044 7.214869381e-05
0.046 7.638376252e-05
0.048 8.073645307e-05
0.05 8.520712858e-05
0.052 8.979561634e-05
0.054 9.450126705e-05
0.056 9.932301091e-05
0.058 0.0001042594126
0.06 0.000109308722
0.062 0.000114468923
0.064 0.0001197377786
0.066 0.0001251128717
0.068 0.0001305916438
0.07 0.0001361714264
0.072 0.0001418494751
0.074 0.0001476229943
0.076 0.0001534891671
0.078 0.0001594451661
0.08 0.0001654881842
0.082 0.000171615443
0.084 0.0001778242098
0.086 0.0001841118102
0.088 0.0001904756366
0.09 0.0001969131579
0.092 0.0002034219197
0.094 0.0002099995641
0.096 0.0002166438229
0.098 0.0002233525277
0.1 0.0002301236099
0.102 0.0002369550892
0.104 0.0002438450979
0.106 0.0002507918722
0.108 0.0002577937168
0.11 0.0002648490541
0.112 0.0002719563961
0.114 0.0002791143466
0.116 0.0002863216221
0.118 0.0002935769858
0.12 0.0003008793007
0.122 0.0003082275193
0.124 0.0003156206281
0.126 0.0003230577014
0.128 0.0003305379184
0.13 0.0003380604837
0.132 0.0003456246659
0.134 0.0003532297917
0.136 0.0003608752316
0.138 0.0003685603931
0.14 0.0003762847466
0.142 0.0003840477967
0.144 0.0003918490819
0.146 0.0003996881828
0.148 0.0004075647072
0.15 0.0004154782706
0.152 0.0004234285181
0.154 0.000431415112
0.156 0.0004394377232
0.158 0.0004474960384
0.16 0.0004555897674
0.162 0.00046371862
0.164 0.0004718823084
0.166 0.0004800805525
0.168 0.0004883130734
0.17 0.0004965795913
0.172 0.0005048798209
0.174 0.0005132134791
0.176 0.0005215802763
0.178 0.0005299799196
0.18 0.0005384121104
0.182 0.0005468765002
0.184 0.0005553728142
0.186 0.0005639007401
0.188 0.0005724599535
0.19 0.0005810501276
0.192 0.0005896709292
0.194 0.000598322024
0.196 0.0006070030717
0.198 0.0006157137374
0.2 0.0006244535727
0.202 0.0006332223466
0.204 0.0006420196838
0.206 0.000650845219
0.208 0.0006596986357
0.21 0.000668579588
0.212 0.0006774877409
0.214 0.0006864227736
0.216 0.0006953847062
0.218 0.0007043727673
0.22 0.0007133867494
0.222 0.000722425985
0.224 0.0007314907019
0.226 0.0007405805363
0.228 0.0007496952606
0.23 0.0007588346355
0.232 0.0007679984619
0.234 0.0007771865657
0.236 0.0007863987689
0.238 0.0007956231161
0.24 0.0008048750111
0.242 0.0008141506088
0.244 0.000823449872
0.246 0.0008327727875
0.248 0.0008421193568
0.25 0.0008514896152
0.252 0.0008608836047
0.254 0.0008703014091
0.256 0.0008797431327
0.258 0.0008892089147
0.26 0.0008986989403
0.262 0.0009082253201
0.264 0.0009177725906
0.266 0.0009273448664
0.268 0.0009369424379
0.27 0.0009465656141
0.272 0.0009562147809
0.274 0.0009658903216
0.276 0.0009755926688
0.278 0.0009853223147
0.28 0.0009950795768
0.282 0.001004865302
0.284 0.001014679904
0.286 0.001024524016
0.288 0.00103439828
0.29 0.001044303364
0.292 0.001054239973
0.294 0.001064208834
0.296 0.001074210938
0.298 0.001084246793
0.3 0.001094317545
0.302 0.00110442375
0.304 0.001114566374
0.306 0.001124746324
0.308 0.001134964558
0.31 0.001145222061
0.312 0.001155519851
0.314 0.001165858942
0.316 0.001176240377
0.318 0.001186665223
0.32 0.001197134569
0.322 0.00120764953
0.324 0.00121821122
0.326 0.001228820799
0.328 0.001239479455
0.33 0.001250188376
0.332 0.001260948775
0.334 0.001271761878
0.336 0.001282628911
0.338 0.001293551164
0.34 0.00130452988
0.342 0.001315566361
0.344 0.001326661905
0.346 0.001337817833
0.348 0.001349035477
0.35 0.001360345429
0.352 0.001371709884
0.354 0.001383139785
0.356 0.001394636487
0.358 0.001406201372
0.36 0.001417835751
0.362 0.00142954101
0.364 0.001441318561
0.366 0.001453169818
0.368 0.001465096222
0.37 0.001477099195
0.372 0.001489180179
0.374 0.001501340499
0.376 0.001513581819
0.378 0.001525905564
0.38 0.001538313184
0.382 0.001550806182
0.384 0.001563386063
0.386 0.001576054342
0.388 0.001588812463
0.39 0.001601661932
0.392 0.001614604244
0.394 0.001627640899
0.396 0.001640773397
0.398 0.001654003241
0.4 0.001667331927
0.402 0.001680760956
0.404 0.001694291828
0.406 0.001707926042
0.408 0.001721665089
0.41 0.00173551047
0.412 0.00174946368
0.414 0.001763526168
0.416 0.001777699474
0.418 0.001791985071
0.42 0.001806384446
0.422 0.001820898966
0.424 0.001835530267
0.426 0.001850279788
0.428 0.001865149001
0.43 0.001880139376
0.432 0.001895252377
0.434 0.001910489465
0.436 0.001925852092
0.438 0.001941341716
0.44 0.001956959782
0.442 0.001972707728
0.444 0.001988586988
0.446 0.002004598995
0.448 0.002020745178
0.45 0.002037026958
0.452 0.002053445755
0.454 0.002070002977
0.456 0.002086700035
0.458 0.002103538333
0.46 0.002120519269
0.462 0.002137644462
0.464 0.002154914949
0.466 0.002172332232
0.468 0.002189897669
0.47 0.002207612632
0.472 0.002225478484
0.474 0.002243496581
0.476 0.002261668273
0.478 0.002279994903
0.48 0.002298477809
0.482 0.002317118326
0.484 0.002335917778
0.486 0.0023548775
0.488 0.002373998797
0.49 0.00239328297
0.492 0.002412731325
0.494 0.002432345165
0.496 0.002452125677
0.498 0.002472074306
0.5 0.002492192304
0.502 0.002512480958
0.504 0.002532941558
0.506 0.002553575382
0.508 0.00257438371
0.51 0.002595367821
0.512 0.002616528993
0.514 0.0026378685
0.516 0.002659387617
0.518 0.00268108762
0.52 0.002702969569
0.522 0.002725035017
0.524 0.002747285174
0.526 0.002769733228
0.528 0.002792361114
0.53 0.002815178438
0.532 0.002838185542
0.534 0.002861383708
0.536 0.002884774259
0.538 0.002908358519
0.54 0.00293213781
0.542 0.002956114102
0.544 0.002980287904
0.546 0.003004660759
0.548 0.003029234045
0.55 0.003054009142
0.552 0.003078987438
0.554 0.003104170341
0.556 0.003129559262
0.558 0.003155155637
0.56 0.003180960919
0.562 0.003206976578
0.564 0.00323320411
0.566 0.003259645018
0.568 0.003286300855
0.57 0.00331317316
0.572 0.003340263519
0.574 0.003367573841
0.576 0.003395105353
0.578 0.003422859824
0.58 0.003450838912
0.582 0.003479044366
0.584 0.00350747645
0.586 0.003536138851
0.588 0.003565030859
0.59 0.003594154472
0.592 0.003623514429
0.594 0.00365311169
0.596 0.003682948201
0.598 0.003713025938
0.6 0.00374334693
0.602 0.003773913246
0.604 0.003804727196
0.606 0.003835790664
0.608 0.003867105918
0.61 0.0038986752
0.612 0.003930500794
0.614 0.003962585031
0.616 0.003994930288
0.618 0.004027538983
0.62 0.004060413584
0.622 0.004093556558
0.624 0.004126970533
0.626 0.004160658101
0.628 0.004194621926
0.63 0.004228865389
0.632 0.004263390352
0.634 0.004298199905
0.636 0.0043332969
0.638 0.004368684267
0.64 0.004404364957
0.642 0.00444034201
0.644 0.004476618501
0.646 0.004513197568
0.648 0.004550082401
0.65 0.00458727624
0.652 0.004624782379
0.654 0.004662604148
0.656 0.00470074502
0.658 0.004739208447
0.66 0.004777997968
0.662 0.00481711717
0.664 0.004856569706
0.666 0.004896359282
0.668 0.004936459997
0.67 0.004976918184
0.672 0.005017726661
0.674 0.005058889273
0.676 0.005100409923
0.678 0.005142292582
0.68 0.005184541287
0.682 0.005227159205
0.684 0.005270151707
0.686 0.005313522495
0.688 0.005357276196
0.69 0.005401417118
0.692 0.005445949682
0.694 0.005490878384
0.696 0.005536207776
0.698 0.005581942479
0.7 0.005628087172
0.702 0.005674646592
0.704 0.005721625552
0.706 0.005769028927
0.708 0.005816861608
0.71 0.00586512868
0.712 0.005913835172
0.714 0.005962986212
0.716 0.006012586999
0.718 0.006062642793
0.72 0.006113158925
0.722 0.006164148732
0.724 0.00621560551
0.726 0.006267534171
0.728 0.006319946562
0.73 0.006372846917
0.732 0.006426273395
0.734 0.006480189007
0.736 0.006534610379
0.738 0.006589543403
0.74 0.006644994073
0.742 0.006700968434
0.744 0.006757472604
0.746 0.00681451277
0.748 0.006872095194
0.75 0.006930226213
0.752 0.006988911771
0.754 0.007048159056
0.756 0.007107974425
0.758 0.007168364536
0.76 0.007229336121
0.762 0.007290895757
0.764 0.007353050664
0.766 0.007415807758
0.768 0.007479174137
0.77 0.007543156988
0.772 0.00760776354
0.774 0.007673001181
0.776 0.007738877585
0.778 0.007805399929
0.78 0.007872575944
0.782 0.007940413331
0.784 0.008008919922
0.786 0.008078103636
0.788 0.008147972494
0.79 0.008218534617
0.792 0.008289798141
0.794 0.008361771579
0.796 0.008434463206
0.798 0.008507881717
0.8 0.008582035616
0.802 0.008656933721
0.804 0.00873258493
0.806 0.008808998254
0.808 0.008886182828
0.81 0.00896414791
0.812 0.009042902878
0.814 0.009122457251
0.816 0.009202820676
0.818 0.009284002932
0.82 0.009366013939
0.822 0.009448863748
0.824 0.009532562559
0.826 0.009617120713
0.828 0.009702548709
0.83 0.009788857176
0.832 0.009876056928
0.834 0.009964158921
0.836 0.01005317428
0.838 0.01014311429
0.84 0.01023399042
0.842 0.01032581429
0.844 0.0104186027
0.846 0.01051236111
0.848 0.01060710332
0.85 0.01070284168
0.852 0.01079958875
0.854 0.01089735726
0.856 0.01099616018
0.858 0.01109601066
0.86 0.01119692261
0.862 0.01129890868
0.864 0.01140198296
0.866 0.01150615949
0.868 0.01161145252
0.87 0.01171787655
0.872 0.0118254463
0.874 0.01193417693
0.876 0.01204408342
0.878 0.01215518127
0.88 0.01226748508
0.882 0.01238101234
0.884 0.01249577885
0.886 0.01261178578
0.888 0.01272907032
0.89 0.0128476445
0.892 0.01296752571
0.894 0.01308873169
0.896 0.01321128045
0.898 0.01333519017
0.9 0.01346047969
0.902 0.01358716806
0.904 0.01371527465
0.906 0.01384481916
0.908 0.01397582172
0.91 0.0141083027
0.912 0.01424228293
0.914 0.01437778318
0.916 0.01451482543
0.918 0.01465343167
0.92 0.01479362432
0.922 0.01493542615
0.924 0.01507885941
0.926 0.01522395209
0.928 0.01537072297
0.93 0.01551919787
0.932 0.01566940185
0.934 0.0158213604
0.936 0.01597509959
0.938 0.01613062983
0.94 0.01628799991
0.942 0.01644723195
0.944 0.01660835409
0.946 0.01677052723
0.948 0.01693489568
0.95 0.01710127905
0.952 0.01726970926
0.954 0.0174402301
0.956 0.01761287913
0.958 0.01778769237
0.96 0.01796472288
0.962 0.01814397973
0.964 0.01832550162
0.966 0.01850932307
0.968 0.01869547699
0.97 0.01888399724
0.972 0.01907491815
0.974 0.01926827505
0.976 0.01946410403
0.978 0.01966244205
0.98 0.0198633273
0.982 0.0200667991
0.984 0.02027289923
0.986 0.02048166796
0.988 0.02069314873
0.99 0.02090738619
0.992 0.02112442621
0.994 0.02134431617
0.996 0.02156710495
0.998 0.02179284286
1 0.02202158204
1.002 0.02225337604
1.004 0.02248828015
1.006 0.02272634996
1.008 0.02296781611
1.01 0.0232125281
1.012 0.02346058785
1.014 0.02371205888
1.016 0.02396700425
1.018 0.02422549051
1.02 0.0244875868
1.022 0.02475336478
1.024 0.0250228988
1.026 0.02529626587
1.028 0.02557354576
1.03 0.02585482081
1.032 0.0261401762
1.034 0.02642970015
1.036 0.02672348392
1.038 0.02702171849
1.04 0.02732440235
1.042 0.02763163145
1.044 0.02794352125
1.046 0.02826017939
1.048 0.02858171796
1.05 0.02890825299
1.052 0.02923990368
1.054 0.02957679426
1.056 0.02991905413
1.058 0.03026512399
1.06 0.03061779902
1.062 0.03097638525
1.064 0.03134100155
1.066 0.03171176106
1.068 0.03208879467
1.07 0.03247224753
1.072 0.03285981352
1.074 0.0332549832
1.076 0.03365708874
1.078 0.03406632051
1.08 0.03448287776
1.082 0.03490697619
1.084 0.03533883102
1.086 0.035778397
1.088 0.03622630226
1.09 0.03668270451
1.092 0.03714787527
1.094 0.03762209639
1.096 0.03810566286
1.098 0.03859890017
1.1 0.03910211631
1.102 0.03961564636
1.104 0.04013984584
1.106 0.04067508551
1.108 0.04122189311
1.11 0.04178047797
1.112 0.04235131844
1.114 0.04293486275
1.116 0.04353158387
1.118 0.04414197852
1.12 0.04476656944
1.122 0.04540590695
1.124 0.04606052842
1.126 0.04673110114
1.128 0.04741857708
1.13 0.04812318932
1.132 0.04884574335
1.134 0.04958703908
1.136 0.05034786879
1.138 0.05112908546
1.14 0.05193159009
1.142 0.05275628127
1.144 0.05360426439
1.146 0.05447659612
1.148 0.0553744228
1.15 0.05629896172
1.152 0.05747224358
1.154 0.05860296271
1.156 0.05976468968
1.158 0.06095889714
1.16 0.06218713998
1.162 0.06345121466
1.164 0.06475323682
1.166 0.06609546889
1.168 0.06748040438
1.17 0.06891075276
1.172 0.07038945481
1.174 0.07191968585
1.176 0.07350492179
1.178 0.07514885325
1.18 0.07685546434
1.182 0.07862922496
1.184 0.08047462829
1.186 0.08239682537
1.188 0.08440148054
1.19 0.08649407225
1.192 0.08868105961
1.194 0.09096932422
1.196 0.09336637804
1.198 0.09588045815
1.2 0.09852048127
1.202 0.1012961943
1.204 0.1042181015
1.206 0.1072980744
1.208 0.1105490041
1.21 0.1139965992
1.212 0.1176393393
1.214 0.1214987227
1.216 0.1255937775
1.218 0.1299618907
1.22 0.1346043397
1.222 0.1395538423
1.224 0.1448411249
1.226 0.1504995278
1.228 0.1565679421
1.23 0.1630892318
1.232 0.1701124264
1.234 0.1776947892
1.236 0.1859016161
1.238 0.1948054121
1.24 0.2044920796
1.242 0.2150600821
1.244 0.2266242834
1.246 0.239321122
1.248 0.2533120812
1.25 0.2687809363
1.252 0.2859526534
1.254 0.3050953067
1.256 0.3265356357
1.258 0.3506922831
1.26 0.3780058008
1.262 0.4090984493
1.264 0.4446920948
1.266 0.4857443545
1.268 0.533444396
1.27 0.5894747032
1.272 0.656396467
1.274 0.7378619527
1.276 0.8426224244
1.278 0.9808202862
1.28 1.179844308
1.282 1.504689758
1.284 2.147793405
1.286 17.91745139
1.288 3.41345769
1.29 3.686801299
1.292 3.51393667
1.294 3.427314358
1.296 3.407932074
1.298 3.60658819
1.3 5.642865386
1.302 8.725163361
1.304 8.371643025
1.306 8.214684456
1.308 8.103930127
1.31 8.066083886
1.312 8.101869011
1.314 8.221858264
1.316 9.969861302
1.318 13.67728958
1.32 22.73640039
1.322 78.15381289
