0.00310065
0.00305252
0.00300494
0.00295646
0.00290586
0.00285253
0.002796
0.00273597
0.00267229
0.00260492
0.00253396
0.00245957
0.00238201
0.00230159
0.00221871
0.00213377
0.00205476
0.00199425
0.0019329
0.001871
0.00180888
0.00174687
0.00168532
0.00166393
0.00166469
0.00174639
0.00182805
0.00190728
0.00198361
0.00205663
0.002126
0.00219141
0.00225262
0.00230942
0.00236165
0.00240918
0.00245193
0.00248984
0.00252288
0.00255105
0.00257437
0.00259291
0.00260672
0.0026159
0.00262056
0.00262083
0.00261685
0.00260878
0.00259678
0.00258105
0.00256177
0.00253914
0.00251338
0.00248469
0.00245329
0.00241942
0.0023833
0.00234516
0.00230523
0.00226376
0.00222098
0.00217713
0.00213243
0.00208712
0.00204144
0.00200621
0.00206214
0.00211508
0.00216474
0.00221087
0.00225326
0.00229171
0.00232605
0.00235614
0.00238186
0.00240315
0.00241993
0.00243219
0.00243992
0.00244316
0.00244195
0.00243638
0.00242655
0.0024126
0.00239467
0.00237295
0.00234761
0.00231887
0.00228696
0.00225212
0.00221461
0.00217469
0.00213264
0.00208873
0.00204326
0.00199652
0.0019488
0.0019004
0.00185161
0.00180271
0.00181509
0.00183022
0.00184299
0.00185334
0.0018612
0.00186652
0.00186929
0.00186951
0.00186719
0.00186237
0.00185513
0.00184552
0.00183366
0.00181966
0.00180364
0.00178576
0.00176616
0.00176962
0.00178329
0.00179562
0.00180654
0.00181598
0.00182387
0.00183018
0.00183485
0.00183787
0.00183922
0.00183888
0.00183686
0.00183318
0.00182787
0.00182095
0.00181248
0.00180251
0.00179111
0.00177837
0.00176436
0.00174917
0.00173292
0.00173583
0.00174644
0.00175529
0.00176233
0.00176754
0.0017709
0.00177242
0.00177212
0.00177002
0.00176618
0.00176066
0.00175351
0.00174483
0.00173471
0.00172324
0.00172469
0.00173354
0.00174078
0.00174642
0.00175047
0.00175295
0.00175389
0.00175335
0.00175138
0.00174803
0.00174338
0.00173751
0.00173051
0.00172246
0.00171346
0.00172628
0.00173881
0.00174995
0.00175962
0.00176774
0.00177427
0.00177916
0.00178238
0.00178392
0.00178377
0.00178194
0.00177845
0.00177334
0.00176665
0.00175843
0.00174876
0.00173894
0.00173101
0.00172186
0.00171159
0.00170029
0.00168806
0.00169537
0.0017072
0.00171793
0.00172751
0.00173586
0.00174297
0.00174879
0.0017533
0.00175649
0.00175836
0.0017589
0.00175815
0.00175611
0.00175284
0.00174837
0.00174274
0.00173603
0.00172829
0.00173432
0.00174203
0.00174832
0.00175317
0.00175654
0.00175844
0.00175887
0.00175785
0.00175539
0.00175153
0.00174633
0.00173982
0.00173208
0.00172317
0.00171318
0.00170219
0.00169029
0.00167758
0.00166417
0.00165015
0.00164112
0.00164133
0.00164095
0.00163997
0.0016418
0.00165077
0.00165905
0.00166655
0.00167323
0.00167901
0.00168385
0.0016877
0.00169053
0.0016923
0.001693
0.00169261
0.00169113
0.00168857
0.00168492
0.00168022
0.0016745
0.00166778
0.00166012
0.00165156
0.00165074
0.00164981
0.001648
0.00164536
0.00164191
0.00163772
0.00163283
0.0016273
0.0016212
0.00161716
0.00162433
0.00163099
0.0016371
0.00164261
0.00164752
0.00165178
0.00165538
0.00165832
0.00166057
0.00166215
0.00166305
0.00166329
0.00166288
0.00166444
0.00166901
0.00167276
0.00167567
0.00167772
0.00167893
0.00167927
0.00167877
0.00167743
0.00167527
0.00167232
0.00166859
0.00166413
0.00165934
0.00165539
0.00165083
0.00164569
0.00164001
0.00163382
0.00162716
0.00162009
0.00161265
0.00160488
0.00159684
0.00159753
0.00159811
0.00159838
0.00159835
0.00159803
0.00159912
0.00160426
0.00160893
0.00161311
0.00161677
0.0016199
0.00162249
0.00162453
0.00162602
0.00163003
0.0016356
0.00164042
0.00164447
0.00164775
0.00165024
0.00165196
0.00165291
0.0016531
0.00165255
0.00165128
0.00164932
0.0016467
0.00164346
0.00163963
0.00163525
0.00163038
0.00162505
0.00161931
0.00161323
0.00160796
0.00160975
0.00161115
0.00161308
0.00161466
0.00161573
0.00161629
0.00161633
0.00161587
0.0016149
0.00161344
0.0016115
0.00160911
0.00160628
0.00160303
0.00160346
0.00160423
0.00160454
0.00160436
0.00160371
0.00160259
0.00160416
0.00160574
0.00160686
0.00160752
0.00160772
0.00160747
0.00160678
0.00160566
0.00160414
0.00160222
0.00159994
0.00159732
0.00159438
0.00159429
0.00159889
0.00160316
0.00160707
0.0016106
0.00161372
0.00161643
0.00161871
0.00162055
0.00162196
0.00162292
0.00162344
0.00162352
0.00162317
0.0016224
0.00162122
0.00161965
0.00161818
0.00161689
0.00161511
0.00161284
0.00161011
0.00160692
0.00160331
0.0015993
0.00159745
0.00160279
0.001608
0.00161303
0.00161786
0.00162246
0.00162681
0.00163088
0.00163465
0.0016381
0.00164122
0.00164399
0.00164639
0.00164842
0.00165007
0.00165133
0.0016522
0.00165268
0.00165278
0.00165249
0.00165182
0.00165079
0.00164941
0.00164768
0.00164563
0.00164326
0.00164061
0.00163769
0.00163451
0.00163111
0.0016275
0.00162372
0.00161978
0.0016157
0.00161153
0.00161376
0.0016171
0.00162021
0.0016231
0.00162574
0.00162813
0.00163026
0.00163212
0.00163372
0.00163505
0.00163611
0.00163689
0.00163741
0.00163765
0.00163763
0.00163734
0.0016368
0.00163601
0.00163497
0.0016337
0.00163221
0.00163051
0.0016286
0.0016265
0.00162422
0.00162177
0.00161917
0.00161642
0.00161355
0.00161056
0.00160747
0.00160429
0.00160103
0.00159771
0.00159434
0.00159235
0.0015922
0.00159174
0.00159099
0.00158994
0.00158862
0.00158705
0.00158523
0.00158318
0.00158093
0.00157849
0.00157589
0.00157498
0.00157488
0.00157583
0.0015766
0.00157717
0.00157753
0.00157769
0.00157765
0.00157739
0.00157755
0.00157863
0.00157946
0.00158005
0.0015804
0.00158051
0.00158039
0.00158004
0.00157948
0.00157927
0.00157924
0.001579
0.00157853
0.00157785
0.00157827
0.00158038
0.00158237
0.00158421
0.00158588
0.00158739
0.0015887
0.00158982
0.00159074
0.00159144
0.00159192
0.00159217
0.0015922
0.00159199
0.00159155
0.00159087
0.00158996
0.00158883
0.00158747
0.0015859
0.00158412
0.00158222
0.00158418
0.00158612
0.00158802
0.00158988
0.00159169
0.00159343
0.00159508
0.00159665
0.00159812
0.00159948
0.00160071
0.00160182
0.00160278
0.00160359
0.00160425
0.00160475
0.00160508
0.00160523
0.00160522
0.00160502
0.00160464
0.00160409
0.00160336
0.00160245
0.00160136
0.00160011
0.0015987
0.0015991
0.00160127
0.0016033
0.00160519
0.00160693
0.0016085
0.0016099
0.00161112
0.00161216
0.001613
0.00161364
0.00161409
0.00161433
0.00161435
0.00161417
0.00161377
0.00161316
0.00161234
0.00161131
0.00161007
0.00160863
0.00160699
0.00160515
0.00160313
0.00160094
0.00159857
0.00159604
0.00159337
0.00159056
0.00158762
0.00158457
0.00158141
0.00157818
0.00157487
0.00157151
0.0015681
0.00156628
0.00156793
0.00156943
0.00157076
0.00157194
0.00157295
0.00157379
0.00157446
0.00157496
0.00157529
0.00157545
0.00157543
0.00157526
0.00157498
0.00157455
0.00157396
0.00157323
0.00157419
0.00157668
0.00157913
0.00158153
0.00158386
0.00158611
0.00158825
0.00159029
0.00159221
0.00159399
0.00159562
0.0015971
0.00159842
0.00159956
0.00160052
0.0016013
0.00160189
0.00160229
0.00160249
0.00160249
0.0016023
0.0016019
0.00160132
0.00160054
0.00159958
0.00159843
0.00159711
0.00159561
0.00159396
0.00159216
0.00159021
0.00158813
0.00158593
0.00158362
0.00158121
0.00158309
0.00158613
0.00158906
0.00159186
0.00159451
0.00159701
0.00159935
0.00160151
0.00160348
0.00160525
0.00160682
0.00160818
0.00160933
0.00161025
0.00161094
0.00161141
0.00161165
0.00161165
0.00161143
0.00161097
0.00161029
0.00160938
0.00160826
0.00160692
0.00160538
0.00160364
0.00160171
0.00159959
0.00159731
0.00159486
0.00159227
0.00158953
0.00158667
0.0015837
0.00158063
0.00157747
0.00157424
0.00157095
0.00156763
0.00156427
0.0015609
0.00155777
0.00155884
0.00155988
0.00156088
0.00156184
0.00156277
0.00156366
0.0015645
0.0015653
0.00156605
0.00156676
0.00156741
0.00156801
0.00156856
0.00156905
0.00156949
0.00157048
0.00157273
0.00157494
0.0015771
0.00157921
0.00158126
0.00158325
0.00158516
0.001587
0.00158875
0.00159042
0.001592
0.00159348
0.00159487
0.00159616
0.00159735
0.00159844
0.00159942
0.0016003
0.00160107
0.00160173
0.00160229
0.00160274
0.00160308
0.00160332
0.00160345
0.00160348
0.00160341
0.00160325
0.00160298
0.00160262
0.00160217
0.00160163
0.001601
0.00160029
0.00159951
0.00159864
0.00159771
0.0015967
0.00159564
0.00159451
0.00159332
0.00159209
0.0015908
0.00158947
0.00159143
0.00159362
0.00159567
0.0015976
0.00159938
0.00160102
0.00160251
0.00160385
0.00160503
0.00160605
0.00160691
0.0016076
0.00160813
0.0016085
0.0016087
0.00160875
0.00160863
0.00160835
0.00160791
0.00160733
0.00160659
0.00160571
0.00160469
0.00160354
0.00160225
0.00160085
0.00159933
0.0015977
0.00159597
0.00159415
0.00159224
0.00159025
0.00158819
0.00158607
0.0015839
0.00158169
0.00157944
0.00157716
0.00157487
0.00157257
0.00157026
0.00156797
0.00156569
0.00156344
0.00156121
0.00155903
0.00155689
0.00155481
0.00155358
0.00155318
0.00155273
0.00155222
0.00155264
0.00155328
0.00155387
0.00155441
0.00155491
0.00155537
0.00155578
0.00155614
0.00155646
0.00155673
0.00155696
0.00155715
0.0015573
0.00155741
0.00155799
0.00155864
0.00155928
0.00155991
0.00156052
0.00156111
0.00156168
0.00156223
0.00156276
0.00156327
0.00156376
0.00156422
0.00156466
0.00156507
0.00156546
0.00156583
0.00156618
0.0015665
0.0015668
0.00156709
0.00156735
0.0015676
0.00156783
0.00156805
0.00156825
0.00156844
0.00156863
0.0015688
0.00156898
0.00156914
0.00156931
0.00156947
0.00156964
0.0015698
0.00156998
0.00157015
0.00157034
0.00157053
0.00157074
0.00157095
0.00157118
0.00157142
0.00157167
0.00157193
0.0015722
0.00157249
0.00157279
0.00157311
0.00157343
0.00157376
0.00157411
0.00157446
0.00157482
0.00157518
0.00157555
0.00157592
0.00157629
0.00157666
0.00157703
0.00157738
0.00157773
0.00157807
0.00157839
0.0015787
0.00157899
0.00157926
0.00157951
0.00157973
0.00157993
0.00158009
0.00158023
0.00158033
0.0015804
0.00158043
0.00158042
0.00158037
0.00158028
0.00158016
0.00157999
0.00157978
0.00157952
0.00157923
0.0015789
0.00157852
0.0015781
0.00157765
0.00157715
0.00157663
0.00157606
0.00157547
0.00157484
0.00157419
0.00157351
0.00157281
0.00157209
0.00157135
0.0015706
0.00156984
0.00156927
0.00156927
0.00156926
0.00156923
0.00156917
0.0015691
0.00156899
0.00156887
0.00156871
0.00156853
0.00156833
0.00156809
0.00156783
0.00156754
0.00156723
0.00156688
0.00156652
0.00156613
0.00156571
0.00156527
0.00156482
0.00156434
0.00156385
0.00156334
0.00156282
0.00156229
0.00156176
0.00156121
0.00156067
0.00156012
0.00155958
0.00155904
0.00155851
0.00155799
0.00155789
0.00155824
0.00155861
0.001559
0.00155942
0.00155985
0.0015603
0.00156076
0.00156123
0.0015617
0.00156217
0.00156265
0.00156312
0.00156358
0.00156403
0.00156446
0.00156488
0.00156528
0.00156566
0.00156602
0.00156634
0.00156664
0.00156691
0.00156715
0.00156736
0.00156753
0.00156767
0.00156777
0.00156783
0.00156786
0.00156786
0.00156782
0.00156775
0.00156764
0.0015675
0.00156733
0.00156713
0.0015669
0.00156665
0.00156638
0.00156608
0.00156577
0.00156544
0.00156509
0.00156474
0.00156443
0.00156484
0.00156521
0.00156555
0.00156586
0.00156614
0.00156637
0.00156657
0.00156672
0.00156684
0.00156691
0.00156694
0.00156693
0.00156687
0.00156677
0.00156662
0.00156643
0.0015662
0.00156593
0.00156562
0.00156528
0.00156489
0.00156448
0.00156403
0.00156355
0.00156304
0.00156252
0.00156197
0.00156218
0.00156262
0.0015631
0.00156361
0.00156416
0.00156473
0.00156534
0.00156597
0.00156663
0.00156731
0.001568
0.00156872
0.00156944
0.00157018
0.00157092
0.00157166
0.00157241
0.00157315
0.00157388
0.00157461
0.00157532
0.00157601
0.00157669
0.00157735
0.00157798
0.00157858
0.00157915
0.00157969
0.00158019
0.00158065
0.00158108
0.00158146
0.0015818
0.00158209
0.00158234
0.00158254
0.00158269
0.00158279
0.00158284
0.00158284
0.00158279
0.00158269
0.00158254
0.00158234
0.0015821
0.0015818
0.00158146
0.00158107
0.00158063
0.00158016
0.00157964
0.00157908
0.00157848
0.00157785
0.00157719
0.0015765
0.00157577
0.00157502
0.00157425
0.00157346
0.00157342
0.00157411
0.00157476
0.00157537
0.00157593
0.00157645
0.00157693
0.00157735
0.00157772
0.00157804
0.00157831
0.00157852
0.00157868
0.00157878
0.00157882
0.00157881
0.00157873
0.0015786
0.00157842
0.00157818
0.00157788
0.00157753
0.00157712
0.00157666
0.00157616
0.0015756
0.001575
0.00157435
0.00157366
0.00157294
0.00157217
0.00157137
0.00157054
0.00156968
0.0015688
0.00156789
0.00156696
0.00156601
0.00156505
0.00156408
0.0015631
0.00156212
0.00156114
0.00156016
0.00155919
0.00155822
0.00155726
0.00155632
0.0015554
0.0015545
0.00155398
0.00155441
0.00155487
0.00155535
0.00155585
0.00155637
0.00155691
0.00155747
0.00155804
0.00155862
0.00155922
0.00155983
0.00156045
0.00156108
0.00156172
0.00156236
0.001563
0.00156365
0.0015643
0.00156494
0.00156559
0.00156623
0.00156687
0.0015675
0.00156812
0.00156874
0.00156934
0.00156993
0.00157051
0.00157108
0.00157163
0.00157217
0.00157269
0.00157319
0.00157367
0.00157413
0.00157457
0.00157499
0.00157538
0.00157575
0.0015761
0.00157643
0.00157673
0.001577
0.00157725
0.00157747
0.00157766
0.00157783
0.00157797
0.00157808
0.00157817
0.00157822
0.00157826
0.00157826
0.00157824
0.00157819
0.00157812
0.00157802
0.00157789
0.00157774
0.00157757
0.00157738
0.00157716
0.00157692
0.00157666
0.00157638
0.00157608
0.00157577
0.00157544
0.00157509
0.00157473
0.00157436
0.00157399
0.00157425
0.00157447
0.00157466
0.0015748
0.00157491
0.00157498
0.00157501
0.001575
0.00157495
0.00157487
0.00157475
0.00157459
0.00157441
0.00157418
0.00157393
0.00157364
0.00157332
0.00157298
0.00157261
0.00157221
0.00157179
0.00157134
0.00157088
0.00157039
0.00156989
0.00156937
0.00156884
0.0015683
0.00156775
0.00156719
0.00156662
0.00156605
0.00156548
0.0015649
0.00156433
0.00156376
0.0015632
0.00156264
0.0015621
0.00156156
0.0015613
0.00156126
0.00156124
0.00156123
0.00156123
0.00156125
0.00156127
0.00156131
0.00156136
0.00156141
0.00156147
0.00156155
0.00156162
0.00156171
0.00156179
0.00156189
0.00156198
0.00156208
0.00156218
0.00156229
0.00156239
0.0015625
0.0015626
0.0015627
0.00156281
0.00156291
0.00156301
0.0015631
0.00156319
0.00156328
0.00156337
0.00156345
0.00156353
0.0015636
0.00156367
0.00156373
0.00156379
0.00156385
0.0015639
0.00156395
0.00156399
0.00156403
0.00156407
0.0015641
0.00156413
0.00156416
0.00156418
0.0015642
0.00156423
0.00156425
0.00156427
0.00156429
0.00156431
0.00156433
0.00156435
0.00156438
0.00156441
0.00156444
0.00156447
0.00156451
0.00156455
0.00156459
0.00156464
0.0015647
0.00156476
0.00156483
0.0015649
0.00156498
0.00156506
0.00156516
0.00156526
0.00156536
0.00156548
0.0015656
0.00156573
0.00156586
0.001566
0.00156615
0.00156631
0.00156647
0.00156664
0.00156681
0.00156699
0.00156718
0.00156737
0.00156756
0.00156776
0.00156796
0.00156817
0.00156837
0.00156858
0.00156879
0.001569
0.00156921
0.00156942
0.00156963
0.00156984
0.00157004
0.00157025
0.00157044
0.00157064
0.00157082
0.00157101
0.00157118
0.00157135
0.00157151
0.00157167
0.00157181
0.00157195
0.00157207
0.00157219
0.00157229
0.00157239
0.00157247
0.00157254
0.0015726
0.00157264
0.00157268
0.0015727
0.00157271
0.0015727
0.00157268
0.00157265
0.00157261
0.00157255
0.00157248
0.00157239
0.00157229
0.00157218
0.00157206
0.00157193
0.00157178
0.00157162
0.00157145
0.00157126
0.00157107
0.00157087
0.00157065
0.00157043
0.0015702
0.00156996
0.00156971
0.00156945
0.00156919
0.00156892
0.00156864
0.00156836
0.00156808
0.00156779
0.0015675
0.0015672
0.0015669
0.00156698
0.00156708
0.00156717
0.00156724
0.0015673
0.00156735
0.00156738
0.00156739
0.00156739
0.00156737
0.00156734
0.00156729
0.00156723
0.00156715
0.00156706
0.00156695
0.00156683
0.00156669
0.00156654
0.00156638
0.0015662
0.00156601
0.00156581
0.0015656
0.00156537
0.00156514
0.00156489
0.00156464
0.00156437
0.0015641
0.00156383
0.00156354
0.00156325
0.00156296
0.00156266
0.00156235
0.00156205
0.00156174
0.00156143
0.00156112
0.00156081
0.00156051
0.0015602
0.0015599
0.0015597
0.00155979
0.0015599
0.00156002
0.00156015
0.00156029
0.00156044
0.0015606
0.00156078
0.00156096
0.00156116
0.00156136
0.00156157
0.0015618
0.00156203
0.00156227
0.00156252
0.00156278
0.00156304
0.00156331
0.00156359
0.00156387
0.00156416
0.00156445
0.00156475
0.00156505
0.00156535
0.00156566
0.00156597
0.00156628
0.00156658
0.00156689
0.0015672
0.00156751
0.00156781
0.00156812
0.00156842
0.00156871
0.001569
0.00156929
0.00156957
0.00156985
0.00157012
0.00157038
0.00157063
0.00157087
0.00157111
0.00157134
0.00157155
0.00157176
0.00157195
0.00157214
0.00157231
0.00157247
0.00157262
0.00157275
0.00157287
0.00157298
0.00157307
0.00157315
0.00157322
0.00157327
0.00157331
0.00157333
0.00157334
0.00157333
0.00157331
0.00157328
0.00157323
0.00157316
0.00157308
0.00157299
0.00157288
0.00157276
0.00157263
0.00157248
0.00157233
0.00157215
0.00157197
0.00157178
0.00157157
0.00157136
0.00157113
0.0015709
0.00157066
0.00157041
0.00157015
0.00156988
0.00156961
0.00156933
0.00156905
0.00156877
0.00156848
0.00156829
0.0015683
0.00156829
0.00156826
0.00156822
0.00156817
0.0015681
0.00156801
0.00156791
0.0015678
0.00156767
0.00156753
0.00156738
0.00156721
0.00156703
0.00156684
0.00156664
0.00156643
0.00156621
0.00156598
0.00156574
0.00156549
0.00156523
0.00156497
0.0015647
0.00156442
0.00156414
0.00156386
0.00156357
0.00156328
0.00156299
0.0015627
0.0015624
0.00156211
0.00156182
0.00156153
0.00156124
0.00156096
0.00156082
0.00156082
0.00156083
0.00156086
0.00156089
0.00156094
0.00156099
0.00156106
0.00156113
0.00156122
0.00156131
0.00156141
0.00156152
0.00156164
0.00156176
0.00156189
0.00156203
0.00156217
0.00156232
0.00156247
0.00156263
0.00156279
0.00156295
0.00156312
0.00156329
0.00156346
0.00156364
0.00156381
0.00156399
0.00156416
0.00156434
0.00156452
0.00156469
0.00156487
0.00156504
0.00156521
0.00156538
0.00156555
0.00156572
0.00156588
0.00156604
0.00156619
0.00156635
0.0015665
0.00156664
0.00156678
0.00156692
0.00156705
0.00156718
0.0015673
0.00156742
0.00156753
0.00156764
0.00156775
0.00156785
0.00156794
0.00156803
0.00156812
0.0015682
0.00156828
0.00156835
0.00156842
0.00156848
0.00156854
0.0015686
0.00156865
0.00156869
0.00156874
0.00156878
0.00156881
0.00156885
0.00156888
0.0015689
0.00156893
0.00156895
0.00156897
0.00156898
0.00156899
0.001569
0.00156901
0.00156902
0.00156902
0.00156902
0.00156902
0.00156901
0.00156901
0.001569
0.00156899
0.00156898
0.00156897
0.00156895
0.00156894
0.00156892
0.0015689
0.00156888
0.00156886
0.00156883
0.00156881
0.00156878
0.00156875
0.00156872
0.00156868
0.00156865
0.00156861
0.00156857
0.00156853
0.00156848
0.00156843
0.00156839
0.00156833
0.00156828
0.00156822
0.00156817
0.0015681
0.00156804
0.00156797
0.0015679
0.00156783
0.00156775
0.00156768
0.0015676
0.00156751
0.00156742
0.00156733
0.00156724
0.00156715
0.00156705
0.00156695
0.00156684
0.00156674
0.00156663
0.00156652
0.0015664
0.00156629
0.00156617
0.00156605
0.00156593
0.0015658
0.00156568
0.00156555
0.00156543
0.0015653
0.00156517
0.00156504
0.00156491
0.00156478
0.00156465
0.00156452
0.00156439
0.00156427
0.00156414
0.00156402
0.0015639
0.00156377
0.00156366
0.00156354
0.00156343
0.00156332
0.00156322
0.00156311
0.00156302
0.00156292
0.00156284
0.00156275
0.00156267
0.00156261
0.00156255
0.00156249
0.00156242
0.00156237
0.00156233
0.00156229
0.00156226
0.00156224
0.00156222
0.00156222
0.00156222
0.00156222
0.00156224
0.00156226
0.00156229
0.00156233
0.00156237
0.00156243
0.00156249
0.00156255
0.00156263
0.00156271
0.0015628
0.0015629
0.001563
0.00156311
0.00156323
0.00156335
0.00156348
0.00156362
0.00156376
0.00156391
0.00156406
0.00156422
0.00156438
0.00156455
0.00156472
0.00156489
0.00156506
0.00156524
0.00156543
0.00156561
0.00156579
0.00156598
0.00156617
0.00156636
0.00156654
0.00156673
0.00156692
0.0015671
0.00156729
0.00156747
0.00156765
0.00156782
0.001568
0.00156817
0.00156833
0.00156849
0.00156865
0.0015688
0.00156895
0.00156909
0.00156922
0.00156935
0.00156947
0.00156959
0.00156969
0.00156979
0.00156989
0.00156997
0.00157005
0.00157011
0.00157017
0.00157023
0.00157027
0.0015703
0.00157033
0.00157035
0.00157035
0.00157035
0.00157034
0.00157033
0.0015703
0.00157026
0.00157022
0.00157017
0.00157011
0.00157004
0.00156996
0.00156988
0.00156979
0.00156969
0.00156958
0.00156947
0.00156935
0.00156923
0.00156909
0.00156896
0.00156881
0.00156867
0.00156851
0.00156836
0.0015682
0.00156803
0.00156786
0.00156769
0.00156752
0.00156734
0.00156717
0.00156699
0.00156681
0.00156663
0.00156645
0.00156627
0.00156609
0.00156591
0.00156573
0.00156555
0.00156547
0.0015654
0.00156533
0.00156524
0.00156515
0.00156505
0.00156495
0.00156483
0.00156471
0.00156458
0.00156445
0.00156431
0.00156417
0.00156402
0.00156386
0.00156371
0.00156354
0.00156338
0.00156321
0.00156304
0.00156287
0.00156269
0.00156262
0.00156257
0.00156252
0.00156248
0.00156244
0.00156241
0.00156239
0.00156238
0.00156237
0.00156237
0.00156238
0.00156239
0.00156241
0.00156244
0.00156247
0.00156251
0.00156255
0.0015626
0.00156266
0.00156272
0.00156279
0.00156286
0.00156294
0.00156302
0.00156311
0.0015632
0.0015633
0.0015634
0.0015635
0.00156361
0.00156372
0.00156383
0.00156394
0.00156406
0.00156418
0.00156431
0.00156443
0.00156455
0.00156468
0.00156481
0.00156494
0.00156507
0.00156519
0.00156532
0.00156545
0.00156558
0.00156571
0.00156583
0.00156596
0.00156608
0.00156621
0.00156633
0.00156645
0.00156656
0.00156668
0.00156679
0.0015669
0.001567
0.00156711
0.00156721
0.00156731
0.0015674
0.00156749
0.00156758
0.00156766
0.00156774
0.00156782
0.00156789
0.00156796
0.00156803
0.00156809
0.00156814
0.0015682
0.00156825
0.00156829
0.00156833
0.00156837
0.0015684
0.00156843
0.00156845
0.00156847
0.00156848
0.00156849
0.0015685
0.00156851
0.0015685
0.0015685
0.00156849
0.00156848
0.00156846
0.00156844
0.00156842
0.00156839
0.00156836
0.00156833
0.00156829
0.00156825
0.00156821
0.00156817
0.00156812
0.00156807
0.00156801
0.00156795
0.0015679
0.00156783
0.00156777
0.0015677
0.00156764
0.00156757
0.0015675
0.00156742
0.00156735
0.00156727
0.00156719
0.00156711
0.00156703
0.00156695
0.00156687
0.00156679
0.00156671
0.00156662
0.00156654
0.00156645
0.00156637
0.00156628
0.0015662
0.00156611
0.00156603
0.00156594
0.00156586
0.00156577
0.00156569
0.00156561
0.00156552
0.00156544
0.00156536
0.00156528
0.00156521
0.00156513
0.00156505
0.00156498
0.00156491
0.00156484
0.00156477
0.0015647
0.00156463
0.00156457
0.00156451
0.00156444
0.00156439
0.00156433
0.00156428
0.00156422
0.00156418
0.00156413
0.00156408
0.00156404
0.001564
0.00156396
0.00156393
0.0015639
0.00156387
0.00156384
0.00156382
0.0015638
0.00156378
0.00156376
0.00156375
0.00156374
0.00156373
0.00156373
0.00156373
0.00156373
0.00156374
0.00156374
0.00156376
0.00156377
0.00156379
0.00156381
0.00156383
0.00156385
0.00156388
0.00156391
0.00156395
0.00156399
0.00156403
0.00156407
0.00156411
0.00156416
0.00156421
0.00156427
0.00156432
0.00156438
0.00156444
0.0015645
0.00156457
0.00156463
0.0015647
0.00156478
0.00156485
0.00156492
0.001565
0.00156508
0.00156516
0.00156524
0.00156532
0.0015654
0.00156549
0.00156557
0.00156566
0.00156575
0.00156583
0.00156592
0.00156601
0.0015661
0.00156619
0.00156628
0.00156636
0.00156645
0.00156654
0.00156662
0.00156671
0.00156679
0.00156688
0.00156696
0.00156704
0.00156712
0.00156719
0.00156727
0.00156734
0.00156741
0.00156748
0.00156754
0.00156761
0.00156767
0.00156772
0.00156778
0.00156783
0.00156788
0.00156792
0.00156797
0.001568
0.00156804
0.00156807
0.00156809
0.00156812
0.00156814
0.00156815
0.00156816
0.00156817
0.00156817
0.00156817
0.00156816
0.00156815
0.00156814
0.00156812
0.0015681
0.00156807
0.00156804
0.00156801
0.00156797
0.00156792
0.00156788
0.00156783
0.00156777
0.00156771
0.00156765
0.00156759
0.00156752
0.00156744
0.00156737
0.00156729
0.00156721
0.00156712
0.00156704
0.00156695
0.00156686
0.00156676
0.00156667
0.00156657
0.00156647
0.00156637
0.00156627
0.00156616
0.00156606
0.00156596
0.00156585
0.00156575
0.00156564
0.00156554
0.00156543
0.00156533
0.00156523
0.00156513
0.00156502
0.00156493
0.00156483
0.00156473
0.00156464
0.00156455
0.00156446
0.00156437
0.00156429
0.00156421
0.00156413
0.00156406
0.00156398
0.00156392
0.00156385
0.00156379
0.00156374
0.00156368
0.00156363
0.00156359
0.00156355
0.00156351
0.00156348
0.00156346
0.00156343
0.00156341
0.0015634
0.00156339
0.00156339
0.00156339
0.00156339
0.0015634
0.00156341
0.00156343
0.00156345
0.00156348
0.00156351
0.00156355
0.00156359
0.00156363
0.00156368
0.00156373
0.00156378
0.00156384
0.0015639
0.00156396
0.00156403
0.0015641
0.00156418
0.00156425
0.00156433
0.00156441
0.00156449
0.00156458
0.00156466
0.00156475
0.00156484
0.00156493
0.00156502
0.00156512
0.00156521
0.0015653
0.0015654
0.00156549
0.00156558
0.00156568
0.00156577
0.00156586
0.00156596
0.00156605
0.00156614
0.00156622
0.00156631
0.0015664
0.00156648
0.00156656
0.00156664
0.00156672
0.00156679
0.00156686
0.00156693
0.001567
0.00156707
0.00156713
0.00156718
0.00156724
0.00156729
0.00156734
0.00156739
0.00156743
0.00156747
0.0015675
0.00156753
0.00156756
0.00156759
0.00156761
0.00156763
0.00156764
0.00156765
0.00156766
0.00156766
0.00156766
0.00156766
0.00156765
0.00156764
0.00156763
0.00156761
0.00156759
0.00156757
0.00156754
0.00156751
0.00156748
0.00156745
0.00156741
0.00156737
0.00156733
0.00156728
0.00156724
0.00156719
0.00156714
0.00156708
0.00156703
0.00156697
0.00156691
0.00156685
0.00156679
0.00156673
0.00156666
0.0015666
0.00156653
0.00156647
0.0015664
0.00156633
0.00156626
0.00156619
0.00156613
0.00156606
0.00156599
0.00156592
0.00156585
0.00156578
0.00156571
0.00156565
0.00156558
0.00156551
0.00156545
0.00156538
0.00156532
0.00156526
0.0015652
0.00156514
0.00156508
0.00156502
0.00156497
0.00156491
0.00156486
0.00156481
0.00156476
0.00156471
0.00156467
0.00156462
0.00156458
0.00156454
0.0015645
0.00156447
0.00156443
0.0015644
0.00156437
0.00156434
0.00156432
0.0015643
0.00156427
0.00156425
0.00156424
0.00156422
0.00156421
0.0015642
0.00156419
0.00156419
0.00156418
0.00156418
0.00156418
0.00156418
0.00156419
0.00156419
0.0015642
0.00156421
0.00156422
0.00156424
0.00156426
0.00156427
0.00156429
0.00156432
0.00156434
0.00156437
0.00156439
0.00156442
0.00156445
0.00156448
0.00156452
0.00156455
0.00156459
0.00156463
0.00156467
0.00156471
0.00156475
0.00156479
0.00156484
0.00156488
0.00156493
0.00156498
0.00156502
0.00156507
0.00156512
0.00156517
0.00156522
0.00156528
0.00156533
0.00156538
0.00156543
0.00156549
0.00156554
0.00156559
0.00156565
0.0015657
0.00156575
0.0015658
0.00156586
0.00156591
0.00156596
0.00156601
0.00156606
0.00156612
0.00156617
0.00156621
0.00156626
0.00156631
0.00156636
0.0015664
0.00156645
0.00156649
0.00156653
0.00156657
0.00156661
0.00156665
0.00156668
0.00156672
0.00156675
0.00156678
0.00156681
0.00156684
0.00156686
0.00156689
0.00156691
0.00156693
0.00156695
0.00156696
0.00156698
0.00156699
0.001567
0.00156701
0.00156701
0.00156701
0.00156701
0.00156701
0.00156701
0.001567
0.00156699
0.00156698
0.00156697
0.00156696
0.00156694
0.00156692
0.0015669
0.00156687
0.00156685
0.00156682
0.00156679
0.00156676
0.00156672
0.00156669
0.00156665
0.00156661
0.00156657
0.00156653
0.00156648
0.00156643
0.00156639
0.00156634
0.00156629
0.00156624
0.00156618
0.00156613
0.00156607
0.00156602
0.00156596
0.0015659
0.00156585
0.00156579
0.00156573
0.00156567
0.00156561
0.00156555
0.00156549
0.00156543
0.00156537
0.00156531
0.00156525
0.00156519
0.00156514
0.00156508
0.00156502
0.00156497
0.00156491
0.00156486
0.00156481
0.00156476
0.00156471
0.00156466
0.00156462
0.00156457
0.00156453
0.00156449
0.00156445
0.00156441
0.00156438
0.00156434
0.00156431
0.00156428
0.00156426
0.00156423
0.00156421
0.00156419
0.00156418
0.00156416
0.00156415
0.00156414
0.00156413
0.00156413
0.00156413
0.00156413
0.00156413
0.00156414
0.00156415
0.00156416
0.00156417
0.00156419
0.0015642
0.00156423
0.00156425
0.00156427
0.0015643
0.00156433
0.00156436
0.0015644
0.00156443
0.00156447
0.00156451
0.00156455
0.0015646
0.00156464
0.00156469
0.00156474
0.00156478
0.00156484
0.00156489
0.00156494
0.00156499
0.00156505
0.0015651
0.00156516
0.00156522
0.00156527
0.00156533
0.00156539
0.00156545
0.00156551
0.00156556
0.00156562
0.00156568
0.00156574
0.00156579
0.00156585
0.0015659
0.00156596
0.00156601
0.00156606
0.00156612
0.00156617
0.00156621
0.00156626
0.00156631
0.00156635
0.00156639
0.00156644
0.00156648
0.00156651
0.00156655
0.00156658
0.00156661
0.00156664
0.00156667
0.0015667
0.00156672
0.00156674
0.00156676
0.00156678
0.00156679
0.0015668
0.00156681
0.00156682
0.00156682
0.00156683
0.00156683
0.00156682
0.00156682
0.00156681
0.0015668
0.00156679
0.00156678
0.00156676
0.00156674
0.00156672
0.0015667
0.00156668
0.00156665
0.00156662
0.00156659
0.00156656
0.00156653
0.00156649
0.00156646
0.00156642
0.00156638
0.00156634
0.0015663
0.00156625
0.00156621
0.00156616
0.00156612
0.00156607
0.00156602
0.00156597
0.00156593
0.00156588
0.00156583
0.00156578
0.00156573
0.00156568
0.00156563
0.00156558
0.00156552
0.00156547
0.00156542
0.00156537
0.00156532
0.00156527
0.00156522
0.00156517
0.00156512
0.00156508
0.00156503
0.00156499
0.00156494
0.0015649
0.00156486
0.00156482
0.00156478
0.00156474
0.00156471
0.00156467
0.00156464
0.00156461
0.00156458
0.00156455
0.00156452
0.0015645
0.00156448
0.00156446
0.00156444
0.00156442
0.00156441
0.00156439
0.00156438
0.00156437
0.00156437
0.00156436
0.00156436
0.00156436
0.00156436
0.00156436
0.00156436
0.00156437
0.00156438
0.00156439
0.0015644
0.00156441
0.00156443
0.00156445
0.00156446
0.00156448
0.00156451
0.00156453
0.00156455
0.00156458
0.0015646
0.00156463
0.00156466
0.00156469
0.00156472
0.00156475
0.00156479
0.00156482
0.00156485
0.00156489
0.00156492
0.00156496
0.001565
0.00156503
0.00156507
0.00156511
0.00156515
0.00156518
0.00156522
0.00156526
0.0015653
0.00156534
0.00156537
0.00156541
0.00156545
0.00156548
0.00156552
0.00156556
0.00156559
0.00156563
0.00156566
0.0015657
0.00156573
0.00156577
0.0015658
0.00156583
0.00156586
0.00156589
0.00156592
0.00156595
0.00156598
0.001566
0.00156603
0.00156606
0.00156608
0.0015661
0.00156612
0.00156615
0.00156617
0.00156618
0.0015662
0.00156622
0.00156623
0.00156625
0.00156626
0.00156627
0.00156628
0.00156629
0.0015663
0.00156631
0.00156631
0.00156632
0.00156632
0.00156632
0.00156632
0.00156632
0.00156632
0.00156631
0.00156631
0.0015663
0.00156629
0.00156629
0.00156627
0.00156626
0.00156625
0.00156624
0.00156622
0.0015662
0.00156619
0.00156617
0.00156615
0.00156612
0.0015661
0.00156608
0.00156605
0.00156603
0.001566
0.00156597
0.00156594
0.00156591
0.00156588
0.00156585
0.00156582
0.00156579
0.00156575
0.00156572
0.00156569
0.00156565
0.00156562
0.00156558
0.00156554
0.00156551
0.00156547
0.00156544
0.0015654
0.00156536
0.00156533
0.00156529
0.00156525
0.00156522
0.00156518
0.00156515
0.00156511
0.00156508
0.00156504
0.00156501
0.00156498
0.00156494
0.00156491
0.00156488
0.00156485
0.00156483
0.0015648
0.00156477
0.00156475
0.00156472
0.0015647
0.00156468
0.00156466
0.00156464
0.00156462
0.0015646
0.00156458
0.00156457
0.00156456
0.00156455
0.00156453
0.00156453
0.00156452
0.00156451
0.00156451
0.00156451
0.0015645
0.0015645
0.00156451
0.00156451
0.00156451
0.00156452
0.00156452
0.00156453
0.00156454
0.00156455
0.00156457
0.00156458
0.0015646
0.00156461
0.00156463
0.00156465
0.00156467
0.00156469
0.00156471
0.00156474
0.00156476
0.00156479
0.00156481
0.00156484
0.00156487
0.0015649
0.00156493
0.00156496
0.00156499
0.00156502
0.00156505
0.00156509
0.00156512
0.00156515
0.00156519
0.00156522
0.00156526
0.00156529
0.00156533
0.00156536
0.0015654
0.00156543
0.00156546
0.0015655
0.00156553
0.00156557
0.0015656
0.00156563
0.00156567
0.0015657
0.00156573
0.00156576
0.00156579
0.00156582
0.00156585
0.00156587
0.0015659
0.00156592
0.00156595
0.00156597
0.00156599
0.00156602
0.00156604
0.00156605
0.00156607
0.00156609
0.0015661
0.00156612
0.00156613
0.00156614
0.00156615
0.00156616
0.00156616
0.00156617
0.00156617
0.00156617
0.00156617
0.00156617
0.00156617
0.00156617
0.00156616
0.00156615
0.00156615
0.00156614
0.00156613
0.00156611
0.0015661
0.00156608
0.00156607
0.00156605
0.00156603
0.00156601
0.00156599
0.00156597
0.00156595
0.00156592
0.0015659
0.00156587
0.00156584
0.00156581
0.00156579
0.00156576
0.00156573
0.0015657
0.00156566
0.00156563
0.0015656
0.00156557
0.00156554
0.0015655
0.00156547
0.00156544
0.0015654
0.00156537
0.00156534
0.0015653
0.00156527
0.00156524
0.0015652
0.00156517
0.00156514
0.00156511
0.00156508
0.00156505
0.00156502
0.00156499
0.00156496
0.00156493
0.0015649
0.00156488
0.00156485
0.00156483
0.0015648
0.00156478
0.00156476
0.00156474
0.00156472
0.0015647
0.00156468
0.00156467
0.00156465
0.00156464
0.00156463
0.00156462
0.00156461
0.0015646
0.00156459
0.00156458
0.00156458
0.00156457
0.00156457
0.00156457
0.00156457
0.00156457
0.00156457
0.00156458
0.00156458
0.00156459
0.00156459
0.0015646
0.00156461
0.00156462
0.00156463
0.00156465
0.00156466
0.00156467
0.00156469
0.00156471
0.00156472
0.00156474
0.00156476
0.00156478
0.0015648
0.00156482
0.00156485
0.00156487
0.00156489
0.00156492
0.00156494
0.00156497
0.00156499
0.00156502
0.00156504
0.00156507
0.0015651
0.00156512
0.00156515
0.00156518
0.0015652
0.00156523
0.00156526
0.00156528
0.00156531
0.00156534
0.00156536
0.00156539
0.00156542
0.00156544
0.00156547
0.00156549
0.00156552
0.00156554
0.00156556
0.00156558
0.00156561
0.00156563
0.00156565
0.00156567
0.00156569
0.00156571
0.00156572
0.00156574
0.00156576
0.00156577
0.00156579
0.0015658
0.00156581
0.00156582
0.00156583
0.00156584
0.00156585
0.00156586
0.00156587
0.00156587
0.00156588
0.00156588
0.00156588
0.00156588
0.00156588
0.00156588
0.00156588
0.00156588
0.00156588
0.00156587
0.00156587
0.00156586
0.00156585
0.00156585
0.00156584
0.00156583
0.00156582
0.00156581
0.00156579
0.00156578
0.00156577
0.00156575
0.00156574
0.00156572
0.0015657
0.00156569
0.00156567
0.00156565
0.00156563
0.00156561
0.00156559
0.00156557
0.00156555
0.00156553
0.00156551
0.00156548
0.00156546
0.00156544
0.00156541
0.00156539
0.00156537
0.00156534
0.00156532
0.0015653
0.00156527
0.00156525
0.00156523
0.0015652
0.00156518
0.00156515
0.00156513
0.00156511
0.00156509
0.00156506
0.00156504
0.00156502
0.001565
0.00156498
0.00156496
0.00156494
0.00156492
0.0015649
0.00156488
0.00156486
0.00156485
0.00156483
0.00156481
0.0015648
0.00156479
0.00156477
0.00156476
0.00156475
0.00156474
0.00156473
0.00156472
0.00156471
0.0015647
0.00156469
0.00156469
0.00156468
0.00156468
0.00156468
0.00156467
0.00156467
0.00156467
0.00156467
0.00156467
0.00156467
0.00156468
0.00156468
0.00156469
0.00156469
0.0015647
0.00156471
0.00156471
0.00156472
0.00156473
0.00156474
0.00156475
0.00156477
0.00156478
0.00156479
0.0015648
0.00156482
0.00156483
0.00156485
0.00156487
0.00156488
0.0015649
0.00156492
0.00156494
0.00156496
0.00156498
0.00156499
0.00156501
0.00156503
0.00156505
0.00156508
0.0015651
0.00156512
0.00156514
0.00156516
0.00156518
0.0015652
0.00156522
0.00156524
0.00156526
0.00156529
0.00156531
0.00156533
0.00156535
0.00156537
0.00156539
0.00156541
0.00156542
0.00156544
0.00156546
0.00156548
0.0015655
0.00156551
0.00156553
0.00156555
0.00156556
0.00156558
0.00156559
0.0015656
0.00156562
0.00156563
0.00156564
0.00156565
0.00156566
0.00156567
0.00156567
0.00156568
0.00156569
0.00156569
0.0015657
0.0015657
0.00156571
0.00156571
0.00156571
0.00156571
0.00156571
0.00156571
0.00156571
0.0015657
0.0015657
0.00156569
0.00156569
0.00156568
0.00156567
0.00156567
0.00156566
0.00156565
0.00156564
0.00156563
0.00156561
0.0015656
0.00156559
0.00156557
0.00156556
0.00156554
0.00156553
0.00156551
0.00156549
0.00156548
0.00156546
0.00156544
0.00156542
0.0015654
0.00156538
0.00156536
0.00156534
0.00156532
0.0015653
0.00156528
0.00156526
0.00156524
0.00156521
0.00156519
0.00156517
0.00156515
0.00156513
0.00156511
0.00156509
0.00156507
0.00156505
0.00156503
0.00156501
0.00156499
0.00156497
0.00156495
0.00156493
0.00156491
0.00156489
0.00156488
0.00156486
0.00156484
0.00156483
0.00156481
0.0015648
0.00156478
0.00156477
0.00156476
0.00156475
0.00156474
0.00156473
0.00156472
0.00156471
0.0015647
0.0015647
0.00156469
0.00156468
0.00156468
0.00156468
0.00156467
0.00156467
0.00156467
0.00156467
0.00156467
0.00156467
0.00156467
0.00156468
0.00156468
0.00156469
0.00156469
0.0015647
0.0015647
0.00156471
0.00156472
0.00156473
0.00156474
0.00156475
0.00156476
0.00156477
0.00156479
0.0015648
0.00156481
0.00156483
0.00156484
0.00156485
0.00156487
0.00156489
0.0015649
0.00156492
0.00156493
0.00156495
0.00156497
0.00156499
0.001565
0.00156502
0.00156504
0.00156506
0.00156508
0.00156509
0.00156511
0.00156513
0.00156515
0.00156517
0.00156519
0.0015652
0.00156522
0.00156524
0.00156525
0.00156527
0.00156529
0.0015653
0.00156532
0.00156534
0.00156535
0.00156537
0.00156538
0.00156539
0.00156541
0.00156542
0.00156543
0.00156544
0.00156545
0.00156546
0.00156547
0.00156548
0.00156549
0.0015655
0.00156551
0.00156551
0.00156552
0.00156552
0.00156553
0.00156553
0.00156554
0.00156554
0.00156554
0.00156554
0.00156554
0.00156554
0.00156554
0.00156554
0.00156553
0.00156553
0.00156553
0.00156552
0.00156552
0.00156551
0.00156551
0.0015655
0.00156549
0.00156548
0.00156547
0.00156546
0.00156545
0.00156544
0.00156543
0.00156542
0.00156541
0.0015654
0.00156538
0.00156537
0.00156536
0.00156534
0.00156533
0.00156531
0.0015653
0.00156528
0.00156527
0.00156525
0.00156524
0.00156522
0.0015652
0.00156519
0.00156517
0.00156516
0.00156514
0.00156512
0.00156511
0.00156509
0.00156507
0.00156506
0.00156504
0.00156503
0.00156501
0.00156499
0.00156498
0.00156496
0.00156495
0.00156494
0.00156492
0.00156491
0.00156489
0.00156488
0.00156487
0.00156486
0.00156484
0.00156483
0.00156482
0.00156481
0.0015648
0.00156479
0.00156478
0.00156477
0.00156477
0.00156476
0.00156475
0.00156475
0.00156474
0.00156473
0.00156473
0.00156473
0.00156472
0.00156472
0.00156472
0.00156472
0.00156472
0.00156472
0.00156472
0.00156472
0.00156472
0.00156472
0.00156472
0.00156473
0.00156473
0.00156473
0.00156474
0.00156474
0.00156475
0.00156476
0.00156476
0.00156477
0.00156478
0.00156479
0.00156479
0.0015648
0.00156481
0.00156482
0.00156483
0.00156484
0.00156486
0.00156487
0.00156488
0.00156489
0.0015649
0.00156492
0.00156493
0.00156494
0.00156495
0.00156497
0.00156498
0.00156499
0.00156501
0.00156502
0.00156504
0.00156505
0.00156506
0.00156508
0.00156509
0.0015651
0.00156512
0.00156513
0.00156514
0.00156516
0.00156517
0.00156518
0.0015652
0.00156521
0.00156522
0.00156523
0.00156524
0.00156525
0.00156526
0.00156527
0.00156528
0.00156529
0.0015653
0.00156531
0.00156532
0.00156533
0.00156534
0.00156534
0.00156535
0.00156536
0.00156536
0.00156537
0.00156537
0.00156537
0.00156538
0.00156538
0.00156538
0.00156538
0.00156539
0.00156539
0.00156539
0.00156539
0.00156539
0.00156538
0.00156538
0.00156538
0.00156538
0.00156537
0.00156537
0.00156536
0.00156536
0.00156535
0.00156535
0.00156534
0.00156533
0.00156532
0.00156532
0.00156531
0.0015653
0.00156529
0.00156528
0.00156527
0.00156526
0.00156525
0.00156524
0.00156523
0.00156521
0.0015652
0.00156519
0.00156518
0.00156516
0.00156515
0.00156514
0.00156513
0.00156511
0.0015651
0.00156508
0.00156507
0.00156506
0.00156504
0.00156503
0.00156502
0.001565
0.00156499
0.00156498
0.00156496
0.00156495
0.00156494
0.00156493
0.00156491
0.0015649
0.00156489
0.00156488
0.00156486
0.00156485
0.00156484
0.00156483
0.00156482
0.00156481
0.0015648
0.00156479
0.00156478
0.00156478
0.00156477
0.00156476
0.00156475
0.00156475
0.00156474
0.00156474
0.00156473
0.00156473
0.00156472
0.00156472
0.00156472
0.00156471
0.00156471
0.00156471
0.00156471
0.00156471
0.00156471
0.00156471
0.00156471
0.00156471
0.00156471
0.00156472
0.00156472
0.00156472
0.00156473
0.00156473
0.00156474
0.00156474
0.00156475
0.00156475
0.00156476
0.00156477
0.00156478
0.00156478
0.00156479
0.0015648
0.00156481
0.00156482
0.00156483
0.00156484
0.00156485
0.00156486
0.00156487
0.00156488
0.00156489
0.0015649
0.00156491
0.00156493
0.00156494
0.00156495
0.00156496
0.00156497
0.00156498
0.001565
0.00156501
0.00156502
0.00156503
0.00156504
0.00156505
0.00156507
0.00156508
0.00156509
0.0015651
0.00156511
0.00156512
0.00156513
0.00156514
0.00156515
0.00156516
0.00156517
0.00156518
0.00156519
0.00156519
0.0015652
0.00156521
0.00156522
0.00156522
0.00156523
0.00156523
0.00156524
0.00156524
0.00156525
0.00156525
0.00156526
0.00156526
0.00156526
0.00156526
0.00156527
0.00156527
0.00156527
0.00156527
0.00156527
0.00156527
0.00156527
0.00156526
0.00156526
0.00156526
0.00156526
0.00156525
0.00156525
0.00156524
0.00156524
0.00156523
0.00156523
0.00156522
0.00156522
0.00156521
0.0015652
0.00156519
0.00156519
0.00156518
0.00156517
0.00156516
0.00156515
0.00156514
0.00156513
0.00156512
0.00156511
0.0015651
0.00156509
0.00156508
0.00156507
0.00156506
0.00156505
0.00156504
0.00156503
0.00156502
0.00156501
0.00156499
0.00156498
0.00156497
0.00156496
0.00156495
0.00156494
0.00156493
0.00156492
0.00156491
0.0015649
0.00156489
0.00156488
0.00156487
0.00156486
0.00156485
0.00156484
0.00156483
0.00156482
0.00156481
0.0015648
0.00156479
0.00156479
0.00156478
0.00156477
0.00156477
0.00156476
0.00156475
0.00156475
0.00156474
0.00156474
0.00156473
0.00156473
0.00156472
0.00156472
0.00156472
0.00156472
0.00156471
0.00156471
0.00156471
0.00156471
0.00156471
0.00156471
0.00156471
0.00156471
0.00156471
0.00156471
0.00156471
0.00156472
0.00156472
0.00156472
0.00156473
0.00156473
0.00156473
0.00156474
0.00156474
0.00156475
0.00156475
0.00156476
0.00156476
0.00156477
0.00156478
0.00156478
0.00156479
0.0015648
0.00156481
0.00156481
0.00156482
0.00156483
0.00156484
0.00156485
0.00156485
0.00156486
0.00156487
0.00156488
0.00156489
0.0015649
0.00156491
0.00156492
0.00156493
0.00156493
0.00156494
0.00156495
0.00156496
0.00156497
0.00156498
0.00156499
0.001565
0.00156501
0.00156501
0.00156502
0.00156503
0.00156504
0.00156505
0.00156505
0.00156506
0.00156507
0.00156507
0.00156508
0.00156509
0.00156509
0.0015651
0.0015651
0.00156511
0.00156511
0.00156512
0.00156512
0.00156513
0.00156513
0.00156513
0.00156514
0.00156514
0.00156514
0.00156514
0.00156514
0.00156514
0.00156515
0.00156515
0.00156515
0.00156515
0.00156514
0.00156514
0.00156514
0.00156514
0.00156514
0.00156514
0.00156513
0.00156513
0.00156513
0.00156512
0.00156512
0.00156511
0.00156511
0.0015651
0.0015651
0.00156509
0.00156509
0.00156508
0.00156507
0.00156507
0.00156506
0.00156505
0.00156505
0.00156504
0.00156503
0.00156502
0.00156502
0.00156501
0.001565
0.00156499
0.00156498
0.00156497
0.00156497
0.00156496
0.00156495
0.00156494
0.00156493
0.00156492
0.00156491
0.0015649
0.00156489
0.00156489
0.00156488
0.00156487
0.00156486
0.00156485
0.00156484
0.00156483
0.00156483
0.00156482
0.00156481
0.0015648
0.0015648
0.00156479
0.00156478
0.00156477
0.00156477
0.00156476
0.00156476
0.00156475
0.00156474
0.00156474
0.00156473
0.00156473
0.00156472
0.00156472
0.00156472
0.00156471
0.00156471
0.00156471
0.0015647
0.0015647
0.0015647
0.0015647
0.0015647
0.0015647
0.0015647
0.0015647
0.0015647
0.0015647
0.0015647
0.0015647
0.0015647
0.0015647
0.0015647
0.0015647
0.00156471
0.00156471
0.00156471
0.00156472
0.00156472
0.00156472
0.00156473
0.00156473
0.00156474
0.00156474
0.00156475
0.00156475
0.00156476
0.00156477
0.00156477
0.00156478
0.00156479
0.00156479
0.0015648
0.00156481
0.00156481
0.00156482
0.00156483
0.00156483
0.00156484
0.00156485
0.00156486
0.00156486
0.00156487
0.00156488
0.00156489
0.00156489
0.0015649
0.00156491
0.00156492
0.00156492
0.00156493
0.00156494
0.00156494
0.00156495
0.00156496
0.00156496
0.00156497
0.00156498
0.00156498
0.00156499
0.00156499
0.001565
0.001565
0.00156501
0.00156501
0.00156502
0.00156502
0.00156503
0.00156503
0.00156503
0.00156504
0.00156504
0.00156504
0.00156504
0.00156505
0.00156505
0.00156505
0.00156505
0.00156505
0.00156505
0.00156505
0.00156505
0.00156505
0.00156505
0.00156505
0.00156505
0.00156505
0.00156504
0.00156504
0.00156504
0.00156504
0.00156503
0.00156503
0.00156502
0.00156502
0.00156502
0.00156501
0.00156501
0.001565
0.001565
0.00156499
0.00156499
0.00156498
0.00156497
0.00156497
0.00156496
0.00156496
0.00156495
0.00156494
0.00156493
0.00156493
0.00156492
0.00156491
0.00156491
0.0015649
0.00156489
0.00156488
0.00156488
0.00156487
0.00156486
0.00156485
0.00156485
0.00156484
0.00156483
0.00156482
0.00156482
0.00156481
0.0015648
0.0015648
0.00156479
0.00156478
0.00156478
0.00156477
0.00156476
0.00156476
0.00156475
0.00156474
0.00156474
0.00156473
0.00156473
0.00156472
0.00156472
0.00156471
0.00156471
0.00156471
0.0015647
0.0015647
0.00156469
0.00156469
0.00156469
0.00156469
0.00156468
0.00156468
0.00156468
0.00156468
0.00156468
0.00156468
0.00156468
0.00156468
0.00156468
0.00156468
0.00156468
0.00156468
0.00156468
0.00156468
0.00156468
0.00156468
0.00156468
0.00156469
0.00156469
0.00156469
0.00156469
0.0015647
0.0015647
0.0015647
0.00156471
0.00156471
0.00156472
0.00156472
0.00156472
0.00156473
0.00156473
0.00156474
0.00156474
0.00156475
0.00156476
0.00156476
0.00156477
0.00156477
0.00156478
0.00156478
0.00156479
0.00156479
0.0015648
0.00156481
0.00156481
0.00156482
0.00156482
0.00156483
0.00156484
0.00156484
0.00156485
0.00156485
0.00156486
0.00156487
0.00156487
0.00156488
0.00156488
0.00156489
0.00156489
0.0015649
0.0015649
0.00156491
0.00156491
0.00156491
0.00156492
0.00156492
0.00156493
0.00156493
0.00156493
0.00156494
0.00156494
0.00156494
0.00156495
0.00156495
0.00156495
0.00156495
0.00156495
0.00156495
0.00156496
0.00156496
0.00156496
0.00156496
0.00156496
0.00156496
0.00156496
0.00156496
0.00156496
0.00156496
0.00156495
0.00156495
0.00156495
0.00156495
0.00156495
0.00156494
0.00156494
0.00156494
0.00156494
0.00156493
0.00156493
0.00156493
0.00156492
0.00156492
0.00156491
0.00156491
0.00156491
0.0015649
0.0015649
0.00156489
0.00156489
0.00156488
0.00156488
0.00156487
0.00156487
0.00156486
0.00156485
0.00156485
0.00156484
0.00156484
0.00156483
0.00156483
0.00156482
0.00156481
0.00156481
0.0015648
0.0015648
0.00156479
0.00156478
0.00156478
0.00156477
0.00156477
0.00156476
0.00156476
0.00156475
0.00156474
0.00156473
0.00156473
0.00156473
0.00156472
0.00156472
0.00156471
0.00156471
0.00156471
0.00156471
0.0015647
0.0015647
0.0015647
0.0015647
0.0015647
0.00156469
0.00156469
0.00156469
0.00156469
0.00156469
0.00156469
0.00156469
0.00156469
0.00156469
0.0015647
0.0015647
0.0015647
0.0015647
0.00156471
0.00156471
0.00156471
0.00156471
0.00156472
0.00156472
0.00156473
0.00156473
0.00156473
0.00156474
0.00156474
0.00156475
0.00156475
0.00156475
0.00156476
0.00156476
0.00156477
0.00156477
0.00156478
0.00156478
0.00156478
0.00156479
0.00156479
0.0015648
0.0015648
0.0015648
0.0015648
0.00156481
0.00156481
0.00156481
0.00156482
0.00156482
0.00156482
0.00156482
0.00156482
0.00156482
0.00156482
0.00156483
0.00156483
0.00156483
0.00156483
0.00156483
0.00156483
0.00156483
0.00156483
0.00156483
0.00156483
0.00156483
0.00156483
0.00156482
0.00156482
0.00156482
0.00156482
0.00156482
0.00156482
0.00156482
0.00156482
0.00156482
0.00156482
0.00156482
0.00156482
0.00156482
0.00156482
0.00156482
0.00156482
0.00156482
0.00156482
0.00156482
0.00156482
0.00156482
0.00156482
0.00156482
0.00156482
0.00156482
0.00156483
0.00156483
