4.1432e-07
1.54834e-06
3.25433e-06
5.45247e-06
8.0675e-06
1.10352e-05
1.42999e-05
1.7813e-05
2.15325e-05
2.54218e-05
2.94493e-05
3.35874e-05
3.7812e-05
4.21026e-05
4.64411e-05
5.08123e-05
5.52029e-05
5.96015e-05
6.39985e-05
6.83859e-05
7.27568e-05
7.71057e-05
8.1428e-05
8.572e-05
8.99788e-05
9.42025e-05
9.83894e-05
0.000102539
0.00010665
0.000110723
0.000114758
0.000118757
0.000122719
0.000126646
0.000130539
0.000134401
0.000138232
0.000142035
0.000145811
0.000149562
0.000153291
0.000156999
0.000160688
0.00016436
0.000168018
0.000171663
0.000175297
0.000178922
0.00018254
0.000186153
0.000189762
0.000193369
0.000196976
0.000200583
0.000204193
0.000207807
0.000211426
0.00021505
0.000218682
0.000222322
0.00022597
0.000229629
0.000233298
0.000236978
0.000240669
0.000244373
0.000248089
0.000251819
0.000255561
0.000259316
0.000263085
0.000266868
0.000270663
0.000274472
0.000278295
0.00028213
0.000285978
0.000289838
0.000293711
0.000297595
0.000301491
0.000305398
0.000309314
0.000313241
0.000317177
0.000321122
0.000325075
0.000329065
0.000333139
0.000337212
0.000341284
0.000345353
0.000349421
0.000353486
0.000357549
0.000361609
0.000365665
0.000369733
0.000373827
0.000377915
0.000381994
0.000386066
0.000390129
0.000394184
0.000398229
0.000402265
0.000406292
0.000410309
0.000414316
0.000418314
0.000422302
0.000426281
0.00043025
0.000434211
0.000438162
0.000442105
0.000446057
0.000450047
0.000454034
0.000458021
0.000462007
0.00046606
0.000470115
0.000474163
0.000478205
0.00048224
0.000486268
0.00049029
0.000494337
0.000498391
0.000502437
0.000506473
0.0005105
0.000514518
0.000518528
0.000522529
0.000526524
0.000530511
0.000534491
0.000538466
0.000542435
0.000546399
0.000550359
0.000554316
0.00055827
0.000562221
0.000566171
0.00057012
0.000574069
0.000578018
0.000582032
0.000586054
0.000590095
0.000594152
0.000598206
0.000602256
0.000606302
0.000610345
0.000614383
0.000618416
0.00062245
0.000626525
0.000630598
0.000634671
0.000638741
0.00064281
0.000646876
0.00065094
0.000655001
0.000659059
0.000663114
0.000667165
0.000671214
0.000675259
0.0006793
0.000683337
0.000687371
0.000691401
0.000695428
0.00069945
0.000703469
0.000707484
0.000711496
0.000715504
0.000719509
0.000723511
0.000727509
0.000731505
0.000735498
0.000739489
0.000743477
0.000747463
0.000751448
0.000755431
0.000759431
0.000763449
0.000767465
0.000771477
0.000775486
0.000779492
0.000783495
0.000787495
0.000791493
0.000795489
0.000799482
0.000803473
0.000807462
0.00081145
0.000815437
0.000819422
0.000823407
0.00082739
0.000831373
0.000835356
0.000839339
0.000843322
0.000847305
0.0008513
0.000855348
0.000859396
0.000863444
0.000867492
0.000871539
0.000875586
0.000879632
0.000883677
0.000887721
0.000891764
0.000895805
0.000899845
0.000903883
0.000907919
0.000911954
0.000915987
0.000920017
0.000924046
0.000928073
0.000932098
0.00093612
0.000940141
0.000944159
0.000948176
0.000952191
0.000956203
0.000960214
0.000964223
0.000968231
0.000972236
0.000976241
0.000980244
0.000984246
0.000988247
0.000992247
0.000996246
0.00100024
0.00100424
0.00100824
0.00101225
0.00101628
0.00102031
0.00102433
0.00102835
0.00103236
0.00103637
0.00104037
0.00104437
0.00104836
0.00105235
0.00105634
0.00106032
0.0010643
0.00106827
0.00107226
0.00107627
0.00108029
0.0010843
0.00108831
0.00109233
0.00109634
0.00110036
0.00110438
0.0011084
0.00111242
0.00111644
0.00112046
0.00112448
0.0011285
0.00113252
0.00113655
0.00114057
0.00114459
0.00114862
0.00115264
0.00115666
0.00116068
0.0011647
0.00116872
0.00117274
0.00117676
0.00118078
0.00118479
0.00118881
0.00119282
0.00119684
0.00120085
0.00120486
0.00120886
0.00121287
0.00121688
0.00122088
0.00122488
0.00122888
0.00123288
0.00123688
0.0012409
0.00124492
0.00124895
0.00125296
0.00125698
0.001261
0.00126501
0.00126902
0.00127302
0.00127704
0.00128107
0.0012851
0.00128913
0.00129316
0.00129719
0.00130122
0.00130525
0.00130928
0.00131331
0.00131733
0.00132136
0.00132538
0.00132941
0.00133343
0.00133745
0.00134147
0.00134549
0.00134951
0.00135353
0.00135755
0.00136156
0.00136558
0.00136959
0.0013736
0.00137762
0.00138163
0.00138564
0.00138964
0.00139365
0.00139766
0.00140166
0.00140567
0.00140967
0.00141367
0.00141768
0.00142168
0.00142568
0.00142968
0.00143368
0.00143768
0.00144168
0.00144568
0.00144967
0.00145367
0.00145767
0.00146167
0.00146566
0.00146966
0.00147369
0.00147773
0.00148177
0.0014858
0.00148984
0.00149387
0.00149791
0.00150194
0.00150597
0.00151
0.00151403
0.00151805
0.00152208
0.0015261
0.00153012
0.00153414
0.00153816
0.00154218
0.00154619
0.0015502
0.00155421
0.00155822
0.00156223
0.00156624
0.00157025
0.00157425
0.00157825
0.00158226
0.00158626
0.00159026
0.00159426
0.00159826
0.00160226
0.00160626
0.00161025
0.00161425
0.00161825
0.00162225
0.00162625
0.00163024
0.00163424
0.00163824
0.00164224
0.00164624
0.00165024
0.00165424
0.00165824
0.00166224
0.00166624
0.00167025
0.00167425
0.00167826
0.00168226
0.00168628
0.0016903
0.00169432
0.00169834
0.00170236
0.00170637
0.00171039
0.00171441
0.00171843
0.00172244
0.00172646
0.00173047
0.00173449
0.0017385
0.00174252
0.00174653
0.00175055
0.00175456
0.00175857
0.00176259
0.0017666
0.00177061
0.00177462
0.00177864
0.00178266
0.00178668
0.0017907
0.00179471
0.00179873
0.00180275
0.00180677
0.00181079
0.00181481
0.00181882
0.00182284
0.00182686
0.00183087
0.00183489
0.0018389
0.00184292
0.00184693
0.00185094
0.00185495
0.00185897
0.00186298
0.00186699
0.001871
0.00187501
0.00187902
0.00188302
0.00188703
0.00189104
0.00189505
0.00189907
0.00190309
0.00190711
0.00191113
0.00191515
0.00191917
0.00192319
0.00192721
0.00193123
0.00193525
0.00193927
0.00194329
0.00194731
0.00195133
0.00195535
0.00195936
0.00196338
0.0019674
0.00197142
0.00197544
0.00197946
0.00198347
0.00198749
0.00199151
0.00199552
0.00199954
0.00200356
0.00200757
0.00201159
0.0020156
0.00201961
0.00202363
0.00202764
0.00203165
0.00203566
0.00203967
0.00204368
0.00204769
0.0020517
0.00205571
0.00205972
0.00206373
0.00206774
0.00207175
0.00207576
0.00207976
0.00208377
0.00208778
0.00209178
0.00209579
0.0020998
0.0021038
0.00210781
0.00211181
0.00211582
0.00211982
0.00212383
0.00212783
0.00213184
0.00213584
0.00213985
0.00214385
0.00214786
0.00215186
0.00215587
0.00215987
0.00216388
0.00216788
0.00217189
0.0021759
0.00217993
0.00218395
0.00218798
0.002192
0.00219603
0.00220005
0.00220408
0.00220811
0.00221213
0.00221616
0.00222018
0.00222421
0.00222823
0.00223226
0.00223628
0.00224031
0.00224433
0.00224835
0.00225238
0.0022564
0.00226042
0.00226445
0.00226847
0.00227249
0.00227651
0.00228053
0.00228455
0.00228856
0.00229258
0.0022966
0.00230061
0.00230463
0.00230864
0.00231265
0.00231667
0.00232068
0.00232469
0.0023287
0.00233271
0.00233671
0.00234072
0.00234473
0.00234873
0.00235274
0.00235674
0.00236074
0.00236474
0.00236875
0.00237275
0.00237675
0.00238075
0.00238475
0.00238874
0.00239274
0.00239674
0.00240074
0.00240474
0.00240873
0.00241273
0.00241673
0.00242075
0.00242477
0.00242879
0.00243282
0.00243684
0.00244086
0.00244488
0.00244891
0.00245293
0.00245695
0.00246097
0.00246499
0.00246901
0.00247303
0.00247705
0.00248107
0.00248509
0.00248911
0.00249312
0.00249714
0.00250116
0.00250517
0.00250919
0.0025132
0.00251722
0.00252123
0.00252525
0.00252926
0.00253327
0.00253729
0.0025413
0.00254531
0.00254932
0.00255333
0.00255734
0.00256135
0.00256536
0.00256937
0.00257337
0.00257738
0.00258139
0.0025854
0.00258941
0.00259341
0.00259742
0.00260143
0.00260543
0.00260944
0.00261345
0.00261745
0.00262146
0.00262547
0.00262948
0.00263348
0.00263749
0.0026415
0.00264551
0.00264951
0.00265352
0.00265753
0.00266154
0.00266555
0.00266956
0.00267357
0.00267757
0.00268158
0.00268559
0.00268961
0.00269362
0.00269763
0.00270164
0.00270565
0.00270966
0.00271367
0.00271769
0.0027217
0.00272571
0.00272973
0.00273374
0.00273775
0.00274177
0.00274578
0.00274979
0.00275381
0.00275782
0.00276183
0.00276585
0.00276986
0.00277387
0.00277789
0.0027819
0.00278591
0.00278993
0.00279394
0.00279796
0.00280197
0.00280598
0.00281
0.00281401
0.00281803
0.00282204
0.00282606
0.00283007
0.00283409
0.00283811
0.00284212
0.00284614
0.00285015
0.00285417
0.00285818
0.0028622
0.00286621
0.00287023
0.00287425
0.00287826
0.00288228
0.00288629
0.00289031
0.00289432
0.00289834
0.00290235
0.00290637
0.00291038
0.0029144
0.00291841
0.00292242
0.00292644
0.00293045
0.00293446
0.00293847
0.00294249
0.0029465
0.00295051
0.00295452
0.00295853
0.00296254
0.00296655
0.00297056
0.00297457
0.00297858
0.00298259
0.0029866
0.00299061
0.00299462
0.00299863
0.00300263
0.00300664
0.00301065
0.00301466
0.00301866
0.00302267
0.00302668
0.00303069
0.00303469
0.0030387
0.00304271
0.00304671
0.00305073
0.00305475
0.00305877
0.00306279
0.00306681
0.00307083
0.00307485
0.00307887
0.00308288
0.0030869
0.00309092
0.00309494
0.00309896
0.00310298
0.003107
0.00311102
0.00311503
0.00311905
0.00312307
0.00312709
0.0031311
0.00313512
0.00313914
0.00314315
0.00314717
0.00315118
0.0031552
0.00315922
0.00316323
0.00316724
0.00317126
0.00317527
0.00317929
0.0031833
0.00318731
0.00319133
0.00319534
0.00319935
0.00320336
0.00320738
0.00321139
0.0032154
0.00321941
0.00322342
0.00322743
0.00323144
0.00323545
0.00323946
0.00324347
0.00324748
0.00325149
0.0032555
0.00325951
0.00326352
0.00326753
0.00327154
0.00327555
0.00327956
0.00328357
0.00328758
0.00329159
0.0032956
0.0032996
0.00330361
0.00330762
0.00331163
0.00331564
0.00331965
0.00332366
0.00332767
0.00333167
0.00333568
0.00333969
0.0033437
0.00334771
0.00335172
0.00335573
0.00335974
0.00336375
0.00336775
0.00337176
0.00337577
0.00337978
0.00338379
0.0033878
0.00339181
0.00339582
0.00339983
0.00340384
0.00340786
0.00341187
0.00341589
0.00341991
0.00342392
0.00342794
0.00343195
0.00343597
0.00343999
0.003444
0.00344802
0.00345203
0.00345605
0.00346007
0.00346408
0.0034681
0.00347211
0.00347613
0.00348014
0.00348416
0.00348817
0.00349219
0.0034962
0.00350022
0.00350423
0.00350825
0.00351226
0.00351628
0.00352029
0.0035243
0.00352832
0.00353233
0.00353635
0.00354036
0.00354437
0.00354838
0.0035524
0.00355641
0.00356042
0.00356443
0.00356845
0.00357246
0.00357647
0.00358048
0.00358449
0.0035885
0.00359251
0.00359653
0.00360054
0.00360455
0.00360856
0.00361257
0.00361658
0.00362059
0.0036246
0.0036286
0.00363261
0.00363662
0.00364063
0.00364464
0.00364865
0.00365266
0.00365667
0.00366068
0.00366469
0.00366871
0.00367272
0.00367674
0.00368076
0.00368477
0.00368879
0.0036928
0.00369682
0.00370084
0.00370485
0.00370887
0.00371288
0.0037169
0.00372091
0.00372493
0.00372895
0.00373296
0.00373698
0.00374099
0.00374501
0.00374902
0.00375304
0.00375705
0.00376107
0.00376508
0.00376909
0.00377311
0.00377712
0.00378114
0.00378515
0.00378917
0.00379318
0.00379719
0.00380121
0.00380522
0.00380923
0.00381325
0.00381726
0.00382127
0.00382529
0.0038293
0.00383331
0.00383733
0.00384134
0.00384535
0.00384936
0.00385337
0.00385739
0.0038614
0.00386541
0.00386942
0.00387343
0.00387744
0.00388146
0.00388547
0.00388948
0.00389349
0.0038975
0.00390151
0.00390552
0.00390953
0.00391354
0.00391755
0.00392156
0.00392557
0.00392958
0.00393359
0.0039376
0.00394161
0.00394562
0.00394963
0.00395363
0.00395764
0.00396165
0.00396566
0.00396967
0.00397368
0.00397769
0.0039817
0.00398571
0.00398971
0.00399372
0.00399773
0.00400174
0.00400575
0.00400976
0.00401378
0.00401779
0.00402181
0.00402583
0.00402985
0.00403386
0.00403788
0.0040419
0.00404591
0.00404993
0.00405394
0.00405796
0.00406198
0.00406599
0.00407001
0.00407402
0.00407804
0.00408205
0.00408606
0.00409008
0.00409409
0.00409811
0.00410212
0.00410613
0.00411014
0.00411416
0.00411817
0.00412218
0.00412619
0.0041302
0.00413422
0.00413823
0.00414224
0.00414625
0.00415026
0.00415427
0.00415828
0.00416229
0.0041663
0.00417031
0.00417432
0.00417833
0.00418234
0.00418635
0.00419036
0.00419437
0.00419838
0.00420238
0.00420639
0.0042104
0.00421441
0.00421842
0.00422243
0.00422644
0.00423045
0.00423446
0.00423847
0.00424249
0.0042465
0.00425052
0.00425453
0.00425855
0.00426256
0.00426658
0.00427059
0.00427461
0.00427862
0.00428264
0.00428665
0.00429067
0.00429468
0.0042987
0.00430271
0.00430673
0.00431074
0.00431476
0.00431877
0.00432279
0.0043268
0.00433082
0.00433483
0.00433885
0.00434286
0.00434687
0.00435089
0.0043549
0.00435892
0.00436293
0.00436694
0.00437096
0.00437497
0.00437899
0.004383
0.00438701
0.00439103
0.00439504
0.00439905
0.00440307
0.00440708
0.00441109
0.00441511
0.00441912
0.00442313
0.00442714
0.00443116
0.00443517
0.00443918
0.00444319
0.00444721
0.00445122
0.00445523
0.00445924
0.00446326
0.00446727
0.00447128
0.00447529
0.0044793
0.00448332
0.00448733
0.00449134
0.00449535
0.00449936
0.00450337
0.00450739
0.0045114
0.00451541
0.00451942
0.00452343
0.00452744
0.00453145
0.00453546
0.00453948
0.00454349
0.0045475
0.00455151
0.00455552
0.00455953
0.00456354
0.00456755
0.00457156
0.00457557
0.00457958
0.00458359
0.0045876
0.00459161
0.00459562
0.00459963
0.00460364
0.00460765
0.00461166
0.00461567
0.00461968
0.00462369
0.0046277
0.00463171
0.00463572
0.00463973
0.00464375
0.00464776
0.00465177
0.00465578
0.00465979
0.0046638
0.00466781
0.00467182
0.00467583
0.00467984
0.00468385
0.00468787
0.00469188
0.0046959
0.00469991
0.00470393
0.00470794
0.00471195
0.00471597
0.00471998
0.004724
0.00472801
0.00473203
0.00473604
0.00474005
0.00474407
0.00474808
0.00475209
0.00475611
0.00476012
0.00476413
0.00476815
0.00477216
0.00477617
0.00478019
0.0047842
0.00478821
0.00479222
0.00479624
0.00480025
0.00480426
0.00480827
0.00481228
0.0048163
0.00482031
0.00482432
0.00482833
0.00483234
0.00483635
0.00484036
0.00484438
0.00484839
0.0048524
0.00485641
0.00486042
0.00486443
0.00486844
0.00487245
0.00487646
0.00488048
0.00488449
0.00488851
0.00489252
0.00489654
0.00490055
0.00490457
0.00490858
0.0049126
0.00491661
0.00492063
0.00492464
0.00492866
0.00493267
0.00493669
0.0049407
0.00494472
0.00494873
0.00495275
0.00495676
0.00496078
0.00496479
0.00496881
0.00497282
0.00497684
0.00498085
0.00498487
0.00498888
0.00499289
0.00499691
0.00500092
0.00500494
0.00500895
0.00501296
0.00501698
0.00502099
0.005025
0.00502902
0.00503303
0.00503704
0.00504106
0.00504507
0.00504908
0.0050531
0.00505711
0.00506112
0.00506513
0.00506914
0.00507316
0.00507717
0.00508118
0.00508519
0.0050892
0.00509322
0.00509723
0.00510124
0.00510525
0.00510926
0.00511327
0.00511728
0.00512129
0.00512531
0.00512932
0.00513333
0.00513734
0.00514135
0.00514536
0.00514937
0.00515338
0.00515739
0.0051614
0.00516541
0.00516942
0.00517343
0.00517744
0.00518145
0.00518546
0.00518947
0.00519348
0.00519749
0.0052015
0.00520551
0.00520952
0.00521353
0.00521754
0.00522155
0.00522556
0.00522957
0.00523359
0.0052376
0.00524161
0.00524562
0.00524963
0.00525364
0.00525765
0.00526166
0.00526567
0.00526968
0.00527369
0.0052777
0.00528171
0.00528572
0.00528974
0.00529375
0.00529777
0.00530178
0.0053058
0.00530981
0.00531382
0.00531784
0.00532185
0.00532586
0.00532988
0.00533389
0.0053379
0.00534192
0.00534593
0.00534994
0.00535396
0.00535797
0.00536198
0.005366
0.00537001
0.00537402
0.00537803
0.00538204
0.00538606
0.00539007
0.00539408
0.00539809
0.0054021
0.00540612
0.00541013
0.00541414
0.00541815
0.00542216
0.00542617
0.00543018
0.00543419
0.0054382
0.00544222
0.00544623
0.00545024
0.00545425
0.00545826
0.00546228
0.00546629
0.0054703
0.00547432
0.00547833
0.00548235
0.00548636
0.00549037
0.00549439
0.0054984
0.00550242
0.00550643
0.00551045
0.00551446
0.00551847
0.00552249
0.0055265
0.00553052
0.00553453
0.00553854
0.00554256
0.00554657
0.00555059
0.0055546
0.00555862
0.00556263
0.00556664
0.00557066
0.00557467
0.00557869
0.0055827
0.00558671
0.00559073
0.00559474
0.00559876
0.00560277
0.00560678
0.0056108
0.00561481
0.00561882
0.00562284
0.00562685
0.00563086
0.00563488
0.00563889
0.0056429
0.00564692
0.00565093
0.00565494
0.00565896
0.00566297
0.00566698
0.00567099
0.00567501
0.00567902
0.00568303
0.00568704
0.00569106
0.00569507
0.00569908
0.00570309
0.00570711
0.00571112
0.00571513
0.00571914
0.00572315
0.00572716
0.00573118
0.00573519
0.0057392
0.00574321
0.00574722
0.00575123
0.00575524
0.00575926
0.00576327
0.00576728
0.00577129
0.0057753
0.00577931
0.00578332
0.00578733
0.00579134
0.00579535
0.00579937
0.00580338
0.00580739
0.0058114
0.00581541
0.00581942
0.00582343
0.00582744
0.00583145
0.00583546
0.00583947
0.00584348
0.00584749
0.0058515
0.00585552
0.00585953
0.00586354
0.00586755
0.00587156
0.00587557
0.00587958
0.00588359
0.0058876
0.00589161
0.00589562
0.00589964
0.00590365
0.00590766
0.00591167
0.00591568
0.00591969
0.0059237
0.00592771
0.00593173
0.00593574
0.00593975
0.00594376
0.00594777
0.00595178
0.0059558
0.00595981
0.00596382
0.00596783
0.00597184
0.00597586
0.00597987
0.00598388
0.00598789
0.0059919
0.00599592
0.00599993
0.00600394
0.00600795
0.00601197
0.00601598
0.00601999
0.00602401
0.00602802
0.00603203
0.00603604
0.00604006
0.00604407
0.00604808
0.0060521
0.00605611
0.00606012
0.00606414
0.00606815
0.00607216
0.00607618
0.00608019
0.0060842
0.00608822
0.00609223
0.00609625
0.00610026
0.00610427
0.00610829
0.0061123
0.00611631
0.00612033
0.00612434
0.00612836
0.00613237
0.00613638
0.0061404
0.00614441
0.00614843
0.00615244
0.00615645
0.00616047
0.00616448
0.00616849
0.00617251
0.00617652
0.00618054
0.00618455
0.00618856
0.00619258
0.00619659
0.0062006
0.00620462
0.00620863
0.00621265
0.00621666
0.00622067
0.00622469
0.0062287
0.00623271
0.00623673
0.00624074
0.00624475
0.00624877
0.00625278
0.00625679
0.00626081
0.00626482
0.00626883
0.00627284
0.00627686
0.00628087
0.00628488
0.0062889
0.00629291
0.00629692
0.00630093
0.00630495
0.00630896
0.00631297
0.00631698
0.00632099
0.00632501
0.00632902
0.00633303
0.00633704
0.00634105
0.00634507
0.00634908
0.00635309
0.0063571
0.00636111
0.00636512
0.00636914
0.00637315
0.00637716
0.00638117
0.00638518
0.00638919
0.0063932
0.00639722
0.00640123
0.00640524
0.00640925
0.00641326
0.00641727
0.00642128
0.00642529
0.0064293
0.00643332
0.00643733
0.00644134
0.00644535
0.00644936
0.00645337
0.00645738
0.00646139
0.0064654
0.00646941
0.00647342
0.00647744
0.00648145
0.00648546
0.00648947
0.00649348
0.00649749
0.0065015
0.00650551
0.00650952
0.00651354
0.00651755
0.00652156
0.00652557
0.00652958
0.00653359
0.0065376
0.00654161
0.00654563
0.00654964
0.00655365
0.00655766
0.00656167
0.00656568
0.0065697
0.00657371
0.00657772
0.00658173
0.00658574
0.00658975
0.00659377
0.00659778
0.00660179
0.0066058
0.00660982
0.00661383
0.00661784
0.00662185
0.00662587
0.00662988
0.00663389
0.0066379
0.00664192
0.00664593
0.00664994
0.00665395
0.00665797
0.00666198
0.00666599
0.00667001
0.00667402
0.00667803
0.00668205
0.00668606
0.00669007
0.00669409
0.0066981
0.00670211
0.00670613
0.00671014
0.00671415
0.00671817
0.00672218
0.00672619
0.00673021
0.00673422
0.00673824
0.00674225
0.00674626
0.00675028
0.00675429
0.0067583
0.00676232
0.00676633
0.00677034
0.00677436
0.00677837
0.00678239
0.0067864
0.00679041
0.00679443
0.00679844
0.00680245
0.00680647
0.00681048
0.00681449
0.00681851
0.00682252
0.00682653
0.00683055
0.00683456
0.00683857
0.00684259
0.0068466
0.00685061
0.00685463
0.00685864
0.00686265
0.00686667
0.00687068
0.00687469
0.0068787
0.00688272
0.00688673
0.00689074
0.00689475
0.00689877
0.00690278
0.00690679
0.0069108
0.00691482
0.00691883
0.00692284
0.00692685
0.00693087
0.00693488
0.00693889
0.0069429
0.00694691
0.00695093
0.00695494
0.00695895
0.00696296
0.00696697
0.00697098
0.006975
0.00697901
0.00698302
0.00698703
0.00699104
0.00699505
0.00699907
0.00700308
0.00700709
0.0070111
0.00701511
0.00701912
0.00702313
0.00702715
0.00703116
0.00703517
0.00703918
0.00704319
0.0070472
0.00705121
0.00705523
0.00705924
0.00706325
0.00706726
0.00707127
0.00707528
0.00707929
0.0070833
0.00708732
0.00709133
0.00709534
0.00709935
0.00710336
0.00710737
0.00711138
0.00711539
0.00711941
0.00712342
0.00712743
0.00713144
0.00713545
0.00713946
0.00714347
0.00714749
0.0071515
0.00715551
0.00715952
0.00716353
0.00716754
0.00717156
0.00717557
0.00717958
0.00718359
0.0071876
0.00719162
0.00719563
0.00719964
0.00720365
0.00720766
0.00721168
0.00721569
0.0072197
0.00722371
0.00722772
0.00723174
0.00723575
0.00723976
0.00724377
0.00724779
0.0072518
0.00725581
0.00725982
0.00726384
0.00726785
0.00727186
0.00727587
0.00727989
0.0072839
0.00728791
0.00729193
0.00729594
0.00729995
0.00730396
0.00730798
0.00731199
0.007316
0.00732002
0.00732403
0.00732804
0.00733206
0.00733607
0.00734008
0.0073441
0.00734811
0.00735212
0.00735614
0.00736015
0.00736416
0.00736817
0.00737219
0.0073762
0.00738021
0.00738423
0.00738824
0.00739225
0.00739627
0.00740028
0.00740429
0.00740831
0.00741232
0.00741633
0.00742035
0.00742436
0.00742837
0.00743239
0.0074364
0.00744041
0.00744443
0.00744844
0.00745245
0.00745647
0.00746048
0.00746449
0.00746851
0.00747252
0.00747653
0.00748054
0.00748456
0.00748857
0.00749258
0.0074966
0.00750061
0.00750462
0.00750863
0.00751265
0.00751666
0.00752067
0.00752468
0.0075287
0.00753271
0.00753672
0.00754073
0.00754475
0.00754876
0.00755277
0.00755678
0.00756079
0.00756481
0.00756882
0.00757283
0.00757684
0.00758085
0.00758487
0.00758888
0.00759289
0.0075969
0.00760091
0.00760493
0.00760894
0.00761295
0.00761696
0.00762097
0.00762498
0.007629
0.00763301
0.00763702
0.00764103
0.00764504
0.00764905
0.00765306
0.00765708
0.00766109
0.0076651
0.00766911
0.00767312
0.00767713
0.00768114
0.00768516
0.00768917
0.00769318
0.00769719
0.0077012
0.00770521
0.00770922
0.00771324
0.00771725
0.00772126
0.00772527
0.00772928
0.00773329
0.0077373
0.00774132
0.00774533
0.00774934
0.00775335
0.00775736
0.00776137
0.00776538
0.0077694
0.00777341
0.00777742
0.00778143
0.00778544
0.00778945
0.00779347
0.00779748
0.00780149
0.0078055
0.00780951
0.00781353
0.00781754
0.00782155
0.00782556
0.00782957
0.00783359
0.0078376
0.00784161
0.00784562
0.00784964
0.00785365
0.00785766
0.00786167
0.00786568
0.0078697
0.00787371
0.00787772
0.00788173
0.00788575
0.00788976
0.00789377
0.00789779
0.0079018
0.00790581
0.00790982
0.00791384
0.00791785
0.00792186
0.00792587
0.00792989
0.0079339
0.00793791
0.00794193
0.00794594
0.00794995
0.00795397
0.00795798
0.00796199
0.007966
0.00797002
0.00797403
0.00797804
0.00798206
0.00798607
0.00799008
0.0079941
0.00799811
0.00800212
0.00800614
0.00801015
0.00801416
0.00801817
0.00802219
0.0080262
0.00803021
0.00803423
0.00803824
0.00804225
0.00804627
0.00805028
0.00805429
0.00805831
0.00806232
0.00806633
0.00807034
0.00807436
0.00807837
0.00808238
0.0080864
0.00809041
0.00809442
0.00809843
0.00810245
0.00810646
0.00811047
0.00811448
0.0081185
0.00812251
0.00812652
0.00813053
0.00813455
0.00813856
0.00814257
0.00814658
0.0081506
0.00815461
0.00815862
0.00816263
0.00816665
0.00817066
0.00817467
0.00817868
0.00818269
0.00818671
0.00819072
0.00819473
0.00819874
0.00820275
0.00820677
0.00821078
0.00821479
0.0082188
0.00822281
0.00822683
0.00823084
0.00823485
0.00823886
0.00824287
0.00824688
0.0082509
0.00825491
0.00825892
0.00826293
0.00826694
0.00827095
0.00827497
0.00827898
0.00828299
0.008287
0.00829101
0.00829502
0.00829903
0.00830305
0.00830706
0.00831107
0.00831508
0.00831909
0.0083231
0.00832712
0.00833113
0.00833514
0.00833915
0.00834316
0.00834717
0.00835118
0.0083552
0.00835921
0.00836322
0.00836723
0.00837124
0.00837525
0.00837927
0.00838328
0.00838729
0.0083913
0.00839531
0.00839932
0.00840334
0.00840735
0.00841136
0.00841537
0.00841938
0.0084234
0.00842741
0.00843142
0.00843543
0.00843944
0.00844346
0.00844747
0.00845148
0.00845549
0.0084595
0.00846352
0.00846753
0.00847154
0.00847555
0.00847957
0.00848358
0.00848759
0.0084916
0.00849562
0.00849963
0.00850364
0.00850765
0.00851167
0.00851568
0.00851969
0.0085237
0.00852772
0.00853173
0.00853574
0.00853975
0.00854377
0.00854778
0.00855179
0.0085558
0.00855982
0.00856383
0.00856784
0.00857186
0.00857587
0.00857988
0.00858389
0.00858791
0.00859192
0.00859593
0.00859995
0.00860396
0.00860797
0.00861198
0.008616
0.00862001
0.00862402
0.00862804
0.00863205
0.00863606
0.00864007
0.00864409
0.0086481
0.00865211
0.00865613
0.00866014
0.00866415
0.00866816
0.00867218
0.00867619
0.0086802
0.00868422
0.00868823
0.00869224
0.00869625
0.00870027
0.00870428
0.00870829
0.0087123
0.00871632
0.00872033
0.00872434
0.00872836
0.00873237
0.00873638
0.00874039
0.00874441
0.00874842
0.00875243
0.00875644
0.00876045
0.00876447
0.00876848
0.00877249
0.0087765
0.00878052
0.00878453
0.00878854
0.00879255
0.00879656
0.00880058
0.00880459
0.0088086
0.00881261
0.00881663
0.00882064
0.00882465
0.00882866
0.00883267
0.00883668
0.0088407
0.00884471
0.00884872
0.00885273
0.00885674
0.00886076
0.00886477
0.00886878
0.00887279
0.0088768
0.00888081
0.00888483
0.00888884
0.00889285
0.00889686
0.00890087
0.00890488
0.0089089
0.00891291
0.00891692
0.00892093
0.00892494
0.00892895
0.00893297
0.00893698
0.00894099
0.008945
0.00894901
0.00895302
0.00895704
0.00896105
0.00896506
0.00896907
0.00897308
0.00897709
0.00898111
0.00898512
0.00898913
0.00899314
0.00899715
0.00900116
0.00900518
0.00900919
0.0090132
0.00901721
0.00902122
0.00902524
0.00902925
0.00903326
0.00903727
0.00904128
0.0090453
0.00904931
0.00905332
0.00905733
0.00906134
0.00906536
0.00906937
0.00907338
0.00907739
0.0090814
0.00908542
0.00908943
0.00909344
0.00909745
0.00910146
0.00910548
0.00910949
0.0091135
0.00911751
0.00912153
0.00912554
0.00912955
0.00913356
0.00913758
0.00914159
0.0091456
0.00914961
0.00915363
0.00915764
0.00916165
0.00916566
0.00916968
0.00917369
0.0091777
0.00918171
0.00918573
0.00918974
0.00919375
0.00919777
0.00920178
0.00920579
0.0092098
0.00921382
0.00921783
0.00922184
0.00922585
0.00922987
0.00923388
0.00923789
0.00924191
0.00924592
0.00924993
0.00925394
0.00925796
0.00926197
0.00926598
0.00926999
0.00927401
0.00927802
0.00928203
0.00928605
0.00929006
0.00929407
0.00929808
0.0093021
0.00930611
0.00931012
0.00931413
0.00931815
0.00932216
0.00932617
0.00933018
0.0093342
0.00933821
0.00934222
0.00934623
0.00935025
0.00935426
0.00935827
0.00936228
0.0093663
0.00937031
0.00937432
0.00937833
0.00938235
0.00938636
0.00939037
0.00939438
0.00939839
0.00940241
0.00940642
0.00941043
0.00941444
0.00941846
0.00942247
0.00942648
0.00943049
0.0094345
0.00943852
0.00944253
0.00944654
0.00945055
0.00945456
0.00945858
0.00946259
0.0094666
0.00947061
0.00947462
0.00947863
0.00948265
0.00948666
0.00949067
0.00949468
0.00949869
0.0095027
0.00950672
0.00951073
0.00951474
0.00951875
0.00952276
0.00952678
0.00953079
0.0095348
0.00953881
0.00954282
0.00954683
0.00955085
0.00955486
0.00955887
0.00956288
0.00956689
0.0095709
0.00957492
0.00957893
0.00958294
0.00958695
0.00959096
0.00959497
0.00959899
0.009603
0.00960701
0.00961102
0.00961503
0.00961905
0.00962306
0.00962707
0.00963108
0.00963509
0.0096391
0.00964312
0.00964713
0.00965114
0.00965515
0.00965916
0.00966318
0.00966719
0.0096712
0.00967521
0.00967922
0.00968324
0.00968725
0.00969126
0.00969527
0.00969928
0.0097033
0.00970731
0.00971132
0.00971533
0.00971935
0.00972336
0.00972737
0.00973138
0.00973539
0.00973941
0.00974342
0.00974743
0.00975144
0.00975546
0.00975947
0.00976348
0.00976749
0.00977151
0.00977552
0.00977953
0.00978354
0.00978756
0.00979157
0.00979558
0.00979959
0.00980361
0.00980762
0.00981163
0.00981564
0.00981966
0.00982367
0.00982768
0.00983169
0.00983571
0.00983972
0.00984373
0.00984774
0.00985176
0.00985577
0.00985978
0.00986379
0.00986781
0.00987182
0.00987583
0.00987985
0.00988386
0.00988787
0.00989188
0.0098959
0.00989991
0.00990392
0.00990793
0.00991195
0.00991596
0.00991997
0.00992398
0.009928
0.00993201
0.00993602
0.00994003
0.00994405
0.00994806
0.00995207
0.00995608
0.0099601
0.00996411
0.00996812
0.00997213
0.00997614
0.00998016
0.00998417
0.00998818
0.00999219
0.00999621
0.0100002
0.0100042
0.0100082
0.0100123
0.0100163
0.0100203
0.0100243
0.0100283
0.0100323
0.0100363
0.0100403
0.0100444
0.0100484
0.0100524
0.0100564
0.0100604
0.0100644
0.0100684
0.0100724
0.0100764
0.0100805
0.0100845
0.0100885
0.0100925
0.0100965
0.0101005
0.0101045
0.0101085
0.0101126
0.0101166
0.0101206
0.0101246
0.0101286
0.0101326
0.0101366
0.0101406
0.0101446
0.0101487
0.0101527
0.0101567
0.0101607
0.0101647
0.0101687
0.0101727
0.0101767
0.0101808
0.0101848
0.0101888
0.0101928
0.0101968
0.0102008
0.0102048
0.0102088
0.0102128
0.0102169
0.0102209
0.0102249
0.0102289
0.0102329
0.0102369
0.0102409
0.0102449
0.010249
0.010253
0.010257
0.010261
0.010265
0.010269
0.010273
0.010277
0.0102811
0.0102851
0.0102891
0.0102931
0.0102971
0.0103011
0.0103051
0.0103091
0.0103131
0.0103172
0.0103212
0.0103252
0.0103292
0.0103332
0.0103372
0.0103412
0.0103452
0.0103493
0.0103533
0.0103573
0.0103613
0.0103653
0.0103693
0.0103733
0.0103773
0.0103814
0.0103854
0.0103894
0.0103934
0.0103974
0.0104014
0.0104054
0.0104094
0.0104135
0.0104175
0.0104215
0.0104255
0.0104295
0.0104335
0.0104375
0.0104415
0.0104456
0.0104496
0.0104536
0.0104576
0.0104616
0.0104656
0.0104696
0.0104736
0.0104777
0.0104817
0.0104857
0.0104897
0.0104937
0.0104977
0.0105017
0.0105057
0.0105098
0.0105138
0.0105178
0.0105218
0.0105258
0.0105298
0.0105338
0.0105378
0.0105419
0.0105459
0.0105499
0.0105539
0.0105579
0.0105619
0.0105659
0.0105699
0.010574
0.010578
0.010582
0.010586
0.01059
0.010594
0.010598
0.010602
0.010606
0.0106101
0.0106141
0.0106181
0.0106221
0.0106261
0.0106301
0.0106341
0.0106381
0.0106422
0.0106462
0.0106502
0.0106542
0.0106582
0.0106622
0.0106662
0.0106702
0.0106743
0.0106783
0.0106823
0.0106863
0.0106903
0.0106943
0.0106983
0.0107023
0.0107064
0.0107104
0.0107144
0.0107184
0.0107224
0.0107264
0.0107304
0.0107344
0.0107384
0.0107425
0.0107465
0.0107505
0.0107545
0.0107585
0.0107625
0.0107665
0.0107705
0.0107746
0.0107786
0.0107826
0.0107866
0.0107906
0.0107946
0.0107986
0.0108026
0.0108066
0.0108107
0.0108147
0.0108187
0.0108227
0.0108267
0.0108307
0.0108347
0.0108387
0.0108428
0.0108468
0.0108508
0.0108548
0.0108588
0.0108628
0.0108668
0.0108708
0.0108748
0.0108789
0.0108829
0.0108869
0.0108909
0.0108949
0.0108989
0.0109029
0.0109069
0.010911
0.010915
0.010919
0.010923
0.010927
0.010931
0.010935
0.010939
0.0109431
0.0109471
0.0109511
0.0109551
0.0109591
0.0109631
0.0109671
0.0109711
0.0109751
0.0109792
0.0109832
0.0109872
0.0109912
0.0109952
0.0109992
0.0110032
0.0110072
0.0110113
0.0110153
0.0110193
0.0110233
0.0110273
0.0110313
0.0110353
0.0110393
0.0110434
0.0110474
0.0110514
0.0110554
0.0110594
0.0110634
0.0110674
0.0110714
0.0110755
0.0110795
0.0110835
0.0110875
0.0110915
0.0110955
0.0110995
0.0111035
0.0111076
0.0111116
0.0111156
0.0111196
0.0111236
0.0111276
0.0111316
0.0111356
0.0111397
0.0111437
0.0111477
0.0111517
0.0111557
0.0111597
0.0111637
0.0111677
0.0111718
0.0111758
0.0111798
0.0111838
0.0111878
0.0111918
0.0111958
0.0111998
0.0112038
0.0112079
0.0112119
0.0112159
0.0112199
0.0112239
0.0112279
0.0112319
0.0112359
0.01124
0.011244
0.011248
0.011252
0.011256
0.01126
0.011264
0.011268
0.0112721
0.0112761
0.0112801
0.0112841
0.0112881
0.0112921
0.0112961
0.0113001
0.0113042
0.0113082
0.0113122
0.0113162
0.0113202
0.0113242
0.0113282
0.0113322
0.0113362
0.0113403
0.0113443
0.0113483
0.0113523
0.0113563
0.0113603
0.0113643
0.0113683
0.0113724
0.0113764
0.0113804
0.0113844
0.0113884
0.0113924
0.0113964
0.0114004
0.0114044
0.0114085
0.0114125
0.0114165
0.0114205
0.0114245
0.0114285
0.0114325
0.0114365
0.0114406
0.0114446
0.0114486
0.0114526
0.0114566
0.0114606
0.0114646
0.0114686
0.0114726
0.0114767
0.0114807
0.0114847
0.0114887
0.0114927
0.0114967
0.0115007
0.0115047
0.0115088
0.0115128
0.0115168
0.0115208
0.0115248
0.0115288
0.0115328
0.0115368
0.0115409
0.0115449
0.0115489
0.0115529
0.0115569
0.0115609
0.0115649
0.0115689
0.0115729
0.011577
0.011581
0.011585
0.011589
0.011593
0.011597
0.011601
0.011605
0.0116091
0.0116131
0.0116171
0.0116211
0.0116251
0.0116291
0.0116331
0.0116371
0.0116412
0.0116452
0.0116492
0.0116532
0.0116572
0.0116612
0.0116652
0.0116692
0.0116733
0.0116773
0.0116813
0.0116853
0.0116893
0.0116933
0.0116973
0.0117013
0.0117054
0.0117094
0.0117134
0.0117174
0.0117214
0.0117254
0.0117294
0.0117334
0.0117374
0.0117415
0.0117455
0.0117495
0.0117535
0.0117575
0.0117615
0.0117655
0.0117695
0.0117736
0.0117776
0.0117816
0.0117856
0.0117896
0.0117936
0.0117976
0.0118016
0.0118057
0.0118097
0.0118137
0.0118177
0.0118217
0.0118257
0.0118297
0.0118337
0.0118378
0.0118418
0.0118458
0.0118498
0.0118538
0.0118578
0.0118618
0.0118658
0.0118699
0.0118739
0.0118779
0.0118819
0.0118859
0.0118899
0.0118939
0.0118979
0.0119019
0.011906
0.01191
0.011914
0.011918
0.011922
0.011926
0.01193
0.011934
0.0119381
0.0119421
0.0119461
0.0119501
0.0119541
0.0119581
0.0119621
0.0119661
0.0119701
0.0119742
0.0119782
0.0119822
0.0119862
0.0119902
0.0119942
0.0119982
0.0120022
0.0120063
0.0120103
0.0120143
0.0120183
0.0120223
0.0120263
0.0120303
0.0120343
0.0120384
0.0120424
0.0120464
0.0120504
0.0120544
0.0120584
0.0120624
0.0120664
0.0120704
0.0120745
0.0120785
0.0120825
0.0120865
0.0120905
0.0120945
0.0120985
0.0121025
0.0121066
0.0121106
0.0121146
0.0121186
0.0121226
0.0121266
0.0121306
0.0121346
0.0121386
0.0121427
0.0121467
0.0121507
0.0121547
0.0121587
0.0121627
0.0121667
0.0121707
0.0121748
0.0121788
0.0121828
0.0121868
0.0121908
0.0121948
0.0121988
0.0122028
0.0122069
0.0122109
0.0122149
0.0122189
0.0122229
0.0122269
0.0122309
0.0122349
0.0122389
0.012243
0.012247
0.012251
0.012255
0.012259
0.012263
0.012267
0.012271
0.0122751
0.0122791
0.0122831
0.0122871
0.0122911
0.0122951
0.0122991
0.0123031
0.0123072
0.0123112
0.0123152
0.0123192
0.0123232
0.0123272
0.0123312
0.0123352
0.0123393
0.0123433
0.0123473
0.0123513
0.0123553
0.0123593
0.0123633
0.0123673
0.0123713
0.0123754
0.0123794
0.0123834
0.0123874
0.0123914
0.0123954
0.0123994
0.0124034
0.0124075
0.0124115
0.0124155
0.0124195
0.0124235
0.0124275
0.0124315
0.0124355
0.0124396
0.0124436
0.0124476
0.0124516
0.0124556
0.0124596
0.0124636
0.0124676
0.0124717
0.0124757
0.0124797
0.0124837
0.0124877
0.0124917
0.0124957
0.0124997
0.0125037
0.0125078
0.0125118
0.0125158
0.0125198
0.0125238
0.0125278
0.0125318
0.0125358
0.0125399
0.0125439
0.0125479
0.0125519
0.0125559
0.0125599
0.0125639
0.0125679
0.012572
0.012576
0.01258
0.012584
0.012588
0.012592
0.012596
0.0126
0.012604
0.0126081
0.0126121
0.0126161
0.0126201
0.0126241
0.0126281
0.0126321
0.0126361
0.0126402
0.0126442
0.0126482
0.0126522
0.0126562
0.0126602
0.0126642
0.0126682
0.0126722
0.0126763
0.0126803
0.0126843
0.0126883
0.0126923
0.0126963
0.0127003
0.0127043
0.0127084
0.0127124
0.0127164
0.0127204
0.0127244
0.0127284
0.0127324
0.0127364
0.0127404
0.0127445
0.0127485
0.0127525
0.0127565
0.0127605
0.0127645
0.0127685
0.0127725
0.0127766
0.0127806
0.0127846
0.0127886
0.0127926
0.0127966
0.0128006
0.0128046
0.0128087
0.0128127
0.0128167
0.0128207
0.0128247
0.0128287
0.0128327
0.0128367
0.0128407
0.0128448
0.0128488
0.0128528
0.0128568
0.0128608
0.0128648
0.0128688
0.0128728
0.0128769
0.0128809
0.0128849
0.0128889
0.0128929
0.0128969
0.0129009
0.0129049
0.012909
0.012913
0.012917
0.012921
0.012925
0.012929
0.012933
0.012937
0.012941
0.0129451
0.0129491
0.0129531
0.0129571
0.0129611
0.0129651
0.0129691
0.0129731
0.0129772
0.0129812
0.0129852
0.0129892
0.0129932
0.0129972
0.0130012
0.0130052
0.0130093
0.0130133
0.0130173
0.0130213
0.0130253
0.0130293
0.0130333
0.0130373
0.0130414
0.0130454
0.0130494
0.0130534
0.0130574
0.0130614
0.0130654
0.0130694
0.0130734
0.0130775
0.0130815
0.0130855
0.0130895
0.0130935
0.0130975
0.0131015
0.0131055
0.0131096
0.0131136
0.0131176
0.0131216
0.0131256
0.0131296
0.0131336
0.0131376
0.0131417
0.0131457
0.0131497
0.0131537
0.0131577
0.0131617
0.0131657
0.0131697
0.0131737
0.0131778
0.0131818
0.0131858
0.0131898
0.0131938
0.0131978
0.0132018
0.0132058
0.0132099
0.0132139
0.0132179
0.0132219
0.0132259
0.0132299
0.0132339
0.0132379
0.0132419
0.013246
0.01325
0.013254
0.013258
0.013262
0.013266
0.01327
0.013274
0.0132781
0.0132821
0.0132861
0.0132901
0.0132941
0.0132981
0.0133021
0.0133061
0.0133101
0.0133142
0.0133182
0.0133222
0.0133262
0.0133302
0.0133342
0.0133382
0.0133422
0.0133463
0.0133503
0.0133543
0.0133583
0.0133623
0.0133663
0.0133703
0.0133743
0.0133783
0.0133824
0.0133864
0.0133904
0.0133944
0.0133984
0.0134024
0.0134064
0.0134104
0.0134145
0.0134185
0.0134225
0.0134265
0.0134305
0.0134345
0.0134385
0.0134425
0.0134466
0.0134506
0.0134546
0.0134586
0.0134626
0.0134666
0.0134706
0.0134746
0.0134786
0.0134827
0.0134867
0.0134907
0.0134947
0.0134987
0.0135027
0.0135067
0.0135107
0.0135148
0.0135188
0.0135228
0.0135268
0.0135308
0.0135348
0.0135388
0.0135428
0.0135469
0.0135509
0.0135549
0.0135589
0.0135629
0.0135669
0.0135709
0.0135749
0.0135789
0.013583
0.013587
0.013591
0.013595
0.013599
0.013603
0.013607
0.013611
0.0136151
0.0136191
0.0136231
0.0136271
0.0136311
0.0136351
0.0136391
0.0136431
0.0136472
0.0136512
0.0136552
0.0136592
0.0136632
0.0136672
0.0136712
0.0136752
0.0136792
0.0136833
0.0136873
0.0136913
0.0136953
0.0136993
0.0137033
0.0137073
0.0137113
0.0137154
0.0137194
0.0137234
0.0137274
0.0137314
0.0137354
0.0137394
0.0137434
0.0137475
0.0137515
0.0137555
0.0137595
0.0137635
0.0137675
0.0137715
0.0137755
0.0137795
0.0137836
0.0137876
0.0137916
0.0137956
0.0137996
0.0138036
0.0138076
0.0138116
0.0138157
0.0138197
0.0138237
0.0138277
0.0138317
0.0138357
0.0138397
0.0138437
0.0138477
0.0138518
0.0138558
0.0138598
0.0138638
0.0138678
0.0138718
0.0138758
0.0138798
0.0138839
0.0138879
0.0138919
0.0138959
0.0138999
0.0139039
0.0139079
0.0139119
0.0139159
0.01392
0.013924
0.013928
0.013932
0.013936
0.01394
0.013944
0.013948
0.0139521
0.0139561
0.0139601
0.0139641
0.0139681
0.0139721
0.0139761
0.0139801
0.0139841
0.0139882
0.0139922
0.0139962
0.0140002
0.0140042
0.0140082
0.0140122
0.0140162
0.0140203
0.0140243
0.0140283
0.0140323
0.0140363
0.0140403
0.0140443
0.0140483
0.0140524
0.0140564
0.0140604
0.0140644
0.0140684
0.0140724
0.0140764
0.0140804
0.0140844
0.0140885
0.0140925
0.0140965
0.0141005
0.0141045
0.0141085
0.0141125
0.0141165
0.0141206
0.0141246
0.0141286
0.0141326
0.0141366
0.0141406
0.0141446
0.0141486
0.0141526
0.0141567
0.0141607
0.0141647
0.0141687
0.0141727
0.0141767
0.0141807
0.0141847
0.0141888
0.0141928
0.0141968
0.0142008
0.0142048
0.0142088
0.0142128
0.0142168
0.0142209
0.0142249
0.0142289
0.0142329
0.0142369
0.0142409
0.0142449
0.0142489
0.0142529
0.014257
0.014261
0.014265
0.014269
0.014273
0.014277
0.014281
0.014285
0.0142891
0.0142931
0.0142971
0.0143011
0.0143051
0.0143091
0.0143131
0.0143171
0.0143212
0.0143252
0.0143292
0.0143332
0.0143372
0.0143412
0.0143452
0.0143492
0.0143532
0.0143573
0.0143613
0.0143653
0.0143693
0.0143733
0.0143773
0.0143813
0.0143853
0.0143894
0.0143934
0.0143974
0.0144014
0.0144054
0.0144094
0.0144134
0.0144174
0.0144214
0.0144255
0.0144295
0.0144335
0.0144375
0.0144415
0.0144455
0.0144495
0.0144535
0.0144576
0.0144616
0.0144656
0.0144696
0.0144736
0.0144776
0.0144816
0.0144856
0.0144896
0.0144937
0.0144977
0.0145017
0.0145057
0.0145097
0.0145137
0.0145177
0.0145217
0.0145258
0.0145298
0.0145338
0.0145378
0.0145418
0.0145458
0.0145498
0.0145538
0.0145578
0.0145619
0.0145659
0.0145699
0.0145739
0.0145779
0.0145819
0.0145859
0.0145899
0.014594
0.014598
0.014602
0.014606
0.01461
0.014614
0.014618
0.014622
0.014626
0.0146301
0.0146341
0.0146381
0.0146421
0.0146461
0.0146501
0.0146541
0.0146581
0.0146622
0.0146662
0.0146702
0.0146742
0.0146782
0.0146822
0.0146862
0.0146902
0.0146942
0.0146983
0.0147023
0.0147063
0.0147103
0.0147143
0.0147183
0.0147223
0.0147263
0.0147304
0.0147344
0.0147384
0.0147424
0.0147464
0.0147504
0.0147544
0.0147584
0.0147625
0.0147665
0.0147705
0.0147745
0.0147785
0.0147825
0.0147865
0.0147905
0.0147945
0.0147986
0.0148026
0.0148066
0.0148106
0.0148146
0.0148186
0.0148226
0.0148266
0.0148307
0.0148347
0.0148387
0.0148427
0.0148467
0.0148507
0.0148547
0.0148587
0.0148627
0.0148668
0.0148708
0.0148748
0.0148788
0.0148828
0.0148868
0.0148908
0.0148948
0.0148989
0.0149029
0.0149069
0.0149109
0.0149149
0.0149189
0.0149229
0.0149269
0.014931
0.014935
0.014939
0.014943
0.014947
0.014951
0.014955
0.014959
0.014963
0.0149671
0.0149711
0.0149751
0.0149791
0.0149831
0.0149871
0.0149911
0.0149951
0.0149992
0.0150032
0.0150072
0.0150112
0.0150152
0.0150192
0.0150232
0.0150272
0.0150312
0.0150353
0.0150393
0.0150433
0.0150473
0.0150513
0.0150553
0.0150593
0.0150633
0.0150674
0.0150714
0.0150754
0.0150794
0.0150834
0.0150874
0.0150914
0.0150954
0.0150994
0.0151035
0.0151075
0.0151115
0.0151155
0.0151195
0.0151235
0.0151275
0.0151315
0.0151356
0.0151396
0.0151436
0.0151476
0.0151516
0.0151556
0.0151596
0.0151636
0.0151676
0.0151717
0.0151757
0.0151797
0.0151837
0.0151877
0.0151917
0.0151957
0.0151997
0.0152038
0.0152078
0.0152118
0.0152158
0.0152198
0.0152238
0.0152278
0.0152318
0.0152358
0.0152399
0.0152439
0.0152479
0.0152519
0.0152559
0.0152599
0.0152639
0.0152679
0.015272
0.015276
0.01528
0.015284
0.015288
0.015292
0.015296
0.0153
0.015304
0.0153081
0.0153121
0.0153161
0.0153201
0.0153241
0.0153281
0.0153321
0.0153361
0.0153402
0.0153442
0.0153482
0.0153522
0.0153562
0.0153602
0.0153642
0.0153682
0.0153722
0.0153763
0.0153803
0.0153843
0.0153883
0.0153923
0.0153963
0.0154003
0.0154043
0.0154084
0.0154124
0.0154164
0.0154204
0.0154244
0.0154284
0.0154324
0.0154364
0.0154404
0.0154445
0.0154485
0.0154525
0.0154565
0.0154605
0.0154645
0.0154685
0.0154725
0.0154766
0.0154806
0.0154846
0.0154886
0.0154926
0.0154966
0.0155006
0.0155046
0.0155086
0.0155127
0.0155167
0.0155207
0.0155247
0.0155287
0.0155327
0.0155367
0.0155407
0.0155448
0.0155488
0.0155528
0.0155568
0.0155608
0.0155648
0.0155688
0.0155728
0.0155768
0.0155809
0.0155849
0.0155889
0.0155929
0.0155969
0.0156009
0.0156049
0.0156089
0.015613
0.015617
0.015621
0.015625
0.015629
0.015633
0.015637
0.015641
0.015645
0.0156491
0.0156531
0.0156571
0.0156611
0.0156651
0.0156691
0.0156731
0.0156771
0.0156812
0.0156852
0.0156892
0.0156932
0.0156972
0.0157012
0.0157052
0.0157092
0.0157132
0.0157173
0.0157213
0.0157253
0.0157293
0.0157333
0.0157373
0.0157413
0.0157453
0.0157494
0.0157534
0.0157574
0.0157614
0.0157654
0.0157694
0.0157734
0.0157774
0.0157814
0.0157855
0.0157895
0.0157935
0.0157975
0.0158015
0.0158055
0.0158095
0.0158135
0.0158176
0.0158216
0.0158256
0.0158296
0.0158336
0.0158376
0.0158416
0.0158456
0.0158496
0.0158537
0.0158577
0.0158617
0.0158657
0.0158697
0.0158737
0.0158777
0.0158817
0.0158858
0.0158898
0.0158938
0.0158978
0.0159018
0.0159058
0.0159098
0.0159138
0.0159178
0.0159219
0.0159259
0.0159299
0.0159339
0.0159379
0.0159419
0.0159459
0.0159499
0.015954
0.015958
0.015962
0.015966
0.01597
0.015974
0.015978
0.015982
0.015986
0.0159901
0.0159941
0.0159981
0.0160021
0.0160061
0.0160101
0.0160141
0.0160181
0.0160222
0.0160262
0.0160302
0.0160342
0.0160382
0.0160422
0.0160462
0.0160502
0.0160542
0.0160583
0.0160623
0.0160663
0.0160703
0.0160743
0.0160783
0.0160823
0.0160863
0.0160904
0.0160944
0.0160984
0.0161024
0.0161064
0.0161104
0.0161144
0.0161184
0.0161224
0.0161265
0.0161305
0.0161345
0.0161385
0.0161425
0.0161465
0.0161505
0.0161545
0.0161586
0.0161626
0.0161666
0.0161706
0.0161746
0.0161786
0.0161826
0.0161866
0.0161906
0.0161947
0.0161987
0.0162027
0.0162067
0.0162107
0.0162147
0.0162187
0.0162227
0.0162268
0.0162308
0.0162348
0.0162388
0.0162428
0.0162468
0.0162508
0.0162548
0.0162588
0.0162629
0.0162669
0.0162709
0.0162749
0.0162789
0.0162829
0.0162869
0.0162909
0.016295
0.016299
0.016303
0.016307
0.016311
0.016315
0.016319
0.016323
0.016327
0.0163311
0.0163351
0.0163391
0.0163431
0.0163471
0.0163511
0.0163551
0.0163591
0.0163631
0.0163672
0.0163712
0.0163752
0.0163792
0.0163832
0.0163872
0.0163912
0.0163952
0.0163993
0.0164033
0.0164073
0.0164113
0.0164153
0.0164193
0.0164233
0.0164273
0.0164313
0.0164354
0.0164394
0.0164434
0.0164474
0.0164514
0.0164554
0.0164594
0.0164634
0.0164675
0.0164715
0.0164755
0.0164795
0.0164835
0.0164875
0.0164915
0.0164955
0.0164995
0.0165036
0.0165076
0.0165116
0.0165156
0.0165196
0.0165236
0.0165276
0.0165316
0.0165357
0.0165397
0.0165437
0.0165477
0.0165517
0.0165557
0.0165597
0.0165637
0.0165677
0.0165718
0.0165758
0.0165798
0.0165838
0.0165878
0.0165918
0.0165958
0.0165998
0.0166039
0.0166079
0.0166119
0.0166159
0.0166199
0.0166239
0.0166279
0.0166319
0.0166359
0.01664
0.016644
0.016648
0.016652
0.016656
0.01666
0.016664
0.016668
0.016672
0.0166761
0.0166801
0.0166841
0.0166881
0.0166921
0.0166961
0.0167001
0.0167041
0.0167082
0.0167122
0.0167162
0.0167202
0.0167242
0.0167282
0.0167322
0.0167362
0.0167402
0.0167443
0.0167483
0.0167523
0.0167563
0.0167603
0.0167643
0.0167683
0.0167723
0.0167764
0.0167804
0.0167844
0.0167884
0.0167924
0.0167964
0.0168004
0.0168044
0.0168084
0.0168125
0.0168165
0.0168205
0.0168245
0.0168285
0.0168325
0.0168365
0.0168405
0.0168446
0.0168486
0.0168526
0.0168566
0.0168606
0.0168646
0.0168686
0.0168726
0.0168766
0.0168807
0.0168847
0.0168887
0.0168927
0.0168967
0.0169007
0.0169047
0.0169087
0.0169128
0.0169168
0.0169208
0.0169248
0.0169288
0.0169328
0.0169368
0.0169408
0.0169448
0.0169489
0.0169529
0.0169569
0.0169609
0.0169649
0.0169689
0.0169729
0.0169769
0.0169809
0.016985
0.016989
0.016993
0.016997
0.017001
0.017005
0.017009
0.017013
0.0170171
0.0170211
0.0170251
0.0170291
0.0170331
0.0170371
0.0170411
0.0170451
0.0170491
0.0170532
0.0170572
0.0170612
0.0170652
0.0170692
0.0170732
0.0170772
0.0170812
0.0170853
0.0170893
0.0170933
0.0170959
0.0170959
