0.00206585
0.00200508
0.00192589
0.00185025
0.00177755
0.00170768
0.00164054
0.00157602
0.00151401
0.00145443
0.00139716
0.00134214
0.00128926
0.00123845
0.00118961
0.00114269
0.0010976
0.00105426
0.00101262
0.000972608
0.000934155
0.000897204
0.000861697
0.000827576
0.000794817
0.000763334
0.000733077
0.000703999
0.000676055
0.000649201
0.000623394
0.000598595
0.000574763
0.000551861
0.000529854
0.000508707
0.000488386
0.000468859
0.000450095
0.000432065
0.00041474
0.000398093
0.000382098
0.000366728
0.00035196
0.00033777
0.000324136
0.000311037
0.00029845
0.000286357
0.000274738
0.000263575
0.00025285
0.000242545
0.000232645
0.000223134
0.000213996
0.000205217
0.000196784
0.000188681
0.000180898
0.00017342
0.000166237
0.000159337
0.000152708
0.000146341
0.000140224
0.000134349
0.000128705
0.000123284
0.000118077
0.000113076
0.000108272
0.000103659
9.92275e-05
9.49717e-05
9.08843e-05
8.6959e-05
8.31892e-05
7.95689e-05
7.60924e-05
7.27539e-05
6.95481e-05
6.64698e-05
6.3514e-05
6.06759e-05
5.79509e-05
5.53347e-05
5.28228e-05
5.04113e-05
4.80962e-05
4.58738e-05
4.37404e-05
4.16926e-05
3.97269e-05
3.78402e-05
3.60294e-05
3.42915e-05
3.26236e-05
3.1023e-05
2.94871e-05
2.80134e-05
2.65993e-05
2.52426e-05
2.3941e-05
2.26923e-05
2.14945e-05
2.03456e-05
1.92436e-05
1.81866e-05
1.71731e-05
1.62011e-05
1.52692e-05
1.43756e-05
1.3519e-05
1.26978e-05
1.19107e-05
1.11562e-05
1.04332e-05
9.74043e-06
9.07662e-06
8.44066e-06
7.83145e-06
7.24794e-06
6.68911e-06
6.15399e-06
5.64164e-06
5.15115e-06
4.68167e-06
4.23236e-06
3.80241e-06
3.39108e-06
2.99761e-06
2.62129e-06
2.26145e-06
1.91743e-06
1.5886e-06
1.27435e-06
9.74116e-07
6.87325e-07
4.13444e-07
1.51959e-07
9.81705e-08
3.36332e-07
5.63526e-07
7.80192e-07
9.86754e-07
1.18361e-06
1.37117e-06
1.54978e-06
1.71982e-06
1.88163e-06
2.03554e-06
2.18188e-06
2.32094e-06
2.45302e-06
2.57841e-06
2.69737e-06
2.81018e-06
2.91707e-06
3.0183e-06
3.11408e-06
3.20465e-06
3.29022e-06
3.371e-06
3.44717e-06
3.51894e-06
3.58648e-06
3.64997e-06
3.70957e-06
3.76546e-06
3.81777e-06
3.86667e-06
3.91229e-06
3.95477e-06
3.99424e-06
4.03084e-06
4.06468e-06
4.09588e-06
4.12455e-06
4.15081e-06
4.17474e-06
4.19646e-06
4.21606e-06
4.23362e-06
4.24925e-06
4.26302e-06
4.27501e-06
4.28531e-06
4.29398e-06
4.3011e-06
4.30675e-06
4.31097e-06
4.31385e-06
4.31543e-06
4.31579e-06
4.31496e-06
4.31302e-06
4.31001e-06
4.30598e-06
4.30098e-06
4.29505e-06
4.28824e-06
4.28059e-06
4.27214e-06
4.27056e-06
4.25973e-06
4.24919e-06
4.23792e-06
4.22603e-06
4.21355e-06
4.20052e-06
4.18696e-06
4.1729e-06
4.15836e-06
4.1434e-06
4.128e-06
4.1122e-06
4.09603e-06
4.0795e-06
4.06613e-06
4.04853e-06
4.0311e-06
4.01335e-06
3.99383e-06
3.97571e-06
3.95805e-06
3.93913e-06
3.92027e-06
3.90122e-06
3.88198e-06
3.86261e-06
3.84309e-06
3.82344e-06
3.80367e-06
3.78379e-06
3.76381e-06
3.74375e-06
3.72338e-06
3.69989e-06
3.67959e-06
3.65952e-06
3.63895e-06
3.61855e-06
3.59816e-06
3.57769e-06
3.55717e-06
3.55008e-06
3.52127e-06
3.50097e-06
3.4801e-06
3.45992e-06
3.44065e-06
3.41967e-06
3.39794e-06
3.37759e-06
3.35781e-06
3.33737e-06
3.31728e-06
3.2929e-06
3.27425e-06
3.25403e-06
3.23394e-06
3.21408e-06
3.19462e-06
3.17461e-06
3.155e-06
3.13546e-06
3.11591e-06
3.09637e-06
3.07934e-06
3.05992e-06
3.03819e-06
3.02006e-06
3.00089e-06
2.98215e-06
2.96314e-06
2.93957e-06
2.92051e-06
2.90183e-06
2.88323e-06
2.8648e-06
2.84625e-06
2.82807e-06
2.80984e-06
2.79173e-06
2.77371e-06
2.75581e-06
2.73796e-06
2.72024e-06
2.70261e-06
2.68507e-06
2.66764e-06
2.6502e-06
2.63309e-06
2.61592e-06
2.5989e-06
2.58196e-06
2.56511e-06
2.54886e-06
2.53286e-06
2.51641e-06
2.49992e-06
2.48349e-06
2.46719e-06
2.45115e-06
2.4351e-06
2.41914e-06
2.40328e-06
2.38754e-06
2.37191e-06
2.35635e-06
2.3409e-06
2.32555e-06
2.31029e-06
2.29514e-06
2.28008e-06
2.26511e-06
2.25025e-06
2.23548e-06
2.2208e-06
2.20623e-06
2.19174e-06
2.17735e-06
2.16306e-06
2.14886e-06
2.13475e-06
2.12074e-06
2.10682e-06
2.09299e-06
2.07925e-06
2.06561e-06
2.05206e-06
2.03859e-06
2.02522e-06
2.01194e-06
1.99874e-06
1.98564e-06
1.97262e-06
1.95969e-06
1.94685e-06
1.93409e-06
1.92142e-06
1.90884e-06
1.89634e-06
1.88173e-06
1.8683e-06
1.85611e-06
1.84395e-06
1.83187e-06
1.81987e-06
1.80795e-06
1.79612e-06
1.78437e-06
1.77269e-06
1.7611e-06
1.74959e-06
1.73816e-06
1.7268e-06
1.72236e-06
1.70972e-06
1.69645e-06
1.68516e-06
1.67406e-06
1.66631e-06
1.6525e-06
1.64133e-06
1.631e-06
1.62047e-06
1.61e-06
1.59953e-06
1.59295e-06
1.58286e-06
1.57238e-06
1.5591e-06
1.54905e-06
1.53896e-06
1.53585e-06
1.52577e-06
1.51602e-06
1.50637e-06
1.49683e-06
1.48711e-06
1.47769e-06
1.46765e-06
1.45538e-06
1.44575e-06
1.43633e-06
1.42714e-06
1.41835e-06
1.40902e-06
1.40012e-06
1.3928e-06
1.38411e-06
1.3751e-06
1.36622e-06
1.3575e-06
1.34887e-06
1.34019e-06
1.33161e-06
1.32312e-06
1.31466e-06
1.30627e-06
1.29228e-06
1.28316e-06
1.27501e-06
1.26822e-06
1.26005e-06
1.2505e-06
1.24256e-06
1.23466e-06
1.2268e-06
1.219e-06
1.21119e-06
1.20356e-06
1.19592e-06
1.18834e-06
1.18081e-06
1.17413e-06
1.16642e-06
1.15912e-06
1.15174e-06
1.14445e-06
1.13721e-06
1.12957e-06
1.12251e-06
1.11566e-06
1.10847e-06
1.10151e-06
1.09459e-06
1.08769e-06
1.0808e-06
1.07403e-06
1.06727e-06
1.06055e-06
1.05389e-06
1.05606e-06
1.04951e-06
1.0383e-06
1.03181e-06
1.02539e-06
1.019e-06
1.01357e-06
1.00759e-06
1.00118e-06
9.94774e-07
9.885e-07
9.79472e-07
9.72967e-07
9.67037e-07
9.6121e-07
9.55264e-07
9.49254e-07
9.43516e-07
9.37689e-07
9.34069e-07
9.28477e-07
9.18297e-07
9.12885e-07
9.07062e-07
9.01438e-07
8.95832e-07
8.90349e-07
8.84727e-07
8.79348e-07
8.75238e-07
8.66355e-07
8.61084e-07
8.55909e-07
8.54404e-07
8.4894e-07
8.41645e-07
8.36568e-07
8.31478e-07
8.26449e-07
8.21404e-07
8.17187e-07
8.12094e-07
8.07121e-07
8.02181e-07
7.97267e-07
7.92386e-07
7.87552e-07
7.82743e-07
7.7797e-07
7.7323e-07
7.68525e-07
7.63909e-07
7.59235e-07
7.5464e-07
7.50073e-07
7.45542e-07
7.41042e-07
7.36566e-07
7.32125e-07
7.27713e-07
7.23329e-07
7.18975e-07
7.14613e-07
7.1037e-07
7.06082e-07
7.01839e-07
6.97622e-07
6.93435e-07
6.89281e-07
6.85151e-07
6.81051e-07
6.7698e-07
6.77916e-07
6.73942e-07
6.64939e-07
6.60977e-07
6.57045e-07
6.53133e-07
6.49253e-07
6.45383e-07
6.41547e-07
6.37736e-07
6.33954e-07
6.30278e-07
6.26482e-07
6.22773e-07
6.19097e-07
6.15432e-07
6.1623e-07
6.07788e-07
6.04312e-07
6.0078e-07
5.97269e-07
5.93839e-07
5.90797e-07
5.86456e-07
5.82971e-07
5.79554e-07
5.76137e-07
5.72751e-07
5.69419e-07
5.66082e-07
5.62772e-07
5.59485e-07
5.56223e-07
5.52985e-07
5.61839e-07
5.58551e-07
5.55387e-07
5.5223e-07
5.49087e-07
5.46036e-07
5.42858e-07
5.39822e-07
5.36743e-07
5.33714e-07
5.30705e-07
5.27714e-07
5.24738e-07
5.2179e-07
5.18858e-07
5.03707e-07
5.01279e-07
5.01131e-07
4.98094e-07
4.95283e-07
4.92511e-07
4.89712e-07
4.8694e-07
4.84153e-07
4.81436e-07
4.78704e-07
4.75996e-07
4.73315e-07
4.70647e-07
4.67994e-07
4.6124e-07
4.5825e-07
4.55636e-07
4.5304e-07
4.50458e-07
4.47889e-07
4.45418e-07
4.42904e-07
4.40404e-07
4.37924e-07
4.35465e-07
4.33027e-07
4.30596e-07
4.28181e-07
4.25783e-07
4.23402e-07
4.21035e-07
4.18683e-07
4.16347e-07
4.1409e-07
4.11695e-07
4.09428e-07
4.07131e-07
4.04871e-07
4.02629e-07
4.00388e-07
3.9817e-07
3.95964e-07
3.93775e-07
3.916e-07
3.89438e-07
3.87292e-07
3.85159e-07
3.83147e-07
3.81059e-07
3.78975e-07
3.76905e-07
3.74848e-07
3.72804e-07
3.70773e-07
3.75353e-07
3.73192e-07
3.66382e-07
3.63289e-07
3.49115e-07
3.35642e-07
3.22435e-07
3.09864e-07
2.97737e-07
2.86023e-07
2.7478e-07
2.63976e-07
2.53093e-07
2.43313e-07
2.33675e-07
2.24421e-07
2.15483e-07
2.07042e-07
1.98789e-07
1.90917e-07
1.83357e-07
1.76101e-07
1.69102e-07
1.62413e-07
1.55978e-07
1.49915e-07
1.43927e-07
1.38296e-07
1.32834e-07
1.276e-07
1.22602e-07
1.17725e-07
1.1308e-07
1.08621e-07
1.04341e-07
1.00225e-07
9.62912e-08
9.25121e-08
8.88839e-08
8.54048e-08
8.20683e-08
7.88647e-08
7.57922e-08
7.94933e-08
6.89801e-08
6.62869e-08
6.36556e-08
6.11636e-08
5.87488e-08
5.64741e-08
5.42733e-08
5.2152e-08
5.01244e-08
4.81786e-08
4.63114e-08
4.45254e-08
4.2807e-08
4.116e-08
3.95801e-08
3.80647e-08
3.66114e-08
3.52166e-08
3.38789e-08
3.25958e-08
3.1365e-08
3.01843e-08
2.90517e-08
2.79653e-08
2.69232e-08
2.97565e-08
2.87344e-08
2.78196e-08
2.69314e-08
2.61577e-08
2.16142e-08
2.0903e-08
2.01107e-08
1.94129e-08
1.87673e-08
1.80631e-08
1.7439e-08
1.68286e-08
1.62512e-08
1.56946e-08
1.51526e-08
1.46402e-08
1.41472e-08
1.36749e-08
1.32211e-08
1.27852e-08
1.23682e-08
1.1968e-08
1.15841e-08
1.12157e-08
1.08624e-08
1.05236e-08
1.01987e-08
9.88692e-09
9.5879e-09
9.3011e-09
9.02601e-09
8.76214e-09
8.50903e-09
8.26626e-09
8.03339e-09
7.81002e-09
7.59576e-09
7.39025e-09
7.19312e-09
7.00403e-09
6.82266e-09
6.64868e-09
6.4818e-09
6.32173e-09
6.16819e-09
6.02091e-09
5.87964e-09
5.74413e-09
5.61415e-09
5.48947e-09
5.36987e-09
5.25515e-09
5.14512e-09
5.03956e-09
4.93832e-09
4.8412e-09
4.74804e-09
4.65869e-09
4.57298e-09
4.49076e-09
4.4119e-09
4.41104e-09
4.25423e-09
4.18011e-09
8.20166e-09
3.17886e-09
3.10723e-09
3.05263e-09
2.98635e-09
2.91875e-09
2.87464e-09
2.82035e-09
2.77041e-09
2.72096e-09
2.67455e-09
2.63205e-09
2.58957e-09
2.54916e-09
2.5104e-09
2.47352e-09
2.43831e-09
2.40433e-09
2.37184e-09
2.34072e-09
2.31094e-09
2.28239e-09
2.25501e-09
2.22877e-09
2.20364e-09
2.17954e-09
2.15645e-09
2.1343e-09
2.11308e-09
2.09273e-09
2.07322e-09
2.05451e-09
2.03658e-09
2.01938e-09
2.00289e-09
1.98708e-09
1.97191e-09
1.95737e-09
1.94343e-09
1.93005e-09
1.91723e-09
1.90493e-09
1.89314e-09
1.88182e-09
1.87097e-09
1.86057e-09
1.85059e-09
1.84102e-09
1.83184e-09
1.82303e-09
1.81459e-09
1.80649e-09
1.79872e-09
1.79127e-09
1.78412e-09
1.77727e-09
1.77069e-09
1.76439e-09
1.75834e-09
1.75254e-09
1.74697e-09
1.74163e-09
1.73651e-09
1.7316e-09
1.72689e-09
1.72237e-09
1.71804e-09
1.71388e-09
1.70989e-09
1.70607e-09
1.7024e-09
1.69888e-09
1.69551e-09
1.69227e-09
1.68916e-09
1.68619e-09
1.68332e-09
1.68058e-09
1.67795e-09
1.67543e-09
1.67301e-09
1.67363e-09
1.67586e-09
1.67799e-09
1.68004e-09
1.682e-09
1.86231e-09
1.70676e-09
1.67775e-09
1.68188e-09
1.68819e-09
1.71537e-09
1.68303e-09
1.68787e-09
1.69004e-09
1.69243e-09
1.69388e-09
1.69009e-09
1.69193e-09
1.6931e-09
1.694e-09
1.69456e-09
1.6949e-09
1.69602e-09
1.69695e-09
1.69781e-09
1.69864e-09
1.6995e-09
1.70045e-09
1.70134e-09
1.70221e-09
1.70307e-09
1.70393e-09
1.70477e-09
1.7056e-09
1.7064e-09
7.76691e-09
2.21959e-09
2.24172e-09
2.23787e-09
2.22903e-09
2.19367e-09
2.23316e-09
2.22892e-09
2.22644e-09
2.22382e-09
2.22251e-09
2.22805e-09
2.22682e-09
2.22623e-09
2.22603e-09
2.22635e-09
2.227e-09
2.22669e-09
2.22659e-09
2.22659e-09
2.22663e-09
2.22664e-09
2.22653e-09
2.22646e-09
2.2264e-09
2.22634e-09
2.22626e-09
2.22617e-09
2.22608e-09
2.226e-09
2.22591e-09
2.22583e-09
2.22574e-09
2.22565e-09
2.22556e-09
2.22548e-09
2.22539e-09
2.22531e-09
2.22523e-09
2.22515e-09
2.22506e-09
2.22499e-09
2.22491e-09
2.22484e-09
2.22477e-09
2.22471e-09
2.22464e-09
2.22457e-09
2.22451e-09
2.22446e-09
2.22439e-09
2.22434e-09
2.22429e-09
2.22424e-09
2.22418e-09
2.22414e-09
2.22409e-09
2.22405e-09
2.224e-09
2.22396e-09
2.22392e-09
2.22389e-09
2.22385e-09
2.22381e-09
2.22378e-09
2.22375e-09
2.22068e-09
2.20998e-09
2.22352e-09
2.22643e-09
2.22974e-09
2.23287e-09
2.23437e-09
2.23624e-09
2.23771e-09
2.23889e-09
2.2398e-09
2.24039e-09
2.24091e-09
2.24125e-09
2.24144e-09
2.24151e-09
2.24147e-09
2.24137e-09
2.24119e-09
2.24095e-09
2.24066e-09
2.24033e-09
2.23997e-09
2.23959e-09
2.23918e-09
2.23876e-09
2.23832e-09
2.23788e-09
2.23744e-09
2.23699e-09
2.23655e-09
2.23611e-09
2.23568e-09
2.23525e-09
2.23482e-09
2.23441e-09
2.234e-09
2.23361e-09
2.23322e-09
8.8435e-09
3.13655e-09
3.14858e-09
3.14855e-09
3.14671e-09
3.13417e-09
3.15161e-09
3.15108e-09
3.1512e-09
3.15122e-09
3.15168e-09
3.15478e-09
3.15506e-09
3.15555e-09
3.15614e-09
3.15688e-09
3.1577e-09
3.15808e-09
3.15852e-09
3.15895e-09
3.15937e-09
3.15975e-09
3.16005e-09
3.16034e-09
3.16061e-09
3.16087e-09
3.1611e-09
3.1613e-09
3.1615e-09
3.16168e-09
3.16184e-09
3.16199e-09
3.16213e-09
3.16226e-09
3.16238e-09
3.1625e-09
3.1626e-09
3.1627e-09
3.16279e-09
3.16288e-09
3.16296e-09
3.16303e-09
3.1631e-09
3.16317e-09
3.16324e-09
3.1633e-09
3.16335e-09
3.16341e-09
3.16346e-09
3.1635e-09
3.16355e-09
3.1636e-09
3.08765e-09
3.1598e-09
3.13959e-09
3.13531e-09
3.13125e-09
3.13389e-09
3.12083e-09
3.11914e-09
3.11739e-09
3.11607e-09
3.11497e-09
3.11286e-09
3.11271e-09
3.11266e-09
3.11278e-09
3.11302e-09
3.1134e-09
9.85233e-09
2.50186e-09
2.53768e-09
2.54108e-09
2.53893e-09
2.51349e-09
2.55474e-09
2.55529e-09
2.55711e-09
2.55834e-09
2.56052e-09
2.56841e-09
2.56982e-09
2.57155e-09
2.57341e-09
2.5755e-09
2.57769e-09
2.57884e-09
2.58001e-09
2.58115e-09
2.58221e-09
2.58312e-09
2.58382e-09
2.58448e-09
2.58508e-09
2.58561e-09
2.58606e-09
2.58645e-09
2.58679e-09
2.5871e-09
2.58736e-09
2.58759e-09
2.58779e-09
2.58796e-09
2.58812e-09
2.58825e-09
2.58836e-09
2.58846e-09
2.58854e-09
2.58861e-09
2.58867e-09
2.58872e-09
2.58877e-09
2.58881e-09
2.58884e-09
2.58886e-09
2.58888e-09
2.5889e-09
2.58891e-09
2.58893e-09
2.58893e-09
2.58894e-09
2.58894e-09
2.58894e-09
2.58894e-09
2.58894e-09
2.58894e-09
2.58894e-09
2.58893e-09
2.58893e-09
2.58892e-09
2.58892e-09
2.58892e-09
2.58892e-09
2.58891e-09
2.58891e-09
2.5889e-09
2.5889e-09
2.58889e-09
2.58889e-09
2.58888e-09
2.58888e-09
2.58887e-09
2.52228e-09
2.59169e-09
2.57743e-09
2.57569e-09
2.5759e-09
2.58338e-09
2.56842e-09
9.64288e-09
2.82473e-09
2.7859e-09
2.77694e-09
2.76998e-09
2.79833e-09
2.74445e-09
2.74006e-09
2.73413e-09
2.72889e-09
2.7236e-09
2.71127e-09
2.70695e-09
2.70238e-09
2.69787e-09
2.6933e-09
2.68869e-09
2.68547e-09
2.68234e-09
2.67937e-09
2.67659e-09
2.67408e-09
2.67189e-09
2.66985e-09
2.66794e-09
2.6662e-09
2.6646e-09
2.66314e-09
2.66178e-09
2.66052e-09
2.65935e-09
2.65828e-09
2.65727e-09
2.65634e-09
2.65546e-09
2.65465e-09
2.65389e-09
2.65318e-09
2.65251e-09
2.65188e-09
2.65129e-09
2.65073e-09
2.65021e-09
2.64972e-09
2.64925e-09
2.64881e-09
2.64839e-09
2.64799e-09
2.64761e-09
2.64726e-09
2.64692e-09
2.6466e-09
2.6463e-09
2.646e-09
2.64573e-09
2.64546e-09
2.64521e-09
2.64497e-09
2.64474e-09
2.64453e-09
2.64432e-09
2.64412e-09
2.64393e-09
7.03056e-09
1.17965e-09
1.19421e-09
1.20118e-09
1.20796e-09
1.21197e-09
1.22028e-09
1.22534e-09
1.22995e-09
1.23419e-09
1.23809e-09
1.24211e-09
1.2454e-09
1.24844e-09
1.25127e-09
1.2539e-09
1.25635e-09
1.25856e-09
1.26061e-09
1.26253e-09
1.26431e-09
1.26597e-09
1.2675e-09
1.26894e-09
1.27028e-09
1.27153e-09
1.2727e-09
1.27381e-09
1.27484e-09
1.27582e-09
1.27673e-09
1.2776e-09
1.27842e-09
1.27019e-09
1.28413e-09
1.28405e-09
1.28493e-09
1.2858e-09
1.27401e-09
1.28705e-09
1.28633e-09
1.28652e-09
1.28654e-09
1.28642e-09
1.28867e-09
1.28879e-09
1.28909e-09
1.28945e-09
1.28988e-09
1.29045e-09
1.29068e-09
1.29095e-09
1.29123e-09
1.2915e-09
1.29175e-09
1.29195e-09
1.29214e-09
1.29232e-09
1.29249e-09
1.29265e-09
1.29279e-09
1.29292e-09
1.29304e-09
1.29315e-09
1.29326e-09
1.29336e-09
1.29345e-09
1.29354e-09
1.29362e-09
1.29369e-09
1.29376e-09
1.29383e-09
1.29389e-09
1.29395e-09
1.29401e-09
1.29406e-09
1.29411e-09
1.29416e-09
1.2942e-09
1.29425e-09
1.29429e-09
1.29432e-09
1.29436e-09
1.29439e-09
1.29443e-09
1.29446e-09
1.29449e-09
1.29452e-09
1.29454e-09
1.29457e-09
1.29459e-09
1.29462e-09
1.29464e-09
1.29466e-09
1.29468e-09
1.2947e-09
1.29472e-09
1.29474e-09
1.29475e-09
1.29477e-09
1.29479e-09
1.2948e-09
1.29482e-09
1.29483e-09
1.29484e-09
1.29486e-09
1.29487e-09
1.29488e-09
1.29489e-09
1.2949e-09
1.29491e-09
1.29492e-09
1.29493e-09
1.29494e-09
1.29495e-09
1.29496e-09
1.29496e-09
1.29497e-09
1.29498e-09
1.28823e-09
1.29941e-09
1.29754e-09
1.298e-09
1.29793e-09
1.29776e-09
1.29897e-09
1.29893e-09
1.29901e-09
1.29906e-09
1.29914e-09
1.2993e-09
1.29927e-09
1.29925e-09
1.29923e-09
1.2992e-09
1.29916e-09
1.29909e-09
1.29901e-09
1.29894e-09
1.29885e-09
1.29876e-09
1.29867e-09
1.29857e-09
1.29848e-09
1.29838e-09
1.29828e-09
1.29818e-09
1.29808e-09
1.29798e-09
1.29789e-09
1.29779e-09
1.2977e-09
1.29761e-09
1.29752e-09
1.29744e-09
1.29735e-09
1.29727e-09
1.29719e-09
1.29711e-09
1.29704e-09
1.321e-09
1.29578e-09
1.29879e-09
1.29821e-09
1.29717e-09
1.29377e-09
1.29893e-09
1.29829e-09
1.29809e-09
1.2979e-09
1.2979e-09
1.29861e-09
1.03792e-08
3.09947e-09
3.10894e-09
3.10745e-09
3.10286e-09
3.08482e-09
3.10823e-09
3.10639e-09
3.10572e-09
3.10502e-09
3.10516e-09
3.10896e-09
3.10886e-09
3.10914e-09
3.10963e-09
3.11037e-09
3.11126e-09
3.11158e-09
3.11199e-09
3.11244e-09
3.1129e-09
3.11331e-09
3.11363e-09
3.11396e-09
3.11428e-09
3.11458e-09
3.11485e-09
3.11511e-09
3.11535e-09
3.11558e-09
3.1158e-09
3.116e-09
3.1162e-09
3.11638e-09
3.11655e-09
3.11672e-09
3.11687e-09
3.11702e-09
3.11716e-09
3.11729e-09
3.11742e-09
3.11754e-09
3.11766e-09
3.11777e-09
3.11787e-09
3.11797e-09
3.11807e-09
3.11816e-09
3.11824e-09
3.11832e-09
3.1184e-09
3.11848e-09
3.11855e-09
3.11862e-09
3.11868e-09
3.11875e-09
3.11881e-09
3.11887e-09
3.11892e-09
3.11897e-09
3.11902e-09
3.11907e-09
3.11912e-09
3.11917e-09
3.11921e-09
3.11925e-09
3.11929e-09
3.11932e-09
3.11936e-09
3.1194e-09
3.11943e-09
3.11946e-09
3.11949e-09
3.11952e-09
3.11955e-09
3.11957e-09
3.1196e-09
3.11962e-09
3.05244e-09
3.12484e-09
3.13022e-09
3.12754e-09
3.12163e-09
3.12243e-09
3.1248e-09
3.12578e-09
3.12469e-09
3.12403e-09
3.12442e-09
3.12475e-09
3.12467e-09
3.12439e-09
1.03602e-08
2.4182e-09
2.41752e-09
2.40866e-09
2.4041e-09
2.25357e-09
2.3799e-09
2.36694e-09
2.35757e-09
2.34765e-09
2.33666e-09
2.35355e-09
2.34853e-09
2.34509e-09
2.34281e-09
2.34204e-09
2.34329e-09
2.34142e-09
2.34015e-09
2.33931e-09
2.33875e-09
2.33822e-09
2.33732e-09
2.33662e-09
2.33601e-09
2.33546e-09
2.33489e-09
2.33431e-09
2.33379e-09
2.3333e-09
2.33284e-09
2.33238e-09
2.33195e-09
2.33154e-09
2.33114e-09
2.33077e-09
2.33041e-09
2.33006e-09
2.32973e-09
2.32942e-09
2.32912e-09
2.32883e-09
2.32855e-09
2.32829e-09
2.32804e-09
2.32779e-09
2.32756e-09
2.32734e-09
2.32712e-09
2.32691e-09
2.32672e-09
2.32653e-09
2.32635e-09
2.32618e-09
2.32601e-09
2.32586e-09
2.3257e-09
2.32556e-09
2.32542e-09
2.32529e-09
2.32516e-09
2.32503e-09
2.32492e-09
2.3248e-09
2.3247e-09
2.32459e-09
2.32449e-09
2.3244e-09
2.32431e-09
2.32422e-09
2.32413e-09
2.32405e-09
2.32397e-09
2.3239e-09
2.32383e-09
2.32376e-09
2.32369e-09
2.32363e-09
2.32357e-09
2.32351e-09
2.32346e-09
2.3234e-09
2.32336e-09
2.3233e-09
2.32326e-09
2.32321e-09
2.32317e-09
2.32313e-09
9.62961e-09
1.43992e-09
1.39812e-09
1.39587e-09
1.40326e-09
1.3959e-09
1.42435e-09
1.43112e-09
1.43767e-09
1.44351e-09
1.44933e-09
1.45802e-09
1.46296e-09
1.46771e-09
1.47228e-09
1.47673e-09
1.48104e-09
1.48458e-09
1.48796e-09
1.49114e-09
1.49413e-09
1.4969e-09
1.49943e-09
1.50181e-09
1.50404e-09
1.50614e-09
1.50809e-09
1.50993e-09
1.51165e-09
1.51327e-09
1.5148e-09
1.51624e-09
1.5176e-09
1.51889e-09
1.5201e-09
1.52125e-09
1.52234e-09
1.52337e-09
1.52436e-09
1.52529e-09
1.52617e-09
1.52702e-09
1.52782e-09
1.52858e-09
1.52931e-09
1.53e-09
1.53066e-09
1.53129e-09
1.5319e-09
1.53247e-09
1.53302e-09
1.53355e-09
1.53404e-09
1.53452e-09
1.53498e-09
1.53542e-09
1.53584e-09
1.53624e-09
1.53663e-09
1.53699e-09
1.53734e-09
1.53768e-09
1.49187e-09
1.53937e-09
5.95514e-09
1.65406e-09
1.65972e-09
1.65847e-09
1.67955e-09
1.68396e-09
1.6907e-09
1.69597e-09
1.7013e-09
1.70816e-09
1.71235e-09
1.71665e-09
1.72061e-09
1.72442e-09
1.72804e-09
1.73111e-09
1.73404e-09
1.73678e-09
1.73935e-09
1.74173e-09
1.74391e-09
1.74596e-09
1.74789e-09
1.74969e-09
1.75138e-09
1.75295e-09
1.75444e-09
1.75584e-09
1.75716e-09
1.7584e-09
1.75958e-09
1.76069e-09
1.76174e-09
1.76273e-09
1.76367e-09
1.76456e-09
1.76541e-09
1.76622e-09
1.76699e-09
1.76772e-09
1.76841e-09
1.76907e-09
1.7697e-09
1.7703e-09
1.77087e-09
1.77142e-09
1.77194e-09
1.77244e-09
1.77291e-09
1.77336e-09
1.7738e-09
1.77421e-09
1.77461e-09
1.77499e-09
1.77535e-09
1.7757e-09
1.77603e-09
6.55246e-09
1.99687e-09
2.00061e-09
2.00285e-09
2.00581e-09
2.01208e-09
2.00815e-09
2.01008e-09
2.01161e-09
2.01304e-09
2.01421e-09
2.01438e-09
2.01539e-09
2.01625e-09
2.01699e-09
2.0176e-09
2.01813e-09
2.058e-09
2.01678e-09
2.019e-09
2.0222e-09
2.02385e-09
2.01903e-09
2.02938e-09
2.02874e-09
2.02995e-09
2.03069e-09
2.03137e-09
2.03324e-09
2.03348e-09
2.03397e-09
2.03438e-09
2.03477e-09
2.03514e-09
2.03526e-09
2.0354e-09
2.03548e-09
2.03553e-09
2.03555e-09
2.03551e-09
2.03545e-09
2.03538e-09
2.03528e-09
2.03516e-09
2.03504e-09
2.0349e-09
2.03476e-09
2.03461e-09
2.03446e-09
2.0343e-09
2.03414e-09
2.03398e-09
2.03382e-09
2.03367e-09
2.03352e-09
2.03336e-09
2.03321e-09
2.03306e-09
2.03291e-09
2.03276e-09
2.03263e-09
2.03249e-09
2.03236e-09
2.03223e-09
2.03211e-09
2.03198e-09
2.03187e-09
2.03176e-09
2.03165e-09
2.03154e-09
2.03144e-09
2.03134e-09
2.03125e-09
2.03115e-09
2.03107e-09
2.03098e-09
2.0309e-09
2.03082e-09
2.03075e-09
2.03067e-09
2.0306e-09
6.70535e-09
4.42204e-10
4.53858e-10
4.55729e-10
4.58171e-10
4.56627e-10
4.62355e-10
4.64077e-10
4.6562e-10
4.67051e-10
4.68334e-10
4.70237e-10
4.71426e-10
4.72538e-10
4.73604e-10
4.74627e-10
4.75618e-10
4.76462e-10
4.77255e-10
4.78008e-10
4.78712e-10
4.79367e-10
4.79973e-10
4.80542e-10
4.81079e-10
4.81582e-10
4.82051e-10
4.82497e-10
4.82912e-10
4.83309e-10
5.05453e-10
4.81098e-10
4.88654e-10
4.89779e-10
4.9083e-10
4.88509e-10
4.9519e-10
4.95591e-10
4.96293e-10
4.9688e-10
4.9748e-10
4.98742e-10
4.98991e-10
4.9927e-10
4.99518e-10
4.99744e-10
4.99931e-10
4.99948e-10
4.99944e-10
4.99918e-10
4.99858e-10
4.99767e-10
4.99634e-10
4.99491e-10
4.99331e-10
4.99157e-10
4.98972e-10
4.98777e-10
4.98576e-10
4.98374e-10
4.98172e-10
4.97961e-10
4.97754e-10
4.97547e-10
4.97344e-10
4.97142e-10
4.96943e-10
4.96748e-10
4.96558e-10
4.96371e-10
4.96186e-10
4.96009e-10
4.95834e-10
4.95668e-10
4.95501e-10
4.95346e-10
4.95193e-10
4.95046e-10
4.94896e-10
4.94759e-10
4.94626e-10
4.94498e-10
4.94374e-10
4.94253e-10
4.94136e-10
4.94026e-10
4.93916e-10
4.93814e-10
4.93712e-10
4.93618e-10
4.93522e-10
4.93435e-10
4.9335e-10
4.93267e-10
4.93189e-10
4.93114e-10
4.93039e-10
4.92973e-10
4.92907e-10
4.92843e-10
4.92779e-10
4.92722e-10
4.92662e-10
4.92607e-10
4.92557e-10
4.92505e-10
4.92456e-10
4.9241e-10
4.92366e-10
4.92322e-10
4.92281e-10
4.92242e-10
4.92204e-10
4.92169e-10
4.92132e-10
4.921e-10
4.92066e-10
4.92037e-10
4.92005e-10
4.91979e-10
4.9195e-10
4.91923e-10
4.91898e-10
4.72189e-10
4.91972e-10
4.86809e-10
4.8583e-10
4.845e-10
4.84321e-10
4.82693e-10
4.82118e-10
4.8166e-10
4.81298e-10
4.81059e-10
4.80755e-10
4.80669e-10
4.80632e-10
4.80653e-10
4.80707e-10
4.80795e-10
4.80939e-10
4.81104e-10
4.81292e-10
4.81496e-10
4.81718e-10
4.8195e-10
4.82196e-10
4.82442e-10
4.82698e-10
4.82949e-10
4.83208e-10
4.83463e-10
4.8372e-10
4.83968e-10
4.84218e-10
4.84462e-10
4.84701e-10
4.84935e-10
4.8516e-10
4.85384e-10
4.85602e-10
4.85817e-10
4.86021e-10
4.86217e-10
4.86414e-10
4.86598e-10
4.86776e-10
4.8695e-10
4.87121e-10
4.87286e-10
4.87442e-10
4.87592e-10
4.87737e-10
4.8788e-10
4.88015e-10
4.88145e-10
4.88268e-10
4.88395e-10
4.88509e-10
4.88622e-10
4.8873e-10
4.88833e-10
4.88929e-10
4.89025e-10
4.89118e-10
4.89206e-10
4.8929e-10
4.89372e-10
4.89447e-10
4.89523e-10
4.89594e-10
4.89666e-10
4.89733e-10
4.89795e-10
4.89856e-10
4.89916e-10
4.89974e-10
4.90027e-10
4.90079e-10
4.90127e-10
4.9018e-10
4.90222e-10
4.90271e-10
4.9031e-10
4.90353e-10
4.90393e-10
4.90428e-10
4.90463e-10
4.905e-10
4.90531e-10
4.90564e-10
4.90595e-10
4.90622e-10
4.9065e-10
4.90677e-10
4.90703e-10
4.90731e-10
4.9075e-10
4.9078e-10
4.90795e-10
4.90814e-10
4.90839e-10
4.90857e-10
4.90877e-10
4.90891e-10
4.90911e-10
4.90923e-10
4.90945e-10
4.90955e-10
4.90972e-10
4.90983e-10
4.90996e-10
4.91008e-10
4.91023e-10
