1.326e-06
2.72789e-06
4.22866e-06
5.82391e-06
7.50995e-06
9.28324e-06
1.11404e-05
1.30781e-05
1.50933e-05
1.71828e-05
1.93439e-05
2.15737e-05
2.38695e-05
2.62288e-05
2.86491e-05
3.1128e-05
3.36632e-05
3.62525e-05
3.88938e-05
4.15851e-05
4.43244e-05
4.71099e-05
4.99397e-05
5.28121e-05
5.57255e-05
5.86782e-05
6.16686e-05
6.46954e-05
6.77571e-05
7.08523e-05
7.39798e-05
7.71382e-05
8.03264e-05
8.35432e-05
8.67875e-05
9.00583e-05
9.33543e-05
9.66748e-05
0.000100019
0.000103385
0.000106773
0.000110182
0.000113611
0.000117059
0.000120525
0.00012401
0.000127511
0.000131029
0.000134562
0.00013811
0.000141673
0.00014525
0.00014884
0.000152443
0.000156059
0.000159686
0.000163325
0.000166975
0.000170635
0.000174306
0.000177986
0.000181675
0.000185374
0.000189081
0.000192796
0.000196519
0.00020025
0.000203988
0.000207734
0.000211486
0.000215244
0.000219009
0.00022278
0.000226556
0.000230339
0.000234126
0.000237919
0.000241716
0.000245518
0.000249325
0.000253136
0.000256951
0.00026077
0.000264593
0.00026842
0.00027225
0.000276084
0.00027992
0.000283761
0.000287604
0.00029145
0.000295298
0.00029915
0.000303004
0.00030686
0.000310719
0.00031458
0.000318443
0.000322308
0.000326175
0.000330045
0.000333916
0.000337788
0.000341663
0.000345539
0.000349417
0.000353296
0.000357176
0.000361058
0.000364942
0.000368826
0.000372712
0.000376599
0.000380487
0.000384376
0.000388266
0.000392157
0.000396049
0.000399942
0.000403836
0.000407731
0.000411626
0.000415522
0.000419419
0.000423317
0.000427215
0.000431114
0.000435014
0.000438914
0.000442815
0.000446717
0.000450618
0.000454521
0.000458424
0.000462327
0.000466231
0.000470135
0.00047404
0.000477945
0.00048185
0.000485756
0.000489662
0.000493568
0.000497475
0.000501382
0.000505289
0.000509196
0.000513104
0.000517012
0.00052092
0.000524828
0.000528737
0.000532646
0.000536555
0.000540464
0.000544373
0.000548282
0.000552192
0.000556102
0.000560012
0.000563922
0.000567832
0.000571742
0.000575652
0.000579563
0.000583473
0.000587384
0.000591294
0.000595205
0.000599116
0.000603027
0.000606938
0.000610849
0.00061476
0.000618671
0.000622582
0.000626494
0.000630405
0.000634316
0.000638228
0.000642139
0.00064605
0.000649962
0.000653873
0.000657785
0.000661696
0.000665608
0.000669519
0.000673431
0.000677342
0.000681254
0.000685166
0.000689077
0.000692989
0.0006969
0.000700812
0.000704724
0.000708635
0.000712547
0.000716458
0.00072037
0.000724281
0.000728193
0.000732104
0.000736016
0.000739927
0.000743839
0.00074775
0.000751662
0.000755573
0.000759485
0.000763396
0.000767308
0.000771219
0.00077513
0.000779042
0.000782953
0.000786864
0.000790776
0.000794687
0.000798598
0.000802509
0.000806421
0.000810332
0.000814243
0.000818154
0.000822065
0.000825976
0.000829887
0.000833798
0.000837709
0.00084162
0.000845531
0.000849442
0.000853353
0.000857264
0.000861175
0.000865086
0.000868996
0.000872907
0.000876818
0.000880729
0.000884639
0.00088855
0.00089246
0.000896371
0.000900282
0.000904192
0.000908103
0.000912013
0.000915924
0.000919834
0.000923744
0.000927655
0.000931565
0.000935475
0.000939386
0.000943296
0.000947206
0.000951116
0.000955027
0.000958937
0.000962847
0.000966757
0.000970667
0.000974577
0.000978487
0.000982397
0.000986307
0.000990217
0.000994127
0.000998037
0.00100195
0.00100586
0.00100977
0.00101368
0.00101759
0.0010215
0.00102541
0.00102932
0.00103322
0.00103713
0.00104104
0.00104495
0.00104886
0.00105277
0.00105668
0.00106059
0.0010645
0.00106841
0.00107232
0.00107623
0.00108014
0.00108405
0.00108796
0.00109187
0.00109578
0.00109969
0.0011036
0.00110751
0.00111141
0.00111532
0.00111923
0.00112314
0.00112705
0.00113096
0.00113487
0.00113878
0.00114269
0.0011466
0.00115051
0.00115442
0.00115832
0.00116223
0.00116614
0.00117005
0.00117396
0.00117787
0.00118178
0.00118569
0.0011896
0.00119351
0.00119741
0.00120132
0.00120523
0.00120914
0.00121305
0.00121696
0.00122087
0.00122478
0.00122869
0.0012326
0.0012365
0.00124041
0.00124432
0.00124823
0.00125214
0.00125605
0.00125996
0.00126387
0.00126777
0.00127168
0.00127559
0.0012795
0.00128341
0.00128732
0.00129123
0.00129514
0.00129904
0.00130295
0.00130686
0.00131077
0.00131468
0.00131859
0.00132249
0.0013264
0.00133031
0.00133422
0.00133813
0.00134204
0.00134595
0.00134985
0.00135376
0.00135767
0.00136158
0.00136549
0.0013694
0.0013733
0.00137721
0.00138112
0.00138503
0.00138894
0.00139285
0.00139675
0.00140066
0.00140457
0.00140848
0.00141239
0.00141629
0.0014202
0.00142411
0.00142802
0.00143193
0.00143583
0.00143974
0.00144365
0.00144756
0.00145147
0.00145537
0.00145928
0.00146319
0.0014671
0.00147101
0.00147491
0.00147882
0.00148273
0.00148664
0.00149055
0.00149445
0.00149836
0.00150227
0.00150618
0.00151009
0.00151399
0.0015179
0.00152181
0.00152572
0.00152962
0.00153353
0.00153744
0.00154135
0.00154526
0.00154916
0.00155307
0.00155698
0.00156089
0.00156479
0.0015687
0.00157261
0.00157652
0.00158043
0.00158433
0.00158824
0.00159215
0.00159606
0.00159996
0.00160387
0.00160778
0.00161169
0.00161559
0.0016195
0.00162341
0.00162732
0.00163122
0.00163513
0.00163904
0.00164295
0.00164685
0.00165076
0.00165467
0.00165858
0.00166248
0.00166639
0.0016703
0.00167421
0.00167811
0.00168202
0.00168593
0.00168984
0.00169374
0.00169765
0.00170156
0.00170547
0.00170937
0.00171328
0.00171719
0.00172109
0.001725
0.00172891
0.00173282
0.00173672
0.00174063
0.00174454
0.00174845
0.00175235
0.00175626
0.00176017
0.00176408
0.00176798
0.00177189
0.0017758
0.0017797
0.00178361
0.00178752
0.00179143
0.00179533
0.00179924
0.00180315
0.00180705
0.00181096
0.00181487
0.00181878
0.00182268
0.00182659
0.0018305
0.0018344
0.00183831
0.00184222
0.00184613
0.00185003
0.00185394
0.00185785
0.00186175
0.00186566
0.00186957
0.00187348
0.00187738
0.00188129
0.0018852
0.0018891
0.00189301
0.00189692
0.00190083
0.00190473
0.00190864
0.00191255
0.00191645
0.00192036
0.00192427
0.00192817
0.00193208
0.00193599
0.0019399
0.0019438
0.00194771
0.00195162
0.00195552
0.00195943
0.00196334
0.00196724
0.00197115
0.00197506
0.00197897
0.00198287
0.00198678
0.00199069
0.00199459
0.0019985
0.00200241
0.00200631
0.00201022
0.00201413
0.00201804
0.00202194
0.00202585
0.00202976
0.00203366
0.00203757
0.00204148
0.00204538
0.00204929
0.0020532
0.0020571
0.00206101
0.00206492
0.00206883
0.00207273
0.00207664
0.00208055
0.00208445
0.00208836
0.00209227
0.00209617
0.00210008
0.00210399
0.00210789
0.0021118
0.00211571
0.00211961
0.00212352
0.00212743
0.00213134
0.00213524
0.00213915
0.00214306
0.00214696
0.00215087
0.00215478
0.00215868
0.00216259
0.0021665
0.0021704
0.00217431
0.00217822
0.00218212
0.00218603
0.00218994
0.00219384
0.00219775
0.00220166
0.00220556
0.00220947
0.00221338
0.00221729
0.00222119
0.0022251
0.00222901
0.00223291
0.00223682
0.00224073
0.00224463
0.00224854
0.00225245
0.00225635
0.00226026
0.00226417
0.00226807
0.00227198
0.00227589
0.00227979
0.0022837
0.00228761
0.00229151
0.00229542
0.00229933
0.00230323
0.00230714
0.00231105
0.00231495
0.00231886
0.00232277
0.00232667
0.00233058
0.00233449
0.00233839
0.0023423
0.00234621
0.00235011
0.00235402
0.00235793
0.00236183
0.00236574
0.00236965
0.00237355
0.00237746
0.00238137
0.00238527
0.00238918
0.00239309
0.00239699
0.0024009
0.00240481
0.00240871
0.00241262
0.00241653
0.00242043
0.00242434
0.00242825
0.00243215
0.00243606
0.00243997
0.00244387
0.00244778
0.00245168
0.00245559
0.0024595
0.0024634
0.00246731
0.00247122
0.00247512
0.00247903
0.00248294
0.00248684
0.00249075
0.00249466
0.00249856
0.00250247
0.00250637
0.00251028
0.00251419
0.00251809
0.002522
0.00252591
0.00252981
0.00253372
0.00253763
0.00254153
0.00254544
0.00254934
0.00255325
0.00255716
0.00256106
0.00256497
0.00256888
0.00257278
0.00257669
0.00258059
0.0025845
0.00258841
0.00259231
0.00259622
0.00260013
0.00260403
0.00260794
0.00261185
0.00261575
0.00261966
0.00262356
0.00262747
0.00263138
0.00263528
0.00263919
0.0026431
0.002647
0.00265091
0.00265481
0.00265872
0.00266263
0.00266653
0.00267044
0.00267435
0.00267825
0.00268216
0.00268607
0.00268997
0.00269388
0.00269778
0.00270169
0.0027056
0.0027095
0.00271341
0.00271732
0.00272122
0.00272513
0.00272903
0.00273294
0.00273685
0.00274075
0.00274466
0.00274857
0.00275247
0.00275638
0.00276029
0.00276419
0.0027681
0.002772
0.00277591
0.00277982
0.00278372
0.00278763
0.00279154
0.00279544
0.00279935
0.00280325
0.00280716
0.00281107
0.00281497
0.00281888
0.00282279
0.00282669
0.0028306
0.0028345
0.00283841
0.00284232
0.00284622
0.00285013
0.00285404
0.00285794
0.00286185
0.00286575
0.00286966
0.00287357
0.00287747
0.00288138
0.00288529
0.00288919
0.0028931
0.00289701
0.00290091
0.00290482
0.00290872
0.00291263
0.00291654
0.00292044
0.00292435
0.00292826
0.00293216
0.00293607
0.00293997
0.00294388
0.00294779
0.00295169
0.0029556
0.00295951
0.00296341
0.00296732
0.00297122
0.00297513
0.00297904
0.00298294
0.00298685
0.00299076
0.00299466
0.00299857
0.00300248
0.00300638
0.00301029
0.00301419
0.0030181
0.00302201
0.00302591
0.00302982
0.00303373
0.00303763
0.00304154
0.00304544
0.00304935
0.00305326
0.00305716
0.00306107
0.00306498
0.00306888
0.00307279
0.00307669
0.0030806
0.00308451
0.00308841
0.00309232
0.00309623
0.00310013
0.00310404
0.00310794
0.00311185
0.00311576
0.00311966
0.00312357
0.00312748
0.00313138
0.00313529
0.0031392
0.0031431
0.00314701
0.00315091
0.00315482
0.00315873
0.00316263
0.00316654
0.00317045
0.00317435
0.00317826
0.00318216
0.00318607
0.00318998
0.00319388
0.00319779
0.0032017
0.0032056
0.00320951
0.00321341
0.00321732
0.00322123
0.00322513
0.00322904
0.00323295
0.00323685
0.00324076
0.00324466
0.00324857
0.00325248
0.00325638
0.00326029
0.0032642
0.0032681
0.00327201
0.00327592
0.00327982
0.00328373
0.00328763
0.00329154
0.00329545
0.00329935
0.00330326
0.00330717
0.00331107
0.00331498
0.00331888
0.00332279
0.0033267
0.0033306
0.00333451
0.00333842
0.00334232
0.00334623
0.00335013
0.00335404
0.00335795
0.00336185
0.00336576
0.00336967
0.00337357
0.00337748
0.00338139
0.00338529
0.0033892
0.0033931
0.00339701
0.00340092
0.00340482
0.00340873
0.00341264
0.00341654
0.00342045
0.00342435
0.00342826
0.00343217
0.00343607
0.00343998
0.00344389
0.00344779
0.0034517
0.0034556
0.00345951
0.00346342
0.00346732
0.00347123
0.00347514
0.00347904
0.00348295
0.00348685
0.00349076
0.00349467
0.00349857
0.00350248
0.00350639
0.00351029
0.0035142
0.00351811
0.00352201
0.00352592
0.00352982
0.00353373
0.00353764
0.00354154
0.00354545
0.00354936
0.00355326
0.00355717
0.00356107
0.00356498
0.00356889
0.00357279
0.0035767
0.00358061
0.00358451
0.00358842
0.00359232
0.00359623
0.00360014
0.00360404
0.00360795
0.00361186
0.00361576
0.00361967
0.00362358
0.00362748
0.00363139
0.00363529
0.0036392
0.00364311
0.00364701
0.00365092
0.00365483
0.00365873
0.00366264
0.00366654
0.00367045
0.00367436
0.00367826
0.00368217
0.00368608
0.00368998
0.00369389
0.00369779
0.0037017
0.00370561
0.00370951
0.00371342
0.00371733
0.00372123
0.00372514
0.00372904
0.00373295
0.00373686
0.00374076
0.00374467
0.00374858
0.00375248
0.00375639
0.0037603
0.0037642
0.00376811
0.00377201
0.00377592
0.00377983
0.00378373
0.00378764
0.00379155
0.00379545
0.00379936
0.00380326
0.00380717
0.00381108
0.00381498
0.00381889
0.0038228
0.0038267
0.00383061
0.00383451
0.00383842
0.00384233
0.00384623
0.00385014
0.00385405
0.00385795
0.00386186
0.00386577
0.00386967
0.00387358
0.00387748
0.00388139
0.0038853
0.0038892
0.00389311
0.00389702
0.00390092
0.00390483
0.00390873
0.00391264
0.00391655
0.00392045
0.00392436
0.00392827
0.00393217
0.00393608
0.00393998
0.00394389
0.0039478
0.0039517
0.00395561
0.00395952
0.00396342
0.00396733
0.00397124
0.00397514
0.00397905
0.00398295
0.00398686
0.00399077
0.00399467
0.00399858
0.00400249
0.00400639
0.0040103
0.0040142
0.00401811
0.00402202
0.00402592
0.00402983
0.00403374
0.00403764
0.00404155
0.00404545
0.00404936
0.00405327
0.00405717
0.00406108
0.00406499
0.00406889
0.0040728
0.0040767
0.00408061
0.00408452
0.00408842
0.00409233
0.00409624
0.00410014
0.00410405
0.00410796
0.00411186
0.00411577
0.00411967
0.00412358
0.00412749
0.00413139
0.0041353
0.00413921
0.00414311
0.00414702
0.00415092
0.00415483
0.00415874
0.00416264
0.00416655
0.00417046
0.00417436
0.00417827
0.00418217
0.00418608
0.00418999
0.00419389
0.0041978
0.00420171
0.00420561
0.00420952
0.00421342
0.00421733
0.00422124
0.00422514
0.00422905
0.00423296
0.00423686
0.00424077
0.00424468
0.00424858
0.00425249
0.00425639
0.0042603
0.00426421
0.00426811
0.00427202
0.00427593
0.00427983
0.00428374
0.00428764
0.00429155
0.00429546
0.00429936
0.00430327
0.00430718
0.00431108
0.00431499
0.00431889
0.0043228
0.00432671
0.00433061
0.00433452
0.00433843
0.00434233
0.00434624
0.00435014
0.00435405
0.00435796
0.00436186
0.00436577
0.00436968
0.00437358
0.00437749
0.0043814
0.0043853
0.00438921
0.00439311
0.00439702
0.00440093
0.00440483
0.00440874
0.00441265
0.00441655
0.00442046
0.00442436
0.00442827
0.00443218
0.00443608
0.00443999
0.0044439
0.0044478
0.00445171
0.00445561
0.00445952
0.00446343
0.00446733
0.00447124
0.00447515
0.00447905
0.00448296
0.00448687
0.00449077
0.00449468
0.00449858
0.00450249
0.0045064
0.0045103
0.00451421
0.00451812
0.00452202
0.00452593
0.00452983
0.00453374
0.00453765
0.00454155
0.00454546
0.00454937
0.00455327
0.00455718
0.00456108
0.00456499
0.0045689
0.0045728
0.00457671
0.00458062
0.00458452
0.00458843
0.00459233
0.00459624
0.00460015
0.00460405
0.00460796
0.00461187
0.00461577
0.00461968
0.00462359
0.00462749
0.0046314
0.0046353
0.00463921
0.00464312
0.00464702
0.00465093
0.00465484
0.00465874
0.00466265
0.00466655
0.00467046
0.00467437
0.00467827
0.00468218
0.00468609
0.00468999
0.0046939
0.0046978
0.00470171
0.00470562
0.00470952
0.00471343
0.00471734
0.00472124
0.00472515
0.00472905
0.00473296
0.00473687
0.00474077
0.00474468
0.00474859
0.00475249
0.0047564
0.00476031
0.00476421
0.00476812
0.00477202
0.00477593
0.00477984
0.00478374
0.00478765
0.00479156
0.00479546
0.00479937
0.00480327
0.00480718
0.00481109
0.00481499
0.0048189
0.00482281
0.00482671
0.00483062
0.00483452
0.00483843
0.00484234
0.00484624
0.00485015
0.00485406
0.00485796
0.00486187
0.00486578
0.00486968
0.00487359
0.00487749
0.0048814
0.00488531
0.00488921
0.00489312
0.00489703
0.00490093
0.00490484
0.00490874
0.00491265
0.00491656
0.00492046
0.00492437
0.00492828
0.00493218
0.00493609
0.00493999
0.0049439
0.00494781
0.00495171
0.00495562
0.00495953
0.00496343
0.00496734
0.00497124
0.00497515
0.00497906
0.00498296
0.00498687
0.00499078
0.00499468
0.00499859
0.0050025
0.0050064
0.00501031
0.00501421
0.00501812
0.00502203
0.00502593
0.00502984
0.00503375
0.00503765
0.00504156
0.00504546
0.00504937
0.00505328
0.00505718
0.00506109
0.005065
0.0050689
0.00507281
0.00507671
0.00508062
0.00508453
0.00508843
0.00509234
0.00509625
0.00510015
0.00510406
0.00510797
0.00511187
0.00511578
0.00511968
0.00512359
0.0051275
0.0051314
0.00513531
0.00513922
0.00514312
0.00514703
0.00515093
0.00515484
0.00515875
0.00516265
0.00516656
0.00517047
0.00517437
0.00517828
0.00518218
0.00518609
0.00519
0.0051939
0.00519781
0.00520172
0.00520562
0.00520953
0.00521343
0.00521734
0.00522125
0.00522515
0.00522906
0.00523297
0.00523687
0.00524078
0.00524469
0.00524859
0.0052525
0.0052564
0.00526031
0.00526422
0.00526812
0.00527203
0.00527594
0.00527984
0.00528375
0.00528765
0.00529156
0.00529547
0.00529937
0.00530328
0.00530719
0.00531109
0.005315
0.0053189
0.00532281
0.00532672
0.00533062
0.00533453
0.00533844
0.00534234
0.00534625
0.00535016
0.00535406
0.00535797
0.00536187
0.00536578
0.00536969
0.00537359
0.0053775
0.00538141
0.00538531
0.00538922
0.00539312
0.00539703
0.00540094
0.00540484
0.00540875
0.00541266
0.00541656
0.00542047
0.00542437
0.00542828
0.00543219
0.00543609
0.00544
0.00544391
0.00544781
0.00545172
0.00545562
0.00545953
0.00546344
0.00546734
0.00547125
0.00547516
0.00547906
0.00548297
0.00548688
0.00549078
0.00549469
0.00549859
0.0055025
0.00550641
0.00551031
0.00551422
0.00551813
0.00552203
0.00552594
0.00552984
0.00553375
0.00553766
0.00554156
0.00554547
0.00554938
0.00555328
0.00555719
0.00556109
0.005565
0.00556891
0.00557281
0.00557672
0.00558063
0.00558453
0.00558844
0.00559235
0.00559625
0.00560016
0.00560406
0.00560797
0.00561188
0.00561578
0.00561969
0.0056236
0.0056275
0.00563141
0.00563531
0.00563922
0.00564313
0.00564703
0.00565094
0.00565485
0.00565875
0.00566266
0.00566656
0.00567047
0.00567438
0.00567828
0.00568219
0.0056861
0.00569
0.00569391
0.00569781
0.00570172
0.00570563
0.00570953
0.00571344
0.00571735
0.00572125
0.00572516
0.00572907
0.00573297
0.00573688
0.00574078
0.00574469
0.0057486
0.0057525
0.00575641
0.00576032
0.00576422
0.00576813
0.00577203
0.00577594
0.00577985
0.00578375
0.00578766
0.00579157
0.00579547
0.00579938
0.00580328
0.00580719
0.0058111
0.005815
0.00581891
0.00582282
0.00582672
0.00583063
0.00583453
0.00583844
0.00584235
0.00584625
0.00585016
0.00585407
0.00585797
0.00586188
0.00586579
0.00586969
0.0058736
0.0058775
0.00588141
0.00588532
0.00588922
0.00589313
0.00589704
0.00590094
0.00590485
0.00590875
0.00591266
0.00591657
0.00592047
0.00592438
0.00592829
0.00593219
0.0059361
0.00594
0.00594391
0.00594782
0.00595172
0.00595563
0.00595954
0.00596344
0.00596735
0.00597125
0.00597516
0.00597907
0.00598297
0.00598688
0.00599079
0.00599469
0.0059986
0.00600251
0.00600641
0.00601032
0.00601422
0.00601813
0.00602204
0.00602594
0.00602985
0.00603376
0.00603766
0.00604157
0.00604547
0.00604938
0.00605329
0.00605719
0.0060611
0.00606501
0.00606891
0.00607282
0.00607672
0.00608063
0.00608454
0.00608844
0.00609235
0.00609626
0.00610016
0.00610407
0.00610798
0.00611188
0.00611579
0.00611969
0.0061236
0.00612751
0.00613141
0.00613532
0.00613923
0.00614313
0.00614704
0.00615094
0.00615485
0.00615876
0.00616266
0.00616657
0.00617048
0.00617438
0.00617829
0.00618219
0.0061861
0.00619001
0.00619391
0.00619782
0.00620173
0.00620563
0.00620954
0.00621344
0.00621735
0.00622126
0.00622516
0.00622907
0.00623298
0.00623688
0.00624079
0.0062447
0.0062486
0.00625251
0.00625641
0.00626032
0.00626423
0.00626813
0.00627204
0.00627595
0.00627985
0.00628376
0.00628766
0.00629157
0.00629548
0.00629938
0.00630329
0.0063072
0.0063111
0.00631501
0.00631891
0.00632282
0.00632673
0.00633063
0.00633454
0.00633845
0.00634235
0.00634626
0.00635017
0.00635407
0.00635798
0.00636188
0.00636579
0.0063697
0.0063736
0.00637751
0.00638142
0.00638532
0.00638923
0.00639313
0.00639704
0.00640095
0.00640485
0.00640876
0.00641267
0.00641657
0.00642048
0.00642438
0.00642829
0.0064322
0.0064361
0.00644001
0.00644392
0.00644782
0.00645173
0.00645563
0.00645954
0.00646345
0.00646735
0.00647126
0.00647517
0.00647907
0.00648298
0.00648689
0.00649079
0.0064947
0.0064986
0.00650251
0.00650642
0.00651032
0.00651423
0.00651814
0.00652204
0.00652595
0.00652985
0.00653376
0.00653767
0.00654157
0.00654548
0.00654939
0.00655329
0.0065572
0.0065611
0.00656501
0.00656892
0.00657282
0.00657673
0.00658064
0.00658454
0.00658845
0.00659235
0.00659626
0.00660017
0.00660407
0.00660798
0.00661189
0.00661579
0.0066197
0.00662361
0.00662751
0.00663142
0.00663532
0.00663923
0.00664314
0.00664704
0.00665095
0.00665486
0.00665876
0.00666267
0.00666657
0.00667048
0.00667439
0.00667829
0.0066822
0.00668611
0.00669001
0.00669392
0.00669782
0.00670173
0.00670564
0.00670954
0.00671345
0.00671736
0.00672126
0.00672517
0.00672907
0.00673298
0.00673689
0.00674079
0.0067447
0.00674861
0.00675251
0.00675642
0.00676033
0.00676423
0.00676814
0.00677204
0.00677595
0.00677986
0.00678376
0.00678767
0.00679158
0.00679548
0.00679939
0.00680329
0.0068072
0.00681111
0.00681501
0.00681892
0.00682283
0.00682673
0.00683064
0.00683454
0.00683845
0.00684236
0.00684626
0.00685017
0.00685408
0.00685798
0.00686189
0.0068658
0.0068697
0.00687361
0.00687751
0.00688142
0.00688533
0.00688923
0.00689314
0.00689705
0.00690095
0.00690486
0.00690876
0.00691267
0.00691658
0.00692048
0.00692439
0.0069283
0.0069322
0.00693611
0.00694001
0.00694392
0.00694783
0.00695173
0.00695564
0.00695955
0.00696345
0.00696736
0.00697126
0.00697517
0.00697908
0.00698298
0.00698689
0.0069908
0.0069947
0.00699861
0.00700252
0.00700642
0.00701033
0.00701423
0.00701814
0.00702205
0.00702595
0.00702986
0.00703377
0.00703767
0.00704158
0.00704548
0.00704939
0.0070533
0.0070572
0.00706111
0.00706502
0.00706892
0.00707283
0.00707673
0.00708064
0.00708455
0.00708845
0.00709236
0.00709627
0.00710017
0.00710408
0.00710799
0.00711189
0.0071158
0.0071197
0.00712361
0.00712752
0.00713142
0.00713533
0.00713924
0.00714314
0.00714705
0.00715095
0.00715486
0.00715877
0.00716267
0.00716658
0.00717049
0.00717439
0.0071783
0.0071822
0.00718611
0.00719002
0.00719392
0.00719783
0.00720174
0.00720564
0.00720955
0.00721345
0.00721736
0.00722127
0.00722517
0.00722908
0.00723299
0.00723689
0.0072408
0.00724471
0.00724861
0.00725252
0.00725642
0.00726033
0.00726424
0.00726814
0.00727205
0.00727596
0.00727986
0.00728377
0.00728767
0.00729158
0.00729549
0.00729939
0.0073033
0.00730721
0.00731111
0.00731502
0.00731892
0.00732283
0.00732674
0.00733064
0.00733455
0.00733846
0.00734236
0.00734627
0.00735017
0.00735408
0.00735799
0.00736189
0.0073658
0.00736971
0.00737361
0.00737752
0.00738143
0.00738533
0.00738924
0.00739314
0.00739705
0.00740096
0.00740486
0.00740877
0.00741268
0.00741658
0.00742049
0.00742439
0.0074283
0.00743221
0.00743611
0.00744002
0.00744393
0.00744783
0.00745174
0.00745564
0.00745955
0.00746346
0.00746736
0.00747127
0.00747518
0.00747908
0.00748299
0.0074869
0.0074908
0.00749471
0.00749861
0.00750252
0.00750643
0.00751033
0.00751424
0.00751815
0.00752205
0.00752596
0.00752986
0.00753377
0.00753768
0.00754158
0.00754549
0.0075494
0.0075533
0.00755721
0.00756111
0.00756502
0.00756893
0.00757283
0.00757674
0.00758065
0.00758455
0.00758846
0.00759236
0.00759627
0.00760018
0.00760408
0.00760799
0.0076119
0.0076158
0.00761971
