-1.9375	0.4474319
-1.8125	0.4481652
-1.6875	0.4491719
-1.5625	0.4506619
-1.4375	0.4525475
-1.3125	0.4549431
-1.1875	0.457815
-1.0625	0.4612228
-0.9375	0.4651886
-0.8125	0.4697102
-0.6875	0.4747892
-0.5625	0.4800653
-0.4375	0.4843725
-0.3125	0.4796095
-0.1875	0.4316464
-0.0625	0.1342161
0.0625	5.987296
0.1875	1.595276
0.3125	1.660718
0.4375	1.671349
0.5625	1.672986
0.6875	1.675437
0.8125	1.688552
0.9375	1.749767
1.0625	-2.634046
1.1875	-2.31202
1.3125	-2.02441
1.4375	-1.773793
1.5625	-1.571503
1.6875	-1.429919
1.8125	-1.344688
1.9375	-1.305155
