-0.9960938	2.143787e-10
-0.9882812	1.033079e-09
-0.9804688	1.698487e-09
-0.9726562	2.362848e-09
-0.9648438	2.876771e-09
-0.9570312	3.26464e-09
-0.9492188	3.362638e-09
-0.9414062	3.254704e-09
-0.9335938	3.2246e-09
-0.9257812	6.28655e-09
-0.9179688	2.92247e-08
-0.9101562	1.718937e-07
-0.9023438	9.73207e-07
-0.8945312	-6.103297e-07
-0.8867188	1.44976e-07
-0.8789062	2.759187e-07
-0.8710938	2.994841e-07
-0.8632812	3.047991e-07
-0.8554688	3.065461e-07
-0.8476562	3.076973e-07
-0.8398438	3.080639e-07
-0.8320312	3.083116e-07
-0.8242188	3.078087e-07
-0.8164062	3.073805e-07
-0.8085938	3.063376e-07
-0.8007812	3.056766e-07
-0.7929688	3.047164e-07
-0.7851562	3.041429e-07
-0.7773438	3.011125e-07
-0.7695312	2.825472e-07
-0.7617188	1.766474e-07
-0.7539062	-4.333039e-07
-0.7460938	2.64364e-06
-0.7382812	2.153218e-06
-0.7304688	2.070725e-06
-0.7226562	2.044025e-06
-0.7148438	2.031386e-06
-0.7070312	2.021953e-06
-0.6992188	2.016332e-06
-0.6914062	2.010689e-06
-0.6835938	2.007627e-06
-0.6757812	2.003298e-06
-0.6679688	2.001196e-06
-0.6601562	1.997068e-06
-0.6523438	1.995194e-06
-0.6445312	1.990963e-06
-0.6367188	1.989243e-06
-0.6289062	1.984831e-06
-0.6210938	1.983257e-06
-0.6132812	1.978767e-06
-0.6054688	1.977429e-06
-0.5976562	1.972834e-06
-0.5898438	1.971688e-06
-0.5820312	1.967063e-06
-0.5742188	1.966173e-06
-0.5664062	1.96145e-06
-0.5585938	1.960751e-06
-0.5507812	1.956025e-06
-0.5429688	1.955586e-06
-0.5351562	1.950764e-06
-0.5273438	1.950485e-06
-0.5195312	1.945657e-06
-0.5117188	1.94561e-06
-0.5039062	1.940683e-06
-0.4960938	1.940775e-06
-0.4882812	1.935871e-06
-0.4804688	1.936191e-06
-0.4726562	1.931206e-06
-0.4648438	1.931628e-06
-0.4570312	1.926676e-06
-0.4492188	1.927293e-06
-0.4414062	1.922269e-06
-0.4335938	1.922971e-06
-0.4257812	1.918021e-06
-0.4179688	1.918914e-06
-0.4101562	1.913923e-06
-0.4023438	1.914867e-06
-0.3945312	1.909963e-06
-0.3867188	1.911063e-06
-0.3789062	1.906137e-06
-0.3710938	1.907271e-06
-0.3632812	1.902478e-06
-0.3554688	1.903763e-06
-0.3476562	1.898984e-06
-0.3398438	1.900271e-06
-0.3320312	1.895636e-06
-0.3242188	1.897033e-06
-0.3164062	1.892435e-06
-0.3085938	1.893819e-06
-0.3007812	1.889408e-06
-0.2929688	1.890893e-06
-0.2851562	1.886557e-06
-0.2773438	1.887997e-06
-0.2695312	1.883858e-06
-0.2617188	1.885358e-06
-0.2539062	1.881317e-06
-0.2460938	1.882759e-06
-0.2382812	1.878954e-06
-0.2304688	1.880443e-06
-0.2226562	1.876773e-06
-0.2148438	1.878176e-06
-0.2070312	1.874746e-06
-0.1992188	1.876158e-06
-0.1914062	1.872885e-06
-0.1835938	1.874201e-06
-0.1757812	1.871198e-06
-0.1679688	1.872508e-06
-0.1601562	1.869694e-06
-0.1523438	1.870887e-06
-0.1445312	1.868344e-06
-0.1367188	1.869497e-06
-0.1289062	1.867164e-06
-0.1210938	1.868193e-06
-0.1132812	1.866151e-06
-0.1054688	1.867126e-06
-0.09765625	1.865318e-06
-0.08984375	1.866159e-06
-0.08203125	1.864638e-06
-0.07421875	1.865397e-06
-0.06640625	1.864128e-06
-0.05859375	1.864752e-06
-0.05078125	1.863777e-06
-0.04296875	1.864307e-06
-0.03515625	1.8636e-06
-0.02734375	1.863993e-06
-0.01953125	1.863573e-06
-0.01171875	1.863856e-06
-0.00390625	1.863715e-06
0.00390625	1.863867e-06
0.01171875	1.864008e-06
0.01953125	1.864039e-06
0.02734375	1.864468e-06
0.03515625	1.864376e-06
0.04296875	1.865075e-06
0.05078125	1.864858e-06
0.05859375	1.86585e-06
0.06640625	1.865521e-06
0.07421875	1.866767e-06
0.08203125	1.866306e-06
0.08984375	1.867841e-06
0.09765625	1.867287e-06
0.1054688	1.869063e-06
0.1132812	1.868383e-06
0.1210938	1.870449e-06
0.1289062	1.869691e-06
0.1367188	1.87197e-06
0.1445312	1.871084e-06
0.1523438	1.873639e-06
0.1601562	1.872701e-06
0.1679688	1.875454e-06
0.1757812	1.874406e-06
0.1835938	1.877428e-06
0.1914062	1.876347e-06
0.1992188	1.879531e-06
0.2070312	1.878341e-06
0.2148438	1.881773e-06
0.2226562	1.880581e-06
0.2304688	1.884159e-06
0.2382812	1.882885e-06
0.2460938	1.886697e-06
0.2539062	1.885442e-06
0.2617188	1.889359e-06
0.2695312	1.888026e-06
0.2773438	1.892147e-06
0.2851562	1.890866e-06
0.2929688	1.895077e-06
0.3007812	1.893752e-06
0.3085938	1.898149e-06
0.3164062	1.896896e-06
0.3242188	1.901339e-06
0.3320312	1.900048e-06
0.3398438	1.904642e-06
0.3476562	1.903456e-06
0.3554688	1.908082e-06
0.3632812	1.906896e-06
0.3710938	1.911652e-06
0.3789062	1.91059e-06
0.3867188	1.915333e-06
0.3945312	1.914277e-06
0.4023438	1.919113e-06
0.4101562	1.918212e-06
0.4179688	1.923025e-06
0.4257812	1.922169e-06
0.4335938	1.927054e-06
0.4414062	1.926368e-06
0.4492188	1.931191e-06
0.4570312	1.93056e-06
0.4648438	1.935419e-06
0.4726562	1.934985e-06
0.4804688	1.939779e-06
0.4882812	1.93944e-06
0.4960938	1.944252e-06
0.5039062	1.944125e-06
0.5117188	1.948846e-06
0.5195312	1.948827e-06
0.5273438	1.953543e-06
0.5351562	1.953762e-06
0.5429688	1.958396e-06
0.5507812	1.958767e-06
0.5585938	1.963391e-06
0.5664062	1.964018e-06
0.5742188	1.968557e-06
0.5820312	1.969359e-06
0.5898438	1.97388e-06
0.5976562	1.974962e-06
0.6054688	1.979419e-06
0.6132812	1.980709e-06
0.6210938	1.985147e-06
0.6289062	1.986713e-06
0.6367188	1.991075e-06
0.6445312	1.992816e-06
0.6523438	1.997097e-06
0.6601562	1.999008e-06
0.6679688	2.003077e-06
0.6757812	2.00493e-06
0.6835938	2.008509e-06
0.6914062	2.0099e-06
0.6992188	2.012241e-06
0.7070312	2.011842e-06
0.7148438	2.010504e-06
0.7226562	2.002219e-06
0.7304688	1.973112e-06
0.7382812	1.845903e-06
0.7460938	1.111904e-06
0.7539062	9.666044e-07
0.7617188	3.88638e-07
0.7695312	2.980439e-07
0.7773438	2.874672e-07
0.7851562	2.903736e-07
0.7929688	2.937637e-07
0.8007812	2.970298e-07
0.8085938	2.991844e-07
0.8164062	3.011447e-07
0.8242188	3.02231e-07
0.8320312	3.033067e-07
0.8398438	3.037889e-07
0.8476562	3.044032e-07
0.8554688	3.046524e-07
0.8632812	3.054626e-07
0.8710938	3.087722e-07
0.8789062	3.303999e-07
0.8867188	4.585417e-07
0.8945312	1.210184e-06
0.9023438	-9.475283e-07
0.9101562	-1.493743e-07
0.9179688	-9.07885e-09
0.9257812	1.171162e-08
0.9335938	1.252014e-08
0.9414062	1.053209e-08
0.9492188	8.412204e-09
0.9570312	6.618259e-09
0.9648438	5.065442e-09
0.9726562	3.74024e-09
0.9804688	2.523393e-09
0.9882812	1.480801e-09
0.9960938	3.605014e-10
